# Trouble in Terrorist Town weapon/ammo placement overrides
# For map: de_wanda
# Exported by: Razor  武士
setting:	replacespawns 1
ttt_playerspawn	1535.241333 1178.733521 -499.034302	-1.282 0.609 -1.862
ttt_playerspawn	1479.158325 1359.027100 -504.829041	-0.840 -2.266 -1.591
ttt_playerspawn	1987.126831 2204.990723 -504.260132	-0.311 -0.536 0.733
ttt_playerspawn	1645.422729 1910.567993 -504.623810	-1.448 -2.758 1.218
ttt_playerspawn	-352.621155 -719.011841 -375.409210	-0.049 0.647 -0.057
ttt_playerspawn	-274.468445 -702.616638 -376.255768	-0.175 0.351 0.018
ttt_playerspawn	-310.809998 -603.322876 -375.571442	-0.180 1.883 0.018
ttt_playerspawn	-363.562256 -492.292816 -372.296539	-0.094 0.317 0.013
ttt_playerspawn	-404.097717 -636.255249 -375.287231	-0.043 -0.353 -0.045
ttt_playerspawn	-455.608337 -523.228149 -372.682434	-0.046 -0.903 -0.052
ttt_playerspawn	-542.151062 -611.742920 -360.049072	-0.036 -0.045 0.036
ttt_playerspawn	-576.862488 -500.963806 -357.663422	0.053 0.004 -0.062
ttt_playerspawn	-871.508728 -515.778381 -353.148254	-0.079 -0.167 0.079
ttt_playerspawn	-764.550354 -482.063141 -353.165314	-0.250 1.346 0.025
ttt_playerspawn	-881.408936 -715.610046 -359.256317	-0.073 0.616 0.073
ttt_playerspawn	-797.105835 -703.028503 -360.455841	-0.051 4.317 0.049
ttt_playerspawn	-776.600220 87.041092 -356.643646	-0.041 -0.000 0.041
ttt_playerspawn	-1045.784424 227.989807 -231.000122	-0.041 -0.264 0.062
ttt_playerspawn	-595.315674 292.075684 -357.040680	-0.059 -0.249 0.059
ttt_playerspawn	-191.922806 425.588379 -358.550690	0.044 -0.061 0.252
ttt_playerspawn	-175.513412 237.748718 -357.637848	0.053 -0.371 0.054
ttt_playerspawn	55.381046 516.545105 -357.074188	-0.079 -1.366 0.079
ttt_playerspawn	780.873962 -942.847046 584.034729	-0.046 -1.827 0.046
ttt_playerspawn	5458.733398 -509.218658 -505.968567	-0.075 0.377 0.076
ttt_playerspawn	5300.297363 -526.298340 -500.750916	-0.067 -1.565 0.068
ttt_playerspawn	5155.464844 -540.800842 -501.597748	-0.080 -0.518 0.080
ttt_playerspawn	5288.776855 -389.494781 -505.086823	-0.059 -0.177 0.061
ttt_playerspawn	5067.976563 448.721222 -522.314758	0.057 -2.736 -0.057
ttt_playerspawn	5241.602051 382.830841 -519.662354	-0.199 0.953 -0.060
ttt_playerspawn	5402.220703 365.972534 -519.317993	-0.056 -1.301 0.057
ttt_playerspawn	5626.191895 346.149048 -512.922607	-0.145 -0.649 -0.046
ttt_playerspawn	5830.813965 351.092957 -514.241394	0.002 -6.133 0.002
ttt_playerspawn	6109.378906 341.802368 -518.587463	-0.080 0.240 0.078
ttt_playerspawn	6601.201660 330.167358 -518.465027	0.005 2.268 0.077
ttt_playerspawn	6498.020996 330.599579 -518.659058	-0.039 1.952 -0.047
ttt_playerspawn	6386.065918 341.717957 -517.139404	-0.005 1.676 -0.049
ttt_playerspawn	6278.800781 348.883545 -523.344482	0.121 0.675 -0.076
ttt_playerspawn	5533.287109 525.399841 -499.981659	-0.068 0.286 0.068
ttt_playerspawn	5355.853516 545.149170 -505.308044	-0.076 0.047 0.077
ttt_playerspawn	5107.450195 33.679375 -503.985260	0.036 1.300 -0.037
ttt_playerspawn	4920.832031 43.003109 -497.881165	-0.061 -0.572 0.061
ttt_playerspawn	4809.633301 -241.464294 -503.461609	-0.048 -0.371 0.048
ttt_playerspawn	4798.707031 -107.628387 -501.813293	-0.024 4.054 0.031
ttt_playerspawn	2266.229492 -1145.833496 12.175600	-0.063 0.358 0.063
ttt_playerspawn	2102.821045 -1109.204590 4.567633	-0.082 -0.231 0.083
item_box_buckshot_ttt	4393.102539 -1128.240234 -191.619873	-0.114 -0.047 0.041
item_box_buckshot_ttt	4393.220703 -1116.989258 -191.569260	-0.070 -0.050 0.026
item_box_buckshot_ttt	4393.097168 -1100.738647 -191.641434	-0.133 -0.045 0.048
item_box_buckshot_ttt	4404.799805 -1125.439087 -191.564392	-0.594 -0.006 0.531
item_box_buckshot_ttt	4418.646973 -1126.074219 -191.543198	-0.559 -0.026 1.113
item_box_buckshot_ttt	4422.329102 -1107.663940 -191.550293	1.173 0.588 0.130
item_ammo_357_ttt	695.416321 -196.085281 384.403870	1.245 -0.046 -0.933
item_ammo_357_ttt	713.173218 -202.547165 384.447174	0.744 -0.020 -0.324
item_ammo_357_ttt	384.511414 1008.852844 -143.599197	1.281 -0.048 -0.977
item_ammo_357_ttt	408.987396 1010.449097 -143.584259	1.109 -0.033 -0.767
item_ammo_357_ttt	853.514954 988.087402 -143.575211	1.004 -0.028 -0.640
item_ammo_357_ttt	880.851807 967.314270 -143.585922	1.128 -0.035 -0.791
item_ammo_357_ttt	1181.550903 2014.554077 -223.590744	0.531 -0.014 -0.006
item_ammo_357_ttt	1163.543091 2013.090820 -223.598083	1.269 -0.047 -0.962
item_ammo_357_ttt	1189.411377 2100.311279 -223.589371	1.169 -0.037 -0.839
item_ammo_357_ttt	1161.075684 2096.016357 -223.587601	1.148 -0.036 -0.814
item_ammo_revolver_ttt	4429.390625 -1139.897217 -191.598145	1.269 -0.047 -0.962
item_ammo_revolver_ttt	4433.077637 -1124.562256 -191.561462	-0.037 0.979 0.069
item_ammo_revolver_ttt	4440.106934 -1112.434692 -191.552841	0.022 -0.177 0.001
item_ammo_revolver_ttt	4440.794434 -1096.866211 -191.553146	0.748 -0.020 -0.329
item_ammo_revolver_ttt	4418.551758 -1141.151001 -191.559998	0.828 -0.022 -0.425
item_ammo_revolver_ttt	4405.104980 -1140.326660 -191.579544	1.054 -0.030 -0.700
item_ammo_revolver_ttt	4395.053223 -1140.025757 -191.589432	1.168 -0.037 -0.840
weapon_ttt_g3sg1	867.806030 1015.175720 -142.977448	-0.953 22.230 86.791
weapon_ttt_g3sg1	1171.785767 2114.060303 -222.664551	-0.869 2.845 -87.693
weapon_ttt_g3sg1	1174.042725 1987.266846 -222.648560	-0.909 2.786 -87.671
ttt_random_weapon	-1194.927734 -765.758606 -382.784515	1.700 5.382 -92.997
ttt_random_weapon	-1018.786682 -627.756165 -382.255493	-2.121 -21.194 86.007
ttt_random_weapon	-514.530701 -311.531372 -366.751892	1.332 3.983 -93.841
ttt_random_weapon	-433.111694 -313.285858 -366.751892	1.332 3.963 -93.841
ttt_random_weapon	-361.115417 -312.057709 -366.751892	1.332 4.003 -93.841
ttt_random_weapon	-462.866211 -815.145691 -366.751892	1.332 3.983 -93.841
ttt_random_weapon	-504.318237 -819.525330 -366.751892	1.332 4.019 -93.841
ttt_random_weapon	-96.684402 -785.312683 -366.751892	1.332 4.213 -93.841
ttt_random_weapon	-623.592896 508.316650 -319.016571	1.323 -11.244 -93.915
ttt_random_weapon	-612.004822 442.672394 -319.721497	1.153 -23.842 -94.621
ttt_random_weapon	-1047.400269 6.207936 -238.751953	1.332 3.984 -93.841
ttt_random_weapon	-984.582764 -9.082779 -302.751953	1.332 4.188 -93.841
ttt_random_weapon	-936.502319 0.031035 -302.751953	1.332 4.197 -93.841
ttt_random_weapon	-348.712280 290.428955 -366.751892	1.332 3.963 -93.841
ttt_random_weapon	-424.294312 289.729706 -366.774384	1.586 3.839 -93.259
ttt_random_weapon	-495.517792 292.267059 -366.751892	1.332 3.989 -93.841
ttt_random_weapon	-107.424225 1140.783936 -366.751892	1.332 4.221 -93.841
ttt_random_weapon	208.133133 61.690418 -238.751953	1.332 4.004 -93.841
ttt_random_weapon	513.669312 63.104397 -238.779266	1.641 3.665 -93.133
ttt_random_weapon	320.516266 -733.431274 -126.751961	1.332 3.997 -93.841
ttt_random_weapon	1162.844238 -432.071960 -190.751968	1.332 4.003 -93.841
ttt_random_weapon	1151.994629 -302.162018 -190.751968	1.332 3.991 -93.841
ttt_random_weapon	1151.944824 -323.382660 -190.751968	1.332 4.202 -93.841
ttt_random_weapon	918.221497 -426.992737 -190.751968	1.332 4.188 -93.841
ttt_random_weapon	1090.261841 126.361389 -190.751968	1.332 3.977 -93.841
ttt_random_weapon	1406.713745 71.990959 -190.751953	1.332 4.019 -93.841
ttt_random_weapon	1895.015869 196.975800 -190.751968	1.332 3.977 -93.841
ttt_random_weapon	1786.307495 200.224792 -190.751968	1.332 3.997 -93.841
ttt_random_weapon	1713.732178 167.913132 -190.751953	1.332 3.959 -93.841
ttt_random_weapon	2054.846436 -230.847137 -190.751968	1.332 4.015 -93.841
ttt_random_weapon	2006.359741 -548.618591 1.248029	1.332 4.206 -93.841
ttt_random_weapon	2007.163330 -599.482666 1.248030	1.332 4.193 -93.841
ttt_random_weapon	1440.874756 -529.293640 1.248039	1.332 4.018 -93.841
ttt_random_weapon	1442.542480 -601.622681 1.248030	1.332 3.990 -93.841
ttt_random_weapon	1441.415527 -777.106628 1.248029	1.332 4.005 -93.841
ttt_random_weapon	1440.285034 -832.465149 1.248029	1.332 3.991 -93.841
ttt_random_weapon	2049.269043 -1506.858398 1.248029	1.332 3.995 -93.841
ttt_random_weapon	1433.178467 -1510.975586 1.248030	1.332 3.988 -93.841
ttt_random_weapon	1427.678711 -1408.834961 1.248030	1.332 3.988 -93.841
ttt_random_weapon	1443.732422 -1269.828369 1.248029	1.332 4.170 -93.841
ttt_random_weapon	2502.135010 -1507.479370 1.248030	1.332 4.010 -93.841
ttt_random_weapon	2678.981201 -1512.432617 1.248029	1.332 3.940 -93.841
ttt_random_weapon	3400.822266 -1424.305786 1.248031	1.332 4.010 -93.841
ttt_random_weapon	3401.327881 -1477.404663 1.248029	1.332 3.988 -93.841
ttt_random_weapon	3389.634277 -1270.374146 1.248034	1.332 4.017 -93.841
ttt_random_weapon	3351.408936 -782.065063 312.061493	1.573 5.890 -93.288
ttt_random_weapon	3358.311768 -775.292969 205.255798	1.456 5.873 -93.557
ttt_random_weapon	3105.255127 -1685.998413 513.248047	1.332 4.221 -93.841
ttt_random_weapon	3113.548096 -1753.941650 513.248047	1.332 3.990 -93.841
ttt_random_weapon	3112.161865 -1835.876343 513.248047	1.332 3.996 -93.841
ttt_random_weapon	3301.726318 -1897.632935 513.248047	1.332 4.224 -93.840
ttt_random_weapon	3299.645264 -1841.724243 513.248047	1.332 4.003 -93.841
ttt_random_weapon	1276.526611 -766.261902 625.248047	1.332 3.991 -93.841
ttt_random_weapon	1336.574829 -761.660645 625.248047	1.332 4.011 -93.841
ttt_random_weapon	1306.604614 -886.576416 505.248047	1.332 3.989 -93.841
ttt_random_weapon	1358.741699 -903.130310 505.221222	1.636 4.266 -93.146
ttt_random_weapon	1327.011353 -1022.021484 505.248047	1.332 4.189 -93.841
ttt_random_weapon	952.617859 -1205.349609 545.248108	1.332 3.983 -93.841
ttt_random_weapon	882.468811 1955.520752 -222.761002	1.434 5.874 -93.607
ttt_random_weapon	885.533752 2003.145508 -222.771759	1.556 5.897 -93.328
ttt_random_weapon	481.142914 1505.036133 -366.751892	1.332 4.018 -93.841
ttt_random_weapon	461.294800 1471.477783 -366.751892	1.332 4.204 -93.841
ttt_random_weapon	382.026947 1342.674805 -366.751892	1.332 4.017 -93.841
ttt_random_weapon	403.521912 1373.720825 -366.751892	1.332 3.996 -93.841
ttt_random_weapon	1190.732788 1588.223999 -494.751923	1.332 3.971 -93.841
ttt_random_weapon	1194.519043 1631.002686 -494.751923	1.332 3.984 -93.841
ttt_random_weapon	1282.509033 1976.912842 -494.751923	1.332 4.005 -93.841
ttt_random_weapon	1394.879395 2074.194580 -494.751923	1.332 3.938 -93.841
ttt_random_weapon	1480.856689 2160.582520 -494.751923	1.332 4.005 -93.841
ttt_random_weapon	1583.610352 2239.301758 -494.751923	1.332 4.225 -93.841
ttt_random_weapon	1697.689331 2348.552002 -494.751923	1.332 4.220 -93.841
ttt_random_weapon	1833.553223 2413.406494 -494.751923	1.332 3.991 -93.841
ttt_random_weapon	1490.356689 1747.824585 -511.129578	2.185 3.026 -91.952
ttt_random_weapon	1479.718262 1708.345825 -511.489471	-0.495 1.864 -91.818
ttt_random_weapon	1777.743164 2075.046387 -510.789368	1.446 9.134 -93.484
ttt_random_weapon	1814.272461 2069.685059 -511.059418	3.950 5.165 -92.414
ttt_random_weapon	2650.251709 2109.254639 -511.511169	1.249 3.231 -92.355
ttt_random_weapon	2655.473633 2040.578491 -511.751923	1.332 4.216 -93.841
ttt_random_weapon	2656.434082 2019.670410 -511.664642	1.493 3.084 -94.794
ttt_random_weapon	2793.156982 1935.275635 -510.792450	1.333 4.449 -93.994
ttt_random_weapon	2817.934082 1113.640747 -511.432556	-0.856 4.909 -94.114
ttt_random_weapon	2780.940430 1128.377075 -512.692261	2.642 3.021 -93.588
ttt_random_weapon	2739.938721 1089.744751 -511.345673	1.631 4.092 -92.102
ttt_random_weapon	2756.939697 956.777222 -512.439209	-2.364 -4.103 87.354
ttt_random_weapon	3116.654541 755.168579 -486.771851	1.558 5.865 -93.324
ttt_random_weapon	3113.400879 621.855591 -486.778290	1.630 5.765 -93.159
ttt_random_weapon	3113.499756 579.017334 -486.767639	1.509 5.859 -93.436
ttt_random_weapon	3111.044922 533.109192 -486.766296	1.494 5.856 -93.471
ttt_random_weapon	3119.192871 914.439392 -334.783630	1.602 3.820 -93.564
ttt_random_weapon	3061.798340 794.249695 -334.758789	1.407 5.830 -93.669
ttt_random_weapon	3092.184326 782.067322 -334.769409	1.529 5.862 -93.390
ttt_random_weapon	3049.889893 758.767456 -334.771271	1.551 5.865 -93.339
ttt_random_weapon	3088.127930 733.426758 -334.761383	1.436 5.841 -93.602
ttt_random_weapon	3263.036133 480.164459 -334.766602	1.497 4.375 -93.464
ttt_random_weapon	3227.485840 474.172729 -334.751923	1.332 4.189 -93.841
ttt_random_weapon	3650.840820 917.094238 -254.751938	1.332 4.206 -93.841
ttt_random_weapon	3644.621582 1438.319458 -254.751968	1.332 4.010 -93.841
ttt_random_weapon	3327.885986 1483.567871 -254.751968	1.332 3.981 -93.841
ttt_random_weapon	3400.340576 1470.998657 -254.751968	1.332 3.950 -93.841
ttt_random_weapon	3451.612549 1497.127319 -254.751968	1.332 3.968 -93.841
ttt_random_weapon	3185.540527 1592.825562 -254.751968	1.332 3.988 -93.841
ttt_random_weapon	4001.569336 489.117371 -254.751938	1.332 4.019 -93.841
ttt_random_weapon	4002.013916 541.312134 -254.771393	1.553 4.691 -93.336
ttt_random_weapon	4042.895752 589.338867 -254.751968	1.332 3.996 -93.841
ttt_random_weapon	4347.791016 789.240967 -258.607880	-28.482 -2.710 92.487
ttt_random_weapon	4325.561035 826.098694 -265.561829	-5.328 -10.830 86.428
ttt_random_weapon	4250.877441 782.526367 -268.375549	0.936 4.541 -92.654
ttt_random_weapon	4417.836426 374.088165 -526.751892	1.332 4.002 -93.841
ttt_random_weapon	4418.458008 421.657867 -526.751892	1.332 4.017 -93.841
ttt_random_weapon	4429.416504 465.084259 -526.751892	1.332 3.981 -93.841
ttt_random_weapon	5429.536133 -17.762369 -510.751923	1.332 4.013 -93.841
ttt_random_weapon	5350.317383 -59.562790 -510.765472	1.484 4.986 -93.492
ttt_random_weapon	5352.103027 -193.506287 -509.213501	-5.992 0.312 -92.056
ttt_random_weapon	5434.789551 -235.932709 -510.751923	1.332 4.212 -93.841
ttt_random_weapon	5509.314453 -224.278564 -510.751923	1.332 3.958 -93.841
ttt_random_weapon	5547.324219 -186.036514 -510.751923	1.332 4.175 -93.841
ttt_random_weapon	5557.002930 -132.212128 -510.751923	1.332 4.196 -93.841
ttt_random_weapon	5535.165527 -75.653900 -508.444641	6.619 12.423 86.451
ttt_random_weapon	5515.525879 -40.982300 -510.751923	1.332 4.212 -93.841
ttt_random_weapon	5854.689453 -418.866425 -510.751923	1.332 4.019 -93.841
ttt_random_weapon	5837.291016 -474.856171 -510.751923	1.332 4.019 -93.841
ttt_random_weapon	5706.337402 -470.660919 -510.751923	1.332 4.004 -93.841
ttt_random_weapon	5711.168457 -499.714142 -510.751923	1.332 3.990 -93.841
ttt_random_weapon	5735.160156 -532.047913 -510.751923	1.332 3.927 -93.841
ttt_random_weapon	4661.211426 -494.038696 -574.766357	1.183 5.184 -93.826
ttt_random_weapon	4666.555176 -437.425781 -574.751892	1.332 3.987 -93.841
ttt_random_weapon	4094.177734 -1109.033936 -254.751938	1.332 3.998 -93.841
ttt_random_weapon	3636.281494 18.587021 -254.751938	1.332 4.020 -93.841
ttt_random_weapon	3641.979004 40.770203 -254.751968	1.332 3.984 -93.841
ttt_random_weapon	3849.048828 90.621078 -238.751953	1.332 3.965 -93.841
ttt_random_weapon	3844.067139 122.737152 -238.751938	1.332 4.216 -93.841
ttt_random_weapon	3593.385742 309.720123 -238.753448	1.281 2.153 -94.220
ttt_random_weapon	3610.325928 283.069000 -238.751938	1.332 4.028 -93.841
ttt_random_weapon	3497.148682 352.301239 -254.751968	1.332 4.003 -93.841
ttt_random_weapon	3497.174561 30.706831 -254.751968	1.332 3.971 -93.841
ttt_random_weapon	2900.156738 369.067047 -254.751968	1.332 3.976 -93.841
ttt_random_weapon	2864.133301 22.941385 -254.751907	1.332 4.028 -93.840
ttt_random_weapon	3005.102295 -220.856461 -190.751968	1.332 3.998 -93.841
ttt_random_weapon	2841.050537 -312.855347 -30.751968	1.332 4.221 -93.841
ttt_random_weapon	2842.081299 -349.129425 -30.751968	1.332 3.970 -93.841
ttt_random_weapon	2522.390381 -707.210388 1.248029	1.332 4.177 -93.841
ttt_random_weapon	2516.130127 -671.746765 1.248030	1.332 3.998 -93.841
ttt_random_weapon	3054.819580 -364.944122 -190.751968	1.332 3.983 -93.841
ttt_random_weapon	3050.428711 -326.975830 -190.751953	1.332 4.018 -93.841
ttt_random_weapon	3058.757568 -298.663116 -190.751968	1.332 3.998 -93.841
ttt_random_weapon	2889.024414 340.500519 193.248047	1.332 3.957 -93.841
ttt_random_weapon	2882.754639 300.609283 193.248047	1.332 3.965 -93.841
ttt_random_weapon	2881.317139 242.046448 193.248047	1.332 4.177 -93.841
ttt_random_weapon	2879.147217 171.594452 193.246552	1.282 5.048 -94.210
ttt_random_weapon	2880.270996 91.943405 193.248047	1.332 3.984 -93.841
ttt_random_weapon	2880.200195 5.241447 193.248047	1.332 3.938 -93.841
ttt_random_weapon	3290.593262 -100.288139 193.243164	1.386 3.580 -93.716
ttt_random_weapon	3305.859375 -84.050362 193.248062	1.332 4.013 -93.841
ttt_random_weapon	3364.282471 -82.360031 193.248077	1.332 3.922 -93.840
ttt_random_weapon	3329.378662 -107.763519 193.248047	1.332 3.998 -93.841
ttt_random_ammo	-1176.188110 -734.179138 -375.838135	-6.075 -176.176 -96.908
ttt_random_ammo	-1211.838135 -744.367615 -375.818481	-2.693 -69.394 -96.656
ttt_random_ammo	-1189.788696 -723.085022 -375.904968	3.775 -53.222 -93.728
ttt_random_ammo	-1199.676880 -717.298828 -376.468109	2.715 -53.973 -91.217
ttt_random_ammo	-1190.971680 -686.771057 -377.786346	-4.520 -56.398 -75.777
ttt_random_ammo	-1195.705566 -681.915344 -383.535034	0.613 -0.008 -0.931
ttt_random_ammo	-1187.510132 -662.709045 -375.062378	2.108 -53.298 -104.152
ttt_random_ammo	-1188.283569 -640.653931 -374.838440	0.449 -54.498 -105.767
ttt_random_ammo	-1161.803833 -640.753357 -377.640503	-0.544 -52.611 -76.488
ttt_random_ammo	-1143.290161 -637.112549 -376.445068	3.532 -55.814 -87.012
ttt_random_ammo	-1129.851685 -629.480408 -376.602692	-1.389 -54.475 -91.221
ttt_random_ammo	-1112.958252 -634.920227 -377.377106	3.546 -57.017 -80.063
ttt_random_ammo	-1093.710083 -637.292053 -377.310883	2.511 -56.237 -77.508
ttt_random_ammo	-1074.999634 -637.106384 -375.789520	0.049 -32.385 -99.169
ttt_random_ammo	-1063.785767 -635.682007 -376.475037	2.071 -8.782 -89.547
ttt_random_ammo	-1057.862549 -632.805359 -376.591614	3.443 175.655 -92.314
ttt_random_ammo	-1031.096924 -627.297485 -376.650116	-4.002 -23.087 -89.971
ttt_random_ammo	-342.409271 -265.891418 -367.622711	0.529 0.004 0.563
ttt_random_ammo	-396.471802 -267.961945 -367.618500	1.103 0.014 1.264
ttt_random_ammo	-466.347687 -269.338654 -367.619598	0.797 0.008 0.892
ttt_random_ammo	-505.581909 -346.802460 -367.574219	-1.283 -0.027 1.501
ttt_random_ammo	-427.558594 -349.326843 -367.625336	0.412 0.002 0.419
ttt_random_ammo	-367.808014 -349.580963 -367.648651	0.107 -0.000 -0.032
ttt_random_ammo	-450.844086 -790.594299 -367.603516	1.667 0.031 1.993
ttt_random_ammo	-472.502563 -784.469055 -367.613434	1.552 0.023 1.820
ttt_random_ammo	-493.421173 -788.043396 -367.576721	0.009 -0.002 0.337
ttt_random_ammo	-91.036804 -814.407593 -367.662262	0.026 -0.023 0.107
ttt_random_ammo	-114.588562 -812.259949 -367.631592	0.269 0.001 0.241
ttt_random_ammo	-663.449951 416.558350 -367.669128	0.068 0.000 -0.029
ttt_random_ammo	-646.746460 395.128235 -367.628082	0.289 0.001 0.268
ttt_random_ammo	-672.660461 502.109009 -367.661957	0.074 0.000 -0.017
ttt_random_ammo	-677.422058 521.482727 -367.679901	0.047 0.000 -0.033
ttt_random_ammo	-1073.141724 13.528018 -239.626953	0.350 -0.002 -0.343
ttt_random_ammo	-1066.892456 33.488857 -239.659546	0.078 -0.000 0.010
ttt_random_ammo	-1003.027893 8.923491 -303.646606	0.051 0.000 -0.012
ttt_random_ammo	-926.113953 -13.698601 -303.627136	0.092 0.000 0.048
ttt_random_ammo	-343.540070 258.207764 -367.568604	0.943 -0.023 -1.110
ttt_random_ammo	-419.150452 254.897873 -367.652863	0.092 0.000 0.011
ttt_random_ammo	-510.848816 258.386444 -367.638306	-0.143 -0.000 0.081
ttt_random_ammo	-346.793854 328.085815 -367.629852	0.283 0.001 0.260
ttt_random_ammo	-433.274170 332.167023 -367.638611	0.161 0.000 0.105
ttt_random_ammo	-513.393250 332.179138 -367.670563	-0.069 -0.000 -0.030
ttt_random_ammo	-121.600853 1108.088989 -367.629913	0.297 0.001 0.276
ttt_random_ammo	-98.079033 1098.569092 -367.587860	1.385 0.030 1.653
ttt_random_ammo	-105.005318 1074.003174 -367.640594	0.154 0.000 0.095
ttt_random_ammo	-123.480927 1079.487061 -367.624176	0.499 0.003 0.525
ttt_random_ammo	203.501114 27.246998 -239.634537	0.075 0.000 0.024
ttt_random_ammo	229.769058 27.240438 -239.631775	-0.197 -0.001 0.151
ttt_random_ammo	235.205643 89.830948 -239.609497	-0.705 -0.006 0.779
ttt_random_ammo	250.665085 73.508995 -239.660690	-0.076 -0.000 -0.015
ttt_random_ammo	525.038208 36.340061 -239.655411	0.051 0.000 -0.017
ttt_random_ammo	499.044556 38.873669 -239.655411	0.051 0.000 -0.017
ttt_random_ammo	516.872803 11.323697 -239.619293	1.067 -0.013 -1.221
ttt_random_ammo	495.376190 12.166505 -239.669617	0.047 0.000 -0.028
ttt_random_ammo	324.395782 -747.472961 -127.679871	0.047 0.000 -0.035
ttt_random_ammo	299.067963 -748.224731 -127.622002	0.132 0.000 0.099
ttt_random_ammo	288.720520 -691.344604 -127.657669	0.047 0.000 -0.023
ttt_random_ammo	287.906311 -711.319641 -127.612915	0.266 0.001 0.267
ttt_random_ammo	1167.811890 -395.741730 -191.627228	0.105 0.000 0.063
ttt_random_ammo	1140.452515 -399.343353 -191.563309	1.110 0.028 1.329
ttt_random_ammo	1164.770020 -360.607025 -191.614532	0.260 0.001 0.259
ttt_random_ammo	1143.963623 -362.824951 -191.655411	0.048 0.000 -0.020
ttt_random_ammo	1161.142822 -340.312195 -191.625458	0.114 0.000 0.075
ttt_random_ammo	1144.484985 -341.533112 -191.660019	0.047 0.000 -0.024
ttt_random_ammo	915.943970 -402.870636 -191.613205	0.298 0.001 0.306
ttt_random_ammo	939.162842 -403.459686 -191.680923	-0.065 0.000 -0.041
ttt_random_ammo	1097.754028 102.684349 -191.662354	0.045 0.000 -0.027
ttt_random_ammo	1076.872803 103.101631 -191.627136	0.092 0.000 0.048
ttt_random_ammo	1370.194946 74.797165 -191.519791	-1.269 0.031 -1.594
ttt_random_ammo	1376.080811 48.313316 -191.632294	0.030 0.000 -0.030
ttt_random_ammo	1392.720093 41.372952 -191.597946	-0.130 0.000 -0.207
ttt_random_ammo	1866.946655 188.254410 -191.621552	0.071 0.000 0.025
ttt_random_ammo	1880.051025 163.213745 -191.531601	-1.289 0.029 -1.611
ttt_random_ammo	1781.057739 177.613754 -191.521378	-0.795 0.023 -0.993
ttt_random_ammo	1805.090454 180.211395 -191.621582	0.070 0.000 0.024
ttt_random_ammo	1689.312744 142.729431 -191.592545	-0.296 0.000 -0.406
ttt_random_ammo	1715.927734 141.238373 -191.661865	0.073 -0.000 0.018
ttt_random_ammo	2058.668945 -199.754578 -191.618195	0.084 0.000 0.043
ttt_random_ammo	2040.015137 -201.119171 -191.550613	1.168 0.031 1.417
ttt_random_ammo	2004.835205 -632.356079 0.363872	0.023 0.000 -0.041
ttt_random_ammo	1973.627197 -626.447083 0.410959	0.451 0.003 0.504
ttt_random_ammo	2008.072998 -566.319458 0.409308	0.337 0.002 0.365
ttt_random_ammo	1979.570190 -573.399963 0.365832	0.027 -0.000 0.035
ttt_random_ammo	1432.351196 -564.966797 0.372980	-0.150 -0.001 0.118
ttt_random_ammo	1460.066772 -568.318237 0.366921	-0.110 -0.000 0.066
ttt_random_ammo	1430.796631 -629.036133 0.394208	0.139 0.000 0.116
ttt_random_ammo	1458.152710 -627.105591 0.385007	-0.309 -0.002 0.316
ttt_random_ammo	1433.878174 -803.583191 0.456989	-1.588 0.034 -1.995
ttt_random_ammo	1458.801025 -801.340698 0.457958	-1.566 0.033 -1.968
ttt_random_ammo	1432.901123 -864.474609 0.340074	0.037 0.000 -0.035
ttt_random_ammo	1458.267578 -851.602051 0.463795	-1.304 0.030 -1.638
ttt_random_ammo	2063.028809 -1481.049561 0.357741	0.030 0.000 -0.035
ttt_random_ammo	2029.302734 -1479.292114 0.361841	0.027 0.000 -0.036
ttt_random_ammo	2058.314697 -1449.709229 0.337697	0.040 0.000 -0.033
ttt_random_ammo	2026.742920 -1448.529907 0.365824	0.024 0.000 -0.038
ttt_random_ammo	1424.226440 -1483.544678 0.392619	-0.429 -0.003 0.464
ttt_random_ammo	1446.011353 -1481.828491 0.396979	-0.571 -0.004 0.638
ttt_random_ammo	1421.674316 -1451.012939 0.452923	-1.016 -0.026 1.211
ttt_random_ammo	1440.109619 -1447.877808 0.352097	-0.059 -0.000 -0.004
ttt_random_ammo	1424.737915 -1242.486572 0.391143	-0.073 -0.000 -0.143
ttt_random_ammo	1450.401978 -1241.599487 0.402978	-0.256 0.000 -0.359
ttt_random_ammo	1422.806641 -1199.946167 0.375366	0.003 0.000 -0.058
ttt_random_ammo	1444.058716 -1205.559082 0.375363	0.004 0.000 -0.058
ttt_random_ammo	2483.487305 -1479.451904 0.340069	0.038 0.000 -0.034
ttt_random_ammo	2513.273682 -1476.681885 0.353517	0.033 0.000 -0.034
ttt_random_ammo	2664.672119 -1486.270020 0.378578	0.524 0.004 0.576
ttt_random_ammo	2691.408936 -1483.027832 0.339884	0.063 0.000 -0.004
ttt_random_ammo	3407.691895 -1514.199341 0.342182	0.066 0.000 0.000
ttt_random_ammo	3379.208252 -1513.748657 0.385677	1.621 0.031 1.919
ttt_random_ammo	3397.771240 -1449.132935 0.362925	0.151 0.001 0.114
ttt_random_ammo	3373.681152 -1458.181274 0.337549	0.060 0.000 -0.009
ttt_random_ammo	3398.055664 -1237.314087 0.431222	1.020 0.025 1.217
ttt_random_ammo	3370.882080 -1239.372192 0.384570	1.624 0.031 1.917
ttt_random_ammo	3367.967773 -803.367310 311.249023	1.494 0.034 1.829
ttt_random_ammo	3338.471680 -804.623230 311.182892	0.076 0.000 0.012
ttt_random_ammo	3346.280762 -796.439270 204.384766	0.172 0.001 0.138
ttt_random_ammo	3362.906250 -803.034302 204.389908	0.242 0.001 0.226
ttt_random_ammo	3105.681152 -1717.109741 512.353394	0.129 0.000 0.061
ttt_random_ammo	3132.544678 -1714.519775 512.398621	1.636 0.027 1.961
ttt_random_ammo	3106.859375 -1792.024292 512.338013	0.082 0.000 -0.007
ttt_random_ammo	3125.699951 -1791.700562 512.325867	0.071 0.000 -0.029
ttt_random_ammo	3302.006836 -1870.669189 512.413574	1.382 0.029 1.657
ttt_random_ammo	3282.645752 -1868.871460 512.344849	0.096 0.000 0.014
ttt_random_ammo	3308.893555 -1810.584229 512.344666	0.106 -0.000 -0.026
ttt_random_ammo	3283.588623 -1810.722656 512.373962	0.507 0.003 0.535
ttt_random_ammo	1288.991577 -799.871948 624.363281	0.176 0.000 0.124
ttt_random_ammo	1327.485352 -799.234375 624.396790	1.678 0.032 2.004
ttt_random_ammo	1328.773682 -830.851868 624.438354	0.816 0.021 0.954
ttt_random_ammo	1286.079346 -825.123169 624.414063	1.432 0.032 1.717
ttt_random_ammo	1299.800415 -909.844788 504.406464	1.568 0.030 1.881
ttt_random_ammo	1330.014893 -917.417175 504.370178	0.273 0.001 0.247
ttt_random_ammo	1352.247070 -931.293457 504.420349	1.330 0.029 1.596
ttt_random_ammo	1318.424683 -967.596313 504.405853	1.535 0.030 1.835
ttt_random_ammo	1340.881714 -961.929749 504.342621	0.081 0.000 -0.005
ttt_random_ammo	1345.668091 -996.048767 504.384125	-0.263 -0.003 0.194
ttt_random_ammo	1313.768555 -996.026306 504.370148	0.280 0.001 0.256
ttt_random_ammo	947.939148 -1179.708374 544.371521	0.356 0.002 0.349
ttt_random_ammo	956.932861 -1174.632202 544.390808	1.550 0.023 1.822
ttt_random_ammo	886.068726 2028.827515 -223.603912	0.284 0.001 0.295
ttt_random_ammo	909.917542 2023.880005 -223.647079	-0.086 -0.000 0.009
ttt_random_ammo	884.890442 1976.355713 -223.621628	0.076 0.000 0.032
ttt_random_ammo	909.200439 1976.940186 -223.538498	0.675 0.023 0.805
ttt_random_ammo	434.940002 1438.598755 -367.670593	-0.067 -0.000 -0.033
ttt_random_ammo	462.444427 1444.800171 -367.638458	-0.127 -0.000 0.062
ttt_random_ammo	502.287323 1487.024780 -367.683594	-0.065 0.000 -0.043
ttt_random_ammo	497.281982 1469.976685 -367.631348	0.233 0.001 0.197
ttt_random_ammo	382.780060 1303.387207 -367.627899	-0.214 -0.001 0.174
ttt_random_ammo	414.317078 1322.157715 -367.588287	1.340 0.029 1.589
ttt_random_ammo	424.871948 1349.096436 -367.663239	-0.070 -0.000 -0.023
ttt_random_ammo	440.561493 1373.043701 -367.597778	-1.139 -0.015 1.310
ttt_random_ammo	447.746704 1399.421265 -367.658508	-0.074 -0.000 -0.015
ttt_random_ammo	1200.301880 1660.118774 -495.591583	1.469 0.036 1.749
ttt_random_ammo	1227.762817 1649.303711 -495.631256	0.214 0.001 0.174
ttt_random_ammo	1222.984985 1614.241821 -495.621002	0.514 0.003 0.546
ttt_random_ammo	1224.713989 1583.975464 -495.632996	0.191 0.001 0.145
ttt_random_ammo	1850.112427 2447.709229 -495.646393	0.095 0.000 0.019
ttt_random_ammo	1870.453491 2431.995361 -495.640350	0.119 0.000 0.053
ttt_random_ammo	1767.666504 2401.801270 -495.620514	0.463 0.003 0.485
ttt_random_ammo	1790.111938 2396.202881 -495.664307	0.068 0.000 -0.025
ttt_random_ammo	1701.954102 2376.562500 -495.648499	0.090 0.000 0.011
ttt_random_ammo	1734.629517 2373.064697 -495.644318	0.103 0.000 0.030
ttt_random_ammo	1639.600464 2327.747314 -495.652832	0.080 0.000 -0.003
ttt_random_ammo	1663.347290 2324.166260 -495.626465	-0.285 -0.003 0.217
ttt_random_ammo	1518.483765 2207.080811 -495.583557	1.404 0.032 1.679
ttt_random_ammo	1549.689087 2206.405029 -495.566956	1.165 0.027 1.401
ttt_random_ammo	1413.402832 2124.847168 -495.666718	0.067 0.000 -0.028
ttt_random_ammo	1447.871338 2121.217041 -495.595062	-0.352 -0.003 -0.004
ttt_random_ammo	1330.508911 2029.356812 -495.624664	0.314 0.001 0.300
ttt_random_ammo	1365.886719 2023.791504 -495.588776	1.519 0.035 1.819
ttt_random_ammo	1260.808105 1922.151489 -495.599060	1.484 0.030 1.755
ttt_random_ammo	1312.936768 1916.850586 -495.576721	1.283 0.030 1.533
ttt_random_ammo	1427.176270 1811.917847 -511.646912	0.769 -0.012 -1.572
ttt_random_ammo	1419.662476 1787.813354 -511.598755	0.018 -0.058 -0.153
ttt_random_ammo	1399.692993 1822.312988 -511.652893	0.584 0.014 -0.372
ttt_random_ammo	1391.205811 1788.447876 -511.654785	0.011 0.008 -0.156
ttt_random_ammo	1558.145264 1775.943115 -511.714691	0.017 0.136 0.442
ttt_random_ammo	1584.559448 1782.329102 -511.681641	-0.124 0.000 0.005
ttt_random_ammo	1525.073730 1818.282837 -511.613922	0.053 0.105 -0.163
ttt_random_ammo	1544.094849 1837.062134 -511.841827	-0.060 -0.149 -2.535
ttt_random_ammo	1798.445679 2104.857666 -511.634064	-0.045 -0.189 -0.208
ttt_random_ammo	1803.242554 2089.735596 -511.682068	-0.058 0.000 -0.077
ttt_random_ammo	1841.170166 2162.548096 -511.961487	-1.147 -0.131 0.035
ttt_random_ammo	1825.056030 2198.819824 -512.617676	0.240 0.001 0.233
ttt_random_ammo	1738.066040 2124.117676 -511.820526	-1.165 -0.210 0.030
ttt_random_ammo	1738.317505 2149.588623 -511.923004	0.097 0.128 -1.918
ttt_random_ammo	2716.479004 2060.950684 -512.613342	-0.038 -0.095 -1.253
ttt_random_ammo	2667.788086 2081.829590 -512.611328	-0.033 -0.200 -0.205
ttt_random_ammo	2642.762695 2062.305908 -512.648743	0.117 0.000 0.046
ttt_random_ammo	2591.534912 2056.493652 -512.596375	1.626 0.027 1.959
ttt_random_ammo	2595.500000 2030.896729 -512.628967	0.137 -0.116 -0.049
ttt_random_ammo	2692.949463 1981.393433 -511.604340	-0.016 -0.121 -0.079
ttt_random_ammo	2723.075195 1957.922974 -511.630951	-0.004 -0.115 -0.118
ttt_random_ammo	2744.079102 1941.437744 -511.625000	0.301 0.001 0.303
ttt_random_ammo	2706.141846 1931.110107 -511.701385	0.007 0.083 0.537
ttt_random_ammo	2694.192627 1046.509033 -511.324280	3.598 -0.569 0.283
ttt_random_ammo	2707.266846 1084.522217 -511.404327	3.417 -0.960 1.632
ttt_random_ammo	2747.734863 1065.326294 -512.847961	0.424 -0.068 1.028
ttt_random_ammo	2815.172607 1086.096313 -512.029541	-1.759 -0.555 -2.257
ttt_random_ammo	2861.891113 1014.497620 -512.631836	1.264 -0.104 0.136
ttt_random_ammo	2882.704346 1033.492310 -512.819946	0.621 -0.046 -0.022
ttt_random_ammo	2762.170166 987.265747 -511.801270	0.081 -0.315 2.765
ttt_random_ammo	2776.307373 995.605957 -511.669952	-0.114 0.152 -0.868
ttt_random_ammo	3115.126221 906.989990 -487.584595	1.281 0.027 1.530
ttt_random_ammo	3117.206055 883.666870 -487.599426	1.511 0.027 1.805
ttt_random_ammo	3118.597656 739.708557 -487.630615	0.383 0.002 0.382
ttt_random_ammo	3107.517090 553.234558 -487.632355	0.328 -0.001 -0.314
ttt_random_ammo	3109.744873 599.940613 -487.551514	0.690 -0.019 -0.816
ttt_random_ammo	3109.552490 514.587280 -487.664459	0.080 -0.000 0.010
ttt_random_ammo	3105.492432 893.000732 -335.623871	0.681 0.006 0.748
ttt_random_ammo	3126.478516 877.190857 -335.657501	0.091 0.000 0.008
ttt_random_ammo	3091.589355 851.059875 -335.630402	0.351 0.002 0.343
ttt_random_ammo	3107.346924 823.564758 -335.582764	1.321 0.027 1.586
ttt_random_ammo	3043.934082 713.517700 -335.626160	0.518 0.003 0.548
ttt_random_ammo	3078.552246 703.820374 -335.627594	0.460 0.003 0.478
ttt_random_ammo	3093.070313 689.769958 -335.676758	0.069 -0.000 -0.032
ttt_random_ammo	3053.904297 680.218262 -335.655243	0.097 0.000 0.017
ttt_random_ammo	3264.873535 506.393921 -335.634216	0.314 -0.001 -0.295
ttt_random_ammo	3235.600342 497.414490 -335.606720	1.367 -0.032 -1.598
ttt_random_ammo	3645.285645 940.294373 -255.631470	0.180 0.001 0.152
ttt_random_ammo	3615.196777 929.682434 -255.614273	1.637 0.031 1.933
ttt_random_ammo	3509.237061 1495.390869 -255.669693	0.055 0.000 -0.019
ttt_random_ammo	3507.074951 1463.693481 -255.649017	0.085 0.000 0.028
ttt_random_ammo	3461.872070 1457.233643 -255.631729	0.211 0.001 0.190
ttt_random_ammo	3425.549561 1443.224487 -255.558456	0.971 0.024 1.176
ttt_random_ammo	3452.689453 1419.533813 -255.618378	0.792 0.008 0.903
ttt_random_ammo	3594.400635 1450.221558 -255.622681	0.456 0.003 0.493
ttt_random_ammo	3608.999512 1412.339233 -255.576828	1.317 0.030 1.595
ttt_random_ammo	3639.834473 1402.586548 -255.594513	1.308 0.028 1.545
ttt_random_ammo	3174.059326 1555.234009 -255.649323	-0.076 -0.000 -0.007
ttt_random_ammo	3206.408447 1553.957153 -255.557434	-1.315 -0.029 1.566
ttt_random_ammo	3197.454346 1524.349976 -255.619278	0.687 0.006 0.775
ttt_random_ammo	3231.760742 1517.545776 -255.591446	1.270 0.027 1.502
ttt_random_ammo	4062.975098 570.905701 -255.588455	1.448 0.035 1.743
ttt_random_ammo	4020.388428 571.474609 -255.633423	0.183 0.001 0.156
ttt_random_ammo	4047.086182 488.808502 -255.570755	0.916 -0.022 -1.077
ttt_random_ammo	4064.623047 458.623657 -255.639175	0.224 -0.001 -0.181
ttt_random_ammo	4257.400879 818.732483 -269.012177	-0.377 -0.130 1.245
ttt_random_ammo	4273.511719 842.105225 -268.556824	-1.618 0.468 0.617
ttt_random_ammo	4305.707031 852.665894 -267.689301	-1.764 0.600 0.785
ttt_random_ammo	4377.576172 800.115417 -255.615021	0.994 0.012 1.151
ttt_random_ammo	4365.443359 822.172852 -255.576569	1.228 0.029 1.474
ttt_random_ammo	4466.260742 373.733337 -527.597656	1.245 0.025 1.452
ttt_random_ammo	4466.570801 405.940704 -527.625610	0.682 0.006 0.747
ttt_random_ammo	4466.928711 428.432861 -527.653015	0.112 0.000 0.035
ttt_random_ammo	4465.298828 454.139008 -527.612305	1.450 0.025 1.694
ttt_random_ammo	4539.054199 329.193176 -511.629272	0.447 0.003 0.459
ttt_random_ammo	4573.197754 326.719910 -511.629303	0.449 0.003 0.462
ttt_random_ammo	4631.087891 317.755737 -511.577271	0.979 0.023 1.144
ttt_random_ammo	4673.085449 327.939728 -511.635162	0.174 0.001 0.144
ttt_random_ammo	5378.641113 51.258282 -519.425659	-1.592 -65.316 -100.119
ttt_random_ammo	5435.123047 47.584133 -519.039673	0.432 -65.268 -104.058
ttt_random_ammo	5460.321777 46.816189 -520.308655	4.236 -67.602 -88.726
ttt_random_ammo	5509.591309 44.586967 -520.055603	4.926 -67.755 -91.904
ttt_random_ammo	5551.134277 26.605116 -519.225525	0.277 -60.986 -102.145
ttt_random_ammo	5617.920898 78.424744 -519.079102	5.918 -69.596 -108.431
ttt_random_ammo	5682.973145 67.298325 -521.475159	3.723 -64.054 -81.349
ttt_random_ammo	5658.536133 88.101791 -520.442017	4.899 -63.194 -93.173
ttt_random_ammo	5566.194824 101.338684 -522.042786	4.610 -58.391 -74.689
ttt_random_ammo	5497.820801 97.822418 -520.939575	4.798 -52.587 -87.123
ttt_random_ammo	5456.748047 92.730125 -519.249146	-2.138 -65.312 -104.731
ttt_random_ammo	5410.810547 90.173233 -518.892578	-0.375 -60.548 -105.157
ttt_random_ammo	5344.747070 102.273346 -521.145386	2.848 -54.581 -79.757
ttt_random_ammo	5334.714355 21.895981 -521.390503	2.940 -63.558 -79.152
ttt_random_ammo	5306.690430 -15.488479 -519.110352	4.118 -61.178 -104.812
ttt_random_ammo	5286.867676 -100.548111 -521.140076	5.288 -65.445 -82.061
ttt_random_ammo	5277.964355 -162.355881 -519.843018	1.952 -62.302 -96.534
ttt_random_ammo	5287.223145 -208.726990 -520.105042	3.493 -71.820 -94.393
ttt_random_ammo	5306.402344 -242.634537 -521.918030	4.492 -70.477 -76.628
ttt_random_ammo	5342.443848 -271.419556 -519.958740	0.279 -68.179 -97.975
ttt_random_ammo	5394.676270 -306.274261 -520.912720	-0.258 -70.786 -87.785
ttt_random_ammo	5452.258301 -308.624939 -521.335632	4.071 -71.435 -82.701
ttt_random_ammo	5505.770508 -294.670105 -527.471619	0.654 -0.005 -0.757
ttt_random_ammo	5557.693359 -265.628357 -519.523499	2.760 -72.303 -99.730
ttt_random_ammo	5594.391602 -214.907593 -519.320923	2.833 -71.340 -100.582
ttt_random_ammo	5607.421387 -157.314087 -521.858459	1.185 -64.704 -70.689
ttt_random_ammo	5603.725586 -102.393684 -520.898621	-4.117 -60.946 -86.355
ttt_random_ammo	5594.965820 -35.358730 -521.512085	-0.442 -58.767 -76.358
ttt_random_ammo	5817.628906 -441.983521 -511.641052	0.222 0.001 0.177
ttt_random_ammo	5787.998047 -411.023834 -511.609619	1.449 0.025 1.704
ttt_random_ammo	5760.957520 -429.359344 -511.642944	0.199 0.001 0.147
ttt_random_ammo	5783.656738 -462.217072 -511.615479	-0.075 -0.002 0.416
ttt_random_ammo	5804.466797 -490.132782 -511.642944	0.199 0.001 0.148
ttt_random_ammo	5836.292969 -497.635529 -511.648895	0.147 0.000 0.081
ttt_random_ammo	5724.627930 -423.161896 -511.659821	0.099 0.000 0.015
ttt_random_ammo	5745.280273 -454.763641 -511.674164	0.076 0.000 -0.023
ttt_random_ammo	5750.020508 -467.613922 -511.631226	0.467 0.003 0.482
ttt_random_ammo	5786.076172 -520.143738 -511.653107	0.123 0.000 0.049
ttt_random_ammo	5768.354980 -551.264282 -511.623596	1.540 0.027 1.793
ttt_random_ammo	4680.415039 -473.663086 -575.627319	0.677 0.006 0.741
ttt_random_ammo	4708.778320 -465.036346 -575.604187	1.345 0.031 1.572
ttt_random_ammo	4711.721191 -430.347534 -575.662048	0.087 0.000 -0.001
ttt_random_ammo	4694.961426 -417.710052 -575.616943	1.518 0.022 1.774
ttt_random_ammo	4101.258301 -1127.275513 -255.614120	1.303 0.020 1.527
ttt_random_ammo	4080.270264 -1130.120728 -255.644791	0.161 -0.000 -0.101
ttt_random_ammo	4105.748047 -1078.534058 -255.631470	0.178 0.001 0.150
ttt_random_ammo	4088.010254 -1081.205078 -255.631470	0.179 0.001 0.151
ttt_random_ammo	3671.008545 15.014945 -255.651138	0.076 0.000 0.016
ttt_random_ammo	3683.867188 44.013866 -255.596863	1.253 -0.025 -1.468
ttt_random_ammo	3701.067627 2.843171 -255.653320	0.072 0.000 0.010
ttt_random_ammo	3713.774902 32.520962 -255.667221	0.055 0.000 -0.018
ttt_random_ammo	3750.359863 -49.182018 -255.637024	0.143 0.000 0.104
ttt_random_ammo	3741.761230 -6.996115 -255.555786	0.862 0.023 1.035
ttt_random_ammo	3749.725586 24.039160 -255.682526	0.051 0.000 -0.031
ttt_random_ammo	3812.541260 89.132233 -239.637009	0.142 0.000 0.104
ttt_random_ammo	3810.112061 114.392128 -239.655518	0.067 0.000 0.003
ttt_random_ammo	3864.972900 149.407227 -239.655182	0.105 -0.000 -0.025
ttt_random_ammo	3833.565918 147.719330 -239.598846	1.514 0.029 1.808
ttt_random_ammo	3577.072998 350.619110 -239.616760	1.019 0.013 1.180
ttt_random_ammo	3597.400635 355.773376 -239.591446	1.490 0.035 1.793
ttt_random_ammo	3658.740234 268.094940 -239.682541	0.051 0.000 -0.031
ttt_random_ammo	3691.571533 263.215271 -239.576035	-1.447 -0.036 1.699
ttt_random_ammo	3199.333496 220.334717 -255.760452	0.056 0.000 -0.017
ttt_random_ammo	3225.184814 214.896500 -255.732956	0.133 0.000 0.092
ttt_random_ammo	3244.605469 200.667831 -255.722733	0.267 0.001 0.260
ttt_random_ammo	3241.656494 188.785797 -255.668030	1.194 0.028 1.439
ttt_random_ammo	3207.114502 161.531937 -255.684753	0.982 -0.180 1.327
ttt_random_ammo	3185.341553 158.479034 -255.668747	1.168 0.028 1.403
ttt_random_ammo	3002.645264 -237.020401 -191.672165	0.053 0.000 -0.022
ttt_random_ammo	3033.134033 -234.109009 -191.633377	0.179 0.001 0.150
ttt_random_ammo	2888.487305 -310.380920 -31.644852	0.098 0.000 0.046
ttt_random_ammo	2886.968018 -337.973999 -31.651165	0.079 0.000 0.020
ttt_random_ammo	2923.140625 -319.893951 -31.644869	0.101 0.000 0.049
ttt_random_ammo	2914.876465 -345.699158 -31.557829	0.785 0.021 0.929
ttt_random_ammo	2530.088135 -642.437073 0.337563	0.058 0.000 -0.011
ttt_random_ammo	2513.364014 -636.637756 0.367807	0.018 0.000 -0.045
ttt_random_ammo	2532.531250 -604.869568 0.417481	1.224 -0.028 -1.460
ttt_random_ammo	2514.014648 -592.594849 0.330397	0.043 0.000 -0.034
ttt_random_ammo	2534.426514 -575.952637 0.380434	0.648 -0.006 -0.729
ttt_random_ammo	2518.868652 -554.615479 0.383413	0.087 -0.000 -0.048
ttt_random_ammo	3049.029053 -345.289886 -191.651138	0.077 0.000 0.017
ttt_random_ammo	3080.183838 -339.422516 -191.657822	0.065 0.000 -0.001
ttt_random_ammo	3088.110352 -281.094391 -191.638916	0.129 0.000 0.087
ttt_random_ammo	3093.349854 -305.655945 -191.544388	0.653 0.020 0.783
ttt_random_ammo	2877.753174 -105.427834 192.357193	0.104 0.000 0.054
ttt_random_ammo	2852.374512 -101.292419 192.391510	1.624 0.028 1.932
ttt_random_ammo	2894.059814 -81.092239 192.361099	0.128 0.000 0.085
ttt_random_ammo	2852.314697 -72.414635 192.346680	0.072 0.000 0.010
ttt_random_ammo	2928.062012 -77.118347 192.432312	1.045 0.025 1.253
ttt_random_ammo	2975.724609 -73.641106 192.366623	0.178 0.001 0.150
ttt_random_ammo	3014.878418 -72.591042 192.385620	1.476 -0.024 -1.727
ttt_random_ammo	2985.817383 -105.919006 192.318054	0.070 0.000 0.036
ttt_random_ammo	3023.566650 -106.093414 192.342590	0.099 -0.000 -0.016
ttt_random_ammo	3051.985840 -84.497734 192.364838	0.158 0.001 0.124
ttt_random_ammo	3088.237793 -81.449234 192.322739	0.052 0.000 -0.027
ttt_random_ammo	3129.934814 -84.045288 192.368362	0.200 0.001 0.177
ttt_random_ammo	3144.958984 -113.871048 192.363007	0.140 0.000 0.101
ttt_random_ammo	3171.117676 -105.241234 192.449982	0.089 -0.241 -0.174
ttt_random_ammo	3176.582764 -76.708359 192.325851	0.073 -0.000 0.026
ttt_random_ammo	3228.514160 -79.769379 192.401154	1.544 0.029 1.848
ttt_random_ammo	3415.736084 -80.009201 192.402344	1.520 0.030 1.818
ttt_random_ammo	3400.182373 -77.712555 192.383789	1.158 0.016 1.349
ttt_random_ammo	3426.469727 -24.494970 192.426254	1.166 0.028 1.400
ttt_random_ammo	3419.483154 -41.317101 192.380997	0.648 0.006 0.728
weapon_zm_rifle	707.734558 -165.708328 383.079193	3.707 13.298 64.755
weapon_zm_rifle	389.490479 983.650574 -144.892242	3.641 13.266 64.920
weapon_zm_shotgun	4418.248047 -1121.977417 -191.041901	-0.431 -9.659 -82.835
weapon_zm_shotgun	4417.490723 -1104.104614 -190.932495	-0.291 -8.496 -83.859
weapon_zm_revolver	4443.399902 -1141.924927 -191.172836	2.213 -18.356 -83.853
weapon_zm_revolver	4450.035645 -1125.136597 -191.117706	2.234 -18.490 -84.420
weapon_zm_revolver	4452.770020 -1107.011841 -191.051666	0.013 -30.107 -87.604
