# Trouble in Terrorist Town weapon/ammo placement overrides
# For map: ttt_bungalows
# Exported by: Kopa
setting:	replacespawns 1
ttt_random_weapon	341.561005 -1419.880005 241.373001	0.000 0.000 0.000
ttt_random_weapon	341.561005 -1451.880005 241.373001	0.000 0.000 0.000
ttt_random_weapon	-318.468994 -1295.750000 241.373001	0.000 0.000 0.000
ttt_random_weapon	-318.468994 -1327.750000 241.373001	0.000 0.000 0.000
ttt_random_weapon	323.630005 -1990.619995 241.373001	0.000 0.000 0.000
ttt_random_weapon	323.630005 -2022.619995 241.373001	0.000 0.000 0.000
ttt_random_weapon	-360.148010 -2022.550049 241.373001	0.000 0.000 0.000
ttt_random_weapon	-360.148010 -2054.550049 241.373001	0.000 0.000 0.000
ttt_random_weapon	927.258972 -777.822998 241.373001	0.000 0.000 0.000
ttt_random_weapon	927.258972 -809.822998 241.373001	0.000 0.000 0.000
ttt_random_weapon	1624.319946 -190.287994 241.373001	0.000 0.000 0.000
ttt_random_weapon	1624.319946 -222.287994 241.373001	0.000 0.000 0.000
ttt_random_weapon	1379.869995 -837.888977 241.373001	0.000 0.000 0.000
ttt_random_weapon	1379.869995 -869.888977 241.373001	0.000 0.000 0.000
ttt_random_weapon	-821.030029 -115.730003 241.373001	0.000 0.000 0.000
ttt_random_weapon	-821.030029 -147.729996 241.373001	0.000 0.000 0.000
ttt_random_weapon	-1329.040039 -122.942001 241.373001	0.000 0.000 0.000
ttt_random_weapon	-1329.040039 -154.942001 241.373001	0.000 0.000 0.000
ttt_random_weapon	236.000000 -768.000000 242.373001	0.000 0.000 0.000
ttt_random_weapon	236.000000 -782.000000 242.373001	0.000 0.000 0.000
ttt_random_weapon	-212.253998 -1294.880005 241.373001	0.000 0.000 0.000
ttt_random_weapon	-212.253998 -1308.880005 241.373001	0.000 0.000 0.000
ttt_random_weapon	-1505.310059 -868.442017 241.373001	0.000 0.000 0.000
ttt_random_weapon	161.000000 -3018.000000 538.372986	0.000 0.000 0.000
ttt_random_weapon	108.508003 -2899.570068 298.049011	0.000 0.000 0.000
ttt_random_weapon	87.192001 -2883.639893 298.049011	0.000 0.000 0.000
ttt_random_weapon	-256.000000 -3027.800049 360.000000	0.000 0.000 0.000
ttt_random_weapon	-536.000000 -2869.000000 304.953003	0.000 0.000 0.000
ttt_random_weapon	237.164001 -2833.899902 274.372986	0.000 0.000 0.000
ttt_random_weapon	160.904007 -2911.770020 401.372986	0.000 0.000 0.000
ttt_random_weapon	-217.082001 -3025.560059 401.372986	0.000 0.000 0.000
ttt_random_weapon	-599.674011 -3318.419922 401.372986	0.000 0.000 0.000
ttt_random_weapon	-90.927597 -3369.639893 441.757996	0.000 0.000 0.000
ttt_random_weapon	-256.416992 -3028.000000 279.000000	0.000 0.000 0.000
ttt_random_weapon	161.000000 -3006.000000 538.372986	0.000 0.000 0.000
ttt_random_weapon	161.000000 -2993.000000 538.372986	0.000 0.000 0.000
ttt_random_weapon	47.374901 -475.196014 241.373001	0.000 0.000 0.000
ttt_random_weapon	111.698997 -389.039001 241.373001	0.000 0.000 0.000
ttt_random_weapon	-351.576996 -401.407013 241.373001	0.000 0.000 0.000
ttt_random_weapon	-342.945007 -574.411987 241.373001	0.000 0.000 0.000
ttt_random_weapon	2285.310059 -959.260010 241.373001	0.000 0.000 0.000
ttt_random_weapon	2337.000000 -959.000000 241.373001	0.000 0.000 0.000
ttt_random_weapon	2525.129883 -871.388000 241.373001	0.000 0.000 0.000
ttt_random_weapon	2798.979980 -684.044006 241.373001	0.000 0.000 0.000
ttt_random_weapon	2800.850098 -634.668030 241.373001	0.000 0.000 0.000
ttt_random_weapon	2791.310059 -264.825989 241.373001	0.000 0.000 0.000
ttt_random_weapon	2343.429932 -123.427002 241.373001	0.000 0.000 0.000
ttt_random_weapon	483.843994 -2836.550049 537.372986	0.000 0.000 0.000
ttt_random_weapon	234.500000 -2838.979980 345.372986	0.000 0.000 0.000
ttt_random_weapon	233.279007 -2835.459961 465.372986	0.000 0.000 0.000
ttt_random_weapon	238.807999 -3076.330078 521.372986	0.000 0.000 0.000
ttt_random_weapon	-162.901001 -2902.270020 273.372986	0.000 0.000 0.000
ttt_random_weapon	-571.693970 -2599.739990 241.373001	0.000 0.000 0.000
ttt_random_weapon	490.920990 -2595.929932 241.373001	0.000 0.000 0.000
ttt_random_weapon	191.240997 -1945.630005 241.373001	0.000 0.000 0.000
ttt_random_weapon	-2154.830078 -430.687012 241.373001	0.000 0.000 0.000
ttt_random_weapon	-2214.659912 -428.277008 241.373001	0.000 0.000 0.000
ttt_random_weapon	-2222.429932 -584.614014 241.373001	0.000 0.000 0.000
ttt_random_weapon	-2141.909912 -589.606018 241.373001	0.000 0.000 0.000
ttt_random_weapon	-2178.040039 -589.614990 241.373001	0.000 0.000 0.000
ttt_random_weapon	322.890015 946.536987 417.372986	0.000 0.000 0.000
ttt_random_weapon	-162.292999 25.695999 209.373001	0.000 0.000 0.000
ttt_random_weapon	-204.151001 25.907700 209.373001	0.000 0.000 0.000
ttt_random_weapon	-247.464996 25.594200 209.373001	0.000 0.000 0.000
ttt_random_weapon	-166.533005 -64.172401 241.373001	0.000 0.000 0.000
ttt_random_weapon	328.364014 -320.503998 241.373001	0.000 0.000 0.000
ttt_random_weapon	329.980988 -366.558014 241.373001	0.000 0.000 0.000
ttt_random_weapon	330.458008 -644.469971 241.373001	0.000 0.000 0.000
ttt_random_weapon	330.056000 -691.002991 241.373001	0.000 0.000 0.000
ttt_random_weapon	-62.000000 -2857.000000 537.372986	0.000 0.000 0.000
ttt_random_weapon	-62.000000 -2894.000000 537.372986	0.000 0.000 0.000
ttt_random_weapon	-103.000000 -2894.000000 537.372986	0.000 0.000 0.000
ttt_random_weapon	-103.000000 -2857.000000 537.372986	0.000 0.000 0.000
ttt_random_weapon	-150.000000 -2894.000000 537.372986	0.000 0.000 0.000
ttt_random_weapon	-150.000000 -2857.000000 537.372986	0.000 0.000 0.000
ttt_random_weapon	-188.000000 -2894.000000 537.372986	0.000 0.000 0.000
ttt_random_weapon	-188.000000 -2857.000000 537.372986	0.000 0.000 0.000
ttt_random_weapon	-402.653534 961.277161 233.217621	1.642 5.572 -93.264
ttt_random_weapon	-408.278900 990.471619 233.214050	1.717 4.731 -92.960
ttt_random_weapon	-403.740173 1017.682129 233.202072	1.852 4.732 -92.650
ttt_random_weapon	-394.657593 1053.516479 233.244431	1.212 3.907 -94.731
ttt_random_weapon	-396.938660 1117.278198 233.214584	1.711 4.769 -92.973
ttt_random_weapon	-370.910156 1100.196655 232.953308	3.286 0.383 -92.079
ttt_random_weapon	-197.369370 937.397217 233.236710	1.402 10.337 -94.470
ttt_random_weapon	-208.890152 944.135620 234.533432	-1.146 -4.610 -114.319
ttt_random_weapon	-210.173889 1220.112061 233.212448	1.594 4.527 -93.340
ttt_random_weapon	-209.376160 1175.308350 233.242508	1.347 4.711 -94.110
ttt_random_weapon	-214.837311 1154.289063 233.206665	1.800 4.775 -92.769
ttt_random_weapon	-215.339584 1116.327026 233.228302	1.508 4.745 -93.622
ttt_random_weapon	-212.041473 1086.886353 233.221832	1.623 6.206 -93.168
ttt_random_weapon	-395.652283 401.365204 232.747940	1.331 2.788 -93.841
ttt_random_weapon	-395.214417 433.639740 232.748032	1.332 4.886 -93.841
ttt_random_weapon	-366.322601 428.778015 232.748032	1.332 4.321 -93.841
ttt_random_weapon	-330.665100 390.961578 232.673935	2.168 5.883 -91.926
ttt_random_weapon	-303.427399 391.304688 233.961929	2.455 -6.952 85.112
ttt_random_weapon	-307.905945 400.665924 232.748032	1.332 2.799 -93.841
ttt_random_weapon	-349.528778 424.997864 233.246658	-2.039 -6.314 85.358
ttt_random_weapon	-392.965088 420.025635 232.745331	1.362 -10.297 -93.771
ttt_random_weapon	-403.372253 479.310883 232.748032	1.332 2.799 -93.841
ttt_random_weapon	-380.302368 600.223694 232.748016	1.332 2.799 -93.841
ttt_random_weapon	-373.979431 571.661743 232.735306	1.355 6.324 -93.699
ttt_random_weapon	-358.821716 556.545288 232.746460	1.316 2.971 -93.839
ttt_random_weapon	-379.961365 584.648560 233.247757	-2.035 4.452 85.368
ttt_random_weapon	-386.503845 617.965637 232.747696	1.334 2.103 -93.840
ttt_random_weapon	-362.079163 641.767517 232.748016	1.332 3.485 -93.841
ttt_random_weapon	-331.874847 635.422058 232.748032	1.332 2.819 -93.841
ttt_random_weapon	-359.094940 637.718445 233.639221	-3.100 4.110 -91.451
ttt_random_weapon	-384.337555 623.229492 233.741394	-0.556 -1.627 -109.361
ttt_random_weapon	-376.113739 588.554688 232.748016	1.332 1.704 -93.840
ttt_random_weapon	-210.943649 361.909973 232.937576	3.311 4.316 -94.042
ttt_random_weapon	-207.902649 371.483643 233.757782	-2.647 -1.769 63.951
ttt_random_weapon	-200.753983 379.337402 233.247726	-2.036 -1.466 85.368
ttt_random_weapon	-215.994553 355.355316 232.747818	1.332 7.703 -93.839
ttt_random_weapon	-221.850815 367.666901 235.763794	-11.156 15.411 97.500
ttt_random_weapon	-215.281708 631.796631 232.748169	1.330 4.364 -93.844
ttt_random_weapon	-209.225250 603.786316 232.746445	1.278 4.011 -94.239
ttt_random_weapon	-213.937347 577.560791 232.742310	1.143 3.989 -95.238
ttt_random_weapon	-224.466736 552.802185 232.719040	1.182 4.046 -94.403
ttt_random_weapon	-220.894196 542.430786 232.748032	1.332 5.512 -93.841
ttt_random_weapon	-205.042068 520.234680 232.737869	1.164 4.277 -94.505
ttt_random_weapon	-208.567566 514.846741 232.648453	0.994 2.507 -93.933
ttt_random_weapon	349.994385 -1585.882690 233.217484	1.678 4.766 -93.049
ttt_random_weapon	350.623138 -1567.315308 233.214737	1.608 4.613 -93.945
ttt_random_weapon	357.747162 -1541.906860 233.236084	1.467 9.971 -93.531
ttt_random_weapon	362.414917 -1548.059692 233.246521	1.281 1.059 -94.218
ttt_random_weapon	342.164612 -1596.808350 233.209427	1.622 4.297 -93.877
ttt_random_weapon	326.829590 -1613.574341 233.209000	1.649 4.330 -92.973
ttt_random_weapon	-383.303833 -1470.554688 233.191391	1.421 4.946 -93.626
ttt_random_weapon	-386.555206 -1433.074219 233.170425	2.189 6.192 -91.953
ttt_random_weapon	-386.336243 -1415.915527 233.217026	1.683 4.767 -93.037
ttt_random_weapon	-360.081482 -1431.562866 233.945618	4.891 10.730 -91.714
ttt_random_weapon	-371.602478 -1481.505127 233.220963	1.537 4.429 -93.871
ttt_random_weapon	-384.283752 -1456.854492 233.229843	1.530 3.396 -93.384
ttt_random_weapon	-382.835144 -1438.259399 234.216110	-1.638 1.759 -54.603
ttt_random_weapon	-373.199890 -1474.130615 234.477768	-3.622 1.523 50.548
ttt_random_weapon	308.305878 -2169.761963 233.217880	1.567 3.606 -93.717
ttt_random_weapon	316.448273 -2146.529541 233.214584	1.711 4.769 -92.974
ttt_random_weapon	339.128387 -2126.570068 233.232681	1.323 4.563 -93.509
ttt_random_weapon	347.864960 -2109.697998 233.249115	1.916 4.737 -89.603
ttt_random_weapon	363.665894 -2091.267334 233.230820	1.452 5.273 -93.813
ttt_random_weapon	362.347290 -2114.400391 234.445847	4.925 -16.548 -80.979
ttt_random_weapon	345.836548 -2117.271484 234.011322	-0.453 -4.233 -65.049
ttt_random_weapon	344.052155 -2102.888916 234.634598	-3.794 1.164 46.631
ttt_random_weapon	-381.464142 -1842.593506 233.228271	1.497 5.975 -93.694
ttt_random_weapon	-339.496582 -1837.712646 233.249863	1.278 14.645 -93.926
ttt_random_weapon	-325.940002 -1841.836060 233.247452	1.308 2.658 -94.035
ttt_random_weapon	-369.653839 -1823.314697 233.193680	1.946 4.785 -92.434
ttt_random_weapon	-385.433990 -1859.376953 233.237427	1.395 3.688 -93.971
ttt_random_weapon	-374.452148 -1886.827271 233.234894	1.433 6.502 -93.864
ttt_random_weapon	-371.811432 -1900.736816 233.238617	1.397 2.483 -93.854
ttt_random_weapon	-378.254181 -1895.576050 234.685455	-3.959 8.201 44.609
ttt_random_weapon	-383.599915 -1846.129517 234.634872	-4.054 11.640 100.410
ttt_random_weapon	-351.483063 -1845.525269 233.950226	-0.472 2.797 -65.973
ttt_random_weapon	469.263458 -2626.972656 233.231537	1.372 4.815 -93.828
ttt_random_weapon	494.303741 -2651.123291 233.231094	1.465 5.358 -93.469
ttt_random_weapon	505.708710 -2670.309570 233.247635	1.405 4.624 -94.088
ttt_random_weapon	521.264099 -2633.812500 233.214569	1.711 4.769 -92.973
ttt_random_weapon	495.514893 -2607.552979 233.198730	1.748 4.746 -93.392
ttt_random_weapon	482.466217 -2596.771973 233.223526	1.601 4.526 -93.239
ttt_random_weapon	459.092316 -2618.363525 233.147644	2.270 3.039 -92.461
ttt_random_weapon	-569.577881 -2652.472656 233.220978	1.639 4.764 -93.139
ttt_random_weapon	-573.533691 -2674.416504 233.237991	1.430 4.720 -93.678
ttt_random_weapon	-593.907227 -2617.092285 233.222168	1.625 4.763 -93.170
ttt_random_weapon	-576.990784 -2596.181885 233.199539	1.716 4.202 -93.446
ttt_random_weapon	-573.337830 -2574.037109 233.205872	1.809 5.684 -92.749
ttt_random_weapon	-595.067322 -2624.864990 233.209702	1.646 4.747 -93.589
ttt_random_weapon	-582.340271 -2643.606934 233.246521	1.281 4.373 -94.221
ttt_random_weapon	-588.772766 -2827.587158 393.202271	1.849 4.928 -92.656
ttt_random_weapon	-614.154785 -2860.233154 393.204132	1.728 6.912 -92.819
ttt_random_weapon	-614.169312 -2907.990234 393.200134	1.873 4.930 -92.601
ttt_random_weapon	-587.275391 -2943.422363 393.220276	1.646 4.922 -93.121
ttt_random_weapon	-575.349487 -2957.488770 393.207275	0.909 5.093 -93.798
ttt_random_weapon	-585.473572 -3353.390869 393.240082	1.393 4.850 -93.813
ttt_random_weapon	-600.530762 -3343.395264 393.224915	1.532 4.583 -93.936
ttt_random_weapon	-603.284302 -3300.744873 393.248016	1.332 5.020 -93.841
ttt_random_weapon	-594.479736 -3285.594482 393.152954	2.386 2.712 -91.489
ttt_random_weapon	-154.534546 -2915.655762 393.242920	1.266 5.346 -93.976
ttt_random_weapon	-156.396317 -2949.938477 393.216278	1.641 4.882 -93.331
ttt_random_weapon	-166.205414 -2968.926025 393.204254	1.683 4.912 -93.558
ttt_random_weapon	-192.562546 -2991.446045 393.230652	1.497 4.550 -93.435
ttt_random_weapon	-188.326065 -2946.217773 393.214294	1.482 6.129 -93.637
ttt_random_weapon	-184.272354 -2908.297119 393.721100	-2.133 12.009 85.450
ttt_random_weapon	-171.396744 -2924.457520 393.221985	1.375 4.968 -93.454
ttt_random_weapon	-199.397522 -3231.005127 393.220947	1.377 6.561 -93.425
ttt_random_weapon	-194.254868 -3250.568604 393.234619	1.461 3.981 -93.631
ttt_random_weapon	-193.162857 -3262.256104 393.247955	1.330 10.101 -93.855
ttt_random_weapon	-188.663223 -3268.801514 393.160156	2.256 -0.651 -91.987
ttt_random_weapon	-202.711502 -3232.554443 395.689331	0.192 22.711 -94.109
ttt_random_weapon	-208.507858 -3233.127197 397.488953	5.876 -3.704 -4.866
ttt_random_weapon	17.820232 -2840.482666 393.246094	1.328 2.862 -93.912
ttt_random_weapon	34.686977 -2843.963867 393.787292	-2.625 6.394 86.987
ttt_random_weapon	59.207172 -2819.257324 393.170197	2.123 9.494 -92.373
ttt_random_weapon	78.767189 -2823.435059 393.115631	2.042 4.754 -91.318
ttt_random_weapon	108.272804 -2827.300293 393.198669	1.890 4.927 -92.563
ttt_random_weapon	129.244797 -2838.440918 393.191437	1.971 4.920 -92.376
ttt_random_weapon	147.588593 -2857.714600 393.220276	1.646 4.922 -93.121
ttt_random_weapon	154.114166 -2874.544678 393.206238	1.805 4.928 -92.759
ttt_random_weapon	-78.567780 -3298.214844 393.209869	1.764 4.928 -92.852
ttt_random_weapon	-91.681351 -3285.370361 393.219849	1.651 4.923 -93.110
ttt_random_weapon	-95.103188 -3256.077637 393.227203	1.568 4.917 -93.301
ttt_random_weapon	-95.329750 -3233.030029 393.210449	1.757 4.928 -92.867
ttt_random_weapon	-94.121330 -3213.223389 393.211578	1.745 4.927 -92.896
ttt_random_weapon	402.830841 -3160.378906 393.210449	1.757 4.928 -92.867
ttt_random_weapon	374.632721 -3169.928955 393.214294	1.393 5.409 -93.335
ttt_random_weapon	331.133331 -3172.701416 393.187561	1.121 5.509 -93.388
ttt_random_weapon	308.059692 -3172.392334 394.856384	-6.901 5.213 87.961
ttt_random_weapon	231.281754 -3095.298828 513.229370	1.265 4.784 -93.676
ttt_random_weapon	213.913513 -3077.352539 513.254822	1.615 4.624 -94.771
ttt_random_weapon	218.639877 -3062.071289 513.237183	1.455 9.597 -93.558
ttt_random_weapon	226.520950 -3064.247070 515.426575	-5.423 14.815 115.569
ttt_random_weapon	216.529373 -3107.533203 513.231689	1.436 5.067 -93.581
ttt_random_weapon	2289.582520 -940.103699 233.209229	1.387 6.169 -93.408
ttt_random_weapon	2300.535400 -949.266479 233.245453	1.245 -24.909 -94.484
ttt_random_weapon	2339.859375 -936.233582 233.235870	1.355 5.464 -93.657
ttt_random_weapon	2348.706299 -924.620667 233.211945	1.741 4.771 -92.905
ttt_random_weapon	2313.300781 -925.762756 233.203720	1.683 3.014 -93.627
ttt_random_weapon	2292.032959 -928.827454 234.383972	-4.349 3.379 -92.852
ttt_random_weapon	2269.407227 -931.455505 234.291718	-4.074 0.280 -95.112
ttt_random_weapon	2615.604736 -872.843872 233.441666	3.455 7.124 -93.918
ttt_random_weapon	2621.085205 -878.171204 233.749329	-1.193 0.510 -85.723
ttt_random_weapon	2625.813965 -889.264832 233.242630	1.355 -14.637 -94.016
ttt_random_weapon	2636.528564 -870.925171 234.482941	7.059 5.524 -92.833
ttt_random_weapon	2642.121826 -861.585144 233.246643	1.259 1.948 -93.906
ttt_random_weapon	2628.860840 -860.396362 235.616852	-7.423 -10.291 -111.126
ttt_random_weapon	2630.189941 -508.057587 233.180084	1.576 5.275 -92.676
ttt_random_weapon	2630.682861 -514.286926 233.696060	-1.995 -8.276 84.868
ttt_random_weapon	2630.592529 -509.957550 235.337494	2.807 3.101 -81.607
ttt_random_weapon	2632.540039 -515.029053 236.178635	-2.164 -6.880 83.088
ttt_random_weapon	2633.525879 -511.501526 237.680862	5.707 7.641 -80.549
ttt_random_weapon	2517.485352 -641.351807 233.241776	1.368 4.038 -93.802
ttt_random_weapon	2522.220947 -649.368103 233.210480	1.615 -0.341 -93.566
ttt_random_weapon	2522.174561 -635.764038 233.166519	2.194 -3.438 -92.011
ttt_random_weapon	2523.688721 -628.493652 233.161133	2.135 5.523 -91.885
ttt_random_weapon	2527.426514 -626.886841 235.703140	1.018 6.659 -91.090
ttt_random_weapon	2527.328857 -757.542664 233.213516	1.470 11.599 -93.312
ttt_random_weapon	2522.593018 -771.901611 233.155075	2.172 -38.536 -92.746
ttt_random_weapon	2527.545654 -760.390320 235.214401	1.731 14.212 -82.918
ttt_random_weapon	2529.598633 -749.115295 233.245926	1.261 -0.329 -94.365
ttt_random_weapon	2528.068604 -736.500488 233.682343	-2.061 15.367 85.365
ttt_random_weapon	2213.887451 -90.210701 233.227463	1.565 1.131 -93.307
ttt_random_weapon	2241.733643 -83.000893 233.224579	1.134 4.084 -93.792
ttt_random_weapon	2265.523682 -87.977867 233.210373	1.423 11.145 -93.629
ttt_random_weapon	2281.986084 -92.565826 233.212708	1.315 2.384 -94.211
ttt_random_weapon	2255.935059 -101.441933 233.227234	1.568 2.980 -93.301
ttt_random_weapon	2241.139404 -95.306282 234.036316	-2.925 25.048 -92.729
ttt_random_weapon	2252.481934 -68.961708 233.703796	-2.487 12.458 85.323
ttt_random_weapon	2268.483398 -92.484322 236.808685	4.247 -9.652 108.684
ttt_random_weapon	1458.465332 -144.924667 233.245438	1.973 10.896 -89.350
ttt_random_weapon	1469.960449 -148.532135 233.726456	-0.218 1.257 -69.744
ttt_random_weapon	1490.990234 -125.687508 233.190369	1.433 11.045 -93.459
ttt_random_weapon	1508.149902 -130.085022 233.156601	2.084 4.255 -92.067
ttt_random_weapon	1511.191162 -149.487213 233.200668	1.868 4.822 -92.614
ttt_random_weapon	1488.723999 -157.603516 233.231766	1.228 4.109 -93.903
ttt_random_weapon	114.311516 -365.429443 233.254425	1.140 1.589 -93.912
ttt_random_weapon	103.711678 -370.275665 233.960358	-0.448 -0.563 -66.695
ttt_random_weapon	102.143997 -380.380371 233.261032	2.188 4.921 -90.132
ttt_random_weapon	91.533646 -365.239044 235.096161	-4.927 -25.209 -48.735
ttt_random_weapon	106.269524 -350.797455 233.236786	1.424 12.254 -93.765
ttt_random_weapon	120.336304 -355.473267 233.162689	2.129 3.066 -92.232
ttt_random_weapon	119.520920 -373.929657 236.154892	7.280 -4.457 95.575
ttt_random_weapon	111.728027 -384.303467 234.377914	-3.676 1.048 -85.832
ttt_random_weapon	-30.445684 -460.442963 233.237732	1.348 6.511 -93.706
ttt_random_weapon	-26.527969 -470.756073 233.264465	2.020 3.971 -90.347
ttt_random_weapon	-17.342169 -476.345947 233.704163	-2.366 -1.334 85.238
ttt_random_weapon	-12.978013 -473.999634 234.867050	-2.612 -2.056 -85.576
ttt_random_weapon	-13.951344 -482.010315 233.744873	-2.073 -3.578 85.457
ttt_random_weapon	-17.558401 -480.256134 236.134293	-2.796 -1.716 84.486
ttt_random_weapon	-21.281670 -468.212036 235.938599	5.702 4.714 -64.095
weapon_ttt_m16	-427.000000 -3210.000000 269.683014	0.000 0.000 0.000
item_ammo_pistol_ttt	-395.000000 -3235.000000 265.279999	0.000 0.000 0.000
item_ammo_pistol_ttt	-405.000000 -3235.000000 265.279999	0.000 0.000 0.000
weapon_ttt_ak47	320.992645 839.798035 232.922516	0.089 13.135 -87.890
weapon_ttt_ak47	278.687073 838.428650 233.112411	-0.359 14.934 -90.471
weapon_ttt_ak47	320.609528 884.740417 232.863510	0.171 11.303 -87.235
weapon_ttt_ak47	291.248260 886.566040 232.893982	0.083 13.910 -87.689
weapon_ttt_ak47	374.519562 1086.838623 232.890411	0.134 13.136 -87.539
weapon_ttt_ak47	378.597900 1010.460388 232.907318	0.111 13.136 -87.724
ttt_playerspawn	2431.058350 -894.359863 232.494385	0.042 0.000 0.042
ttt_playerspawn	2515.542480 -519.623291 234.283417	-0.033 -0.877 0.033
ttt_playerspawn	2530.726563 -365.088776 234.277649	-0.046 -0.092 0.046
ttt_playerspawn	2767.305908 -467.349884 234.858383	0.028 -0.478 0.121
ttt_playerspawn	2664.458496 -735.746704 234.008087	0.035 -0.554 0.035
ttt_playerspawn	2653.149902 -627.452698 234.771576	-0.025 -0.924 0.025
ttt_playerspawn	2741.942871 -734.973145 233.954666	-0.028 0.462 0.028
ttt_playerspawn	2740.026123 -639.341675 234.524017	-0.030 -0.383 0.030
ttt_playerspawn	2486.557129 -111.713150 235.881836	-0.035 -1.247 0.035
ttt_playerspawn	2508.972412 -213.557449 237.552750	-0.037 -0.487 0.037
ttt_playerspawn	2668.921143 -100.345154 234.675735	-0.042 -3.234 0.042
ttt_playerspawn	2652.095215 -206.252304 237.864975	-0.044 -2.587 0.044
ttt_playerspawn	2229.583252 -299.654114 235.561935	-0.035 -2.032 -0.035
ttt_playerspawn	2374.577148 -295.920593 234.535919	-0.030 -0.707 0.030
ttt_playerspawn	2290.970215 -817.306213 234.294800	-0.020 -0.277 0.020
ttt_playerspawn	2301.986328 -608.624329 236.915787	-0.042 -0.964 0.042
ttt_playerspawn	2230.989990 -420.631256 236.592743	-0.041 -0.542 0.041
ttt_playerspawn	2362.332520 -416.389862 235.032608	-0.030 -0.412 0.030
ttt_playerspawn	-54.592667 -592.163269 236.095886	-0.047 -0.194 0.047
ttt_playerspawn	79.064873 -601.470825 235.153076	-0.049 -0.501 0.049
ttt_playerspawn	189.716812 -707.111389 237.488235	-0.023 -0.383 0.023
ttt_playerspawn	-30.294973 -702.809082 235.652618	-0.042 -0.433 0.042
ttt_playerspawn	-290.156128 -375.045258 235.821564	-0.032 -1.016 0.032
ttt_playerspawn	-292.626923 -521.804504 235.065857	-0.044 -0.368 0.044
ttt_playerspawn	98.590729 -197.062042 235.079010	-0.030 -0.277 0.030
ttt_playerspawn	-97.638046 -238.817169 235.400909	-0.048 -0.912 0.209
ttt_playerspawn	-301.087769 1172.718384 233.662949	0.171 5.360 -0.104
ttt_playerspawn	-381.260223 1170.386719 235.225632	-0.037 -0.277 0.036
ttt_playerspawn	-354.710358 1003.970154 233.087524	0.006 -0.106 -0.918
ttt_playerspawn	-31.239178 1927.207275 586.084961	-0.031 0.601 0.031
ttt_playerspawn	54.825043 1989.039917 587.213989	-0.060 -0.647 0.060
ttt_playerspawn	-3.986111 632.891357 236.943695	-0.039 0.092 0.039
ttt_playerspawn	-2.894115 880.707336 237.547775	-0.042 -0.370 0.042
ttt_playerspawn	3.236230 1316.776489 237.608170	-0.032 -0.707 0.032
ttt_playerspawn	-8.592537 1185.703613 234.840988	-0.037 -0.183 0.037
ttt_playerspawn	-7.290481 33.297947 237.116272	-0.041 -0.634 0.041
ttt_playerspawn	8.926236 323.421509 234.763580	-0.020 -0.000 0.020
ttt_playerspawn	741.013611 -490.104462 237.184158	-0.031 -0.360 0.031
ttt_playerspawn	461.368347 -482.559631 235.081299	-0.033 -0.875 0.033
ttt_playerspawn	1067.853638 -502.975800 235.844971	-0.032 -0.000 0.032
ttt_playerspawn	1338.338379 -491.496582 240.323624	-0.021 -0.366 0.021
ttt_playerspawn	1659.347778 -495.803314 239.263184	-0.046 -0.092 0.046
ttt_playerspawn	1921.741211 -495.992950 237.180328	-0.030 0.462 0.030
ttt_playerspawn	5.183047 -3152.478516 532.783203	-0.075 0.371 0.075
ttt_playerspawn	-1.627071 -3016.406250 535.307312	-0.092 -0.877 0.092
ttt_playerspawn	-273.863159 -3200.680176 532.243164	0.020 -1.041 0.086
ttt_playerspawn	-369.860687 -3019.167969 531.310913	-0.236 1.086 0.009
ttt_playerspawn	-475.874878 -3215.934082 532.684814	0.008 0.313 0.076
ttt_playerspawn	-206.890137 -3070.471680 533.932983	0.003 -0.577 0.083
ttt_playerspawn	-453.713257 -2634.470215 236.367798	-0.044 0.011 0.044
ttt_playerspawn	256.567993 -2637.481201 235.938782	-0.032 -0.317 0.032
ttt_playerspawn	43.900909 -2638.722656 237.103256	-0.038 -0.552 0.038
ttt_playerspawn	-212.939316 -2650.361816 235.561676	-0.034 -0.348 0.034
ttt_playerspawn	-322.194519 -2617.407471 236.714981	-0.036 -0.092 0.036
item_box_buckshot_ttt	-444.243988 -3369.439941 264.294006	0.000 0.000 0.000
item_ammo_smg1_ttt	273.522888 1089.833984 232.475403	-0.562 0.065 0.258
item_ammo_smg1_ttt	316.450317 1087.666382 232.480469	-0.213 -0.001 0.022
item_ammo_smg1_ttt	337.647186 1066.390259 232.542038	0.111 -0.017 -0.097
item_ammo_smg1_ttt	376.916992 1045.493042 232.426498	0.597 -0.003 0.389
item_ammo_smg1_ttt	371.572357 987.324951 232.383713	0.079 -0.005 0.040
item_ammo_smg1_ttt	340.774628 995.199341 232.401733	0.171 -0.005 0.103
item_ammo_smg1_ttt	378.775665 933.548401 232.504349	-0.661 0.011 -0.503
item_ammo_smg1_ttt	362.483276 912.978638 232.506561	-0.530 0.010 -0.415
item_ammo_smg1_ttt	327.717285 819.945435 232.474319	0.569 -0.014 0.261
item_ammo_smg1_ttt	300.384583 817.697266 232.507416	-0.476 0.012 -0.378
item_ammo_smg1_ttt	259.842407 853.333740 232.509964	0.017 -0.319 -0.376
item_ammo_smg1_ttt	304.545837 865.274475 232.518082	-0.236 0.013 -0.206
ttt_random_ammo	347.561005 -1405.880005 232.001007	0.000 0.000 0.000
ttt_random_ammo	347.561005 -1397.880005 232.001007	0.000 0.000 0.000
ttt_random_ammo	347.561005 -1437.880005 232.001007	0.000 0.000 0.000
ttt_random_ammo	347.561005 -1429.880005 232.001007	0.000 0.000 0.000
ttt_random_ammo	-312.468994 -1281.750000 232.001007	0.000 0.000 0.000
ttt_random_ammo	-312.468994 -1273.750000 232.001007	0.000 0.000 0.000
ttt_random_ammo	-312.468994 -1313.750000 232.001007	0.000 0.000 0.000
ttt_random_ammo	-312.468994 -1305.750000 232.001007	0.000 0.000 0.000
ttt_random_ammo	329.630005 -1976.619995 232.001007	0.000 0.000 0.000
ttt_random_ammo	329.630005 -1968.619995 232.001007	0.000 0.000 0.000
ttt_random_ammo	329.630005 -2008.619995 232.001007	0.000 0.000 0.000
ttt_random_ammo	329.630005 -2000.619995 232.001007	0.000 0.000 0.000
ttt_random_ammo	-354.148010 -2008.550049 232.001007	0.000 0.000 0.000
ttt_random_ammo	-354.148010 -2000.550049 232.001007	0.000 0.000 0.000
ttt_random_ammo	-354.148010 -2040.550049 232.001007	0.000 0.000 0.000
ttt_random_ammo	-354.148010 -2032.550049 232.001007	0.000 0.000 0.000
ttt_random_ammo	933.258972 -763.822998 232.001007	0.000 0.000 0.000
ttt_random_ammo	933.258972 -755.822998 232.001007	0.000 0.000 0.000
ttt_random_ammo	933.258972 -795.822998 232.001007	0.000 0.000 0.000
ttt_random_ammo	933.258972 -787.822998 232.001007	0.000 0.000 0.000
ttt_random_ammo	1630.319946 -176.287994 232.001007	0.000 0.000 0.000
ttt_random_ammo	1630.319946 -168.287994 232.001007	0.000 0.000 0.000
ttt_random_ammo	1630.319946 -208.287994 232.001007	0.000 0.000 0.000
ttt_random_ammo	1630.319946 -200.287994 232.001007	0.000 0.000 0.000
ttt_random_ammo	1385.869995 -823.888977 232.001007	0.000 0.000 0.000
ttt_random_ammo	1385.869995 -815.888977 232.001007	0.000 0.000 0.000
ttt_random_ammo	1385.869995 -855.888977 232.001007	0.000 0.000 0.000
ttt_random_ammo	1385.869995 -847.888977 232.001007	0.000 0.000 0.000
ttt_random_ammo	-815.030029 -101.730003 232.001007	0.000 0.000 0.000
ttt_random_ammo	-815.030029 -93.729897 232.001007	0.000 0.000 0.000
ttt_random_ammo	-815.030029 -133.729996 232.001007	0.000 0.000 0.000
ttt_random_ammo	-815.030029 -125.730003 232.001007	0.000 0.000 0.000
ttt_random_ammo	-1323.040039 -108.942001 232.001007	0.000 0.000 0.000
ttt_random_ammo	-1323.040039 -100.942001 232.001007	0.000 0.000 0.000
ttt_random_ammo	-1323.040039 -140.942001 232.001007	0.000 0.000 0.000
ttt_random_ammo	-1323.040039 -132.942001 232.001007	0.000 0.000 0.000
ttt_random_ammo	-1499.310059 -854.442017 232.001007	0.000 0.000 0.000
ttt_random_ammo	-1499.310059 -846.442017 232.001007	0.000 0.000 0.000
ttt_random_ammo	162.000000 -3025.000000 529.000977	0.000 0.000 0.000
ttt_random_ammo	162.000000 -3032.000000 529.000977	0.000 0.000 0.000
ttt_random_ammo	106.751999 -2904.060059 265.001007	0.000 0.000 0.000
ttt_random_ammo	90.975304 -2885.600098 265.001007	0.000 0.000 0.000
ttt_random_ammo	-476.032990 -2881.280029 295.579987	0.000 0.000 0.000
ttt_random_ammo	-477.130005 -2864.080078 295.579987	0.000 0.000 0.000
ttt_random_ammo	-399.485992 -3369.409912 265.001007	0.000 0.000 0.000
ttt_random_ammo	-608.447021 -3372.310059 265.001007	0.000 0.000 0.000
ttt_random_ammo	-559.218994 -3374.169922 265.001007	0.000 0.000 0.000
ttt_random_ammo	-467.037994 -3375.469971 265.001007	0.000 0.000 0.000
ttt_random_ammo	-523.768005 -3375.300049 265.001007	0.000 0.000 0.000
ttt_random_ammo	-252.339005 -2808.149902 265.001007	0.000 0.000 0.000
ttt_random_ammo	217.306000 -2807.679932 265.001007	0.000 0.000 0.000
ttt_random_ammo	244.156998 -2808.850098 265.001007	0.000 0.000 0.000
ttt_random_ammo	170.263000 -3178.530029 393.001007	0.000 0.000 0.000
ttt_random_ammo	169.300995 -2901.100098 393.001007	0.000 0.000 0.000
ttt_random_ammo	170.240005 -2890.540039 393.001007	0.000 0.000 0.000
ttt_random_ammo	-610.419983 -3283.909912 393.001007	0.000 0.000 0.000
ttt_random_ammo	-611.544983 -3294.229980 393.001007	0.000 0.000 0.000
ttt_random_ammo	-145.526001 -3272.419922 393.001007	0.000 0.000 0.000
ttt_random_ammo	-146.703003 -3283.979980 393.001007	0.000 0.000 0.000
ttt_random_ammo	134.445999 -3226.399902 393.001007	0.000 0.000 0.000
ttt_random_ammo	108.777000 -3225.149902 393.001007	0.000 0.000 0.000
ttt_random_ammo	518.000000 -2816.000000 529.000977	0.000 0.000 0.000
ttt_random_ammo	518.000000 -2827.000000 529.000977	0.000 0.000 0.000
ttt_random_ammo	-267.000000 -3026.000000 297.705994	0.000 0.000 0.000
ttt_random_ammo	-244.000000 -3026.000000 297.705994	0.000 0.000 0.000
ttt_random_ammo	53.374901 -461.196014 232.001007	0.000 0.000 0.000
ttt_random_ammo	53.374901 -453.196014 232.001007	0.000 0.000 0.000
ttt_random_ammo	117.698997 -375.039001 232.001007	0.000 0.000 0.000
ttt_random_ammo	117.698997 -367.039001 232.001007	0.000 0.000 0.000
ttt_random_ammo	-345.576996 -387.407013 232.001007	0.000 0.000 0.000
ttt_random_ammo	-345.576996 -379.407013 232.001007	0.000 0.000 0.000
ttt_random_ammo	-336.945007 -560.411987 232.001007	0.000 0.000 0.000
ttt_random_ammo	-336.945007 -552.411987 232.001007	0.000 0.000 0.000
ttt_random_ammo	2291.310059 -945.260010 232.001007	0.000 0.000 0.000
ttt_random_ammo	2291.310059 -937.260010 232.001007	0.000 0.000 0.000
ttt_random_ammo	2343.000000 -945.000000 232.001007	0.000 0.000 0.000
ttt_random_ammo	2343.000000 -937.000000 232.001007	0.000 0.000 0.000
ttt_random_ammo	2531.129883 -857.388000 232.001007	0.000 0.000 0.000
ttt_random_ammo	2531.129883 -849.388000 232.001007	0.000 0.000 0.000
ttt_random_ammo	2804.979980 -670.044006 232.001007	0.000 0.000 0.000
ttt_random_ammo	2804.979980 -662.044006 232.001007	0.000 0.000 0.000
ttt_random_ammo	2806.850098 -620.668030 232.001007	0.000 0.000 0.000
ttt_random_ammo	2806.850098 -612.668030 232.001007	0.000 0.000 0.000
ttt_random_ammo	2797.310059 -250.826004 232.001007	0.000 0.000 0.000
ttt_random_ammo	2797.310059 -242.826004 232.001007	0.000 0.000 0.000
ttt_random_ammo	2349.429932 -109.427002 232.001007	0.000 0.000 0.000
ttt_random_ammo	2349.429932 -101.427002 232.001007	0.000 0.000 0.000
ttt_random_ammo	489.843994 -2822.550049 528.000977	0.000 0.000 0.000
ttt_random_ammo	489.843994 -2814.550049 528.000977	0.000 0.000 0.000
ttt_random_ammo	240.500000 -2824.979980 336.001007	0.000 0.000 0.000
ttt_random_ammo	240.500000 -2816.979980 336.001007	0.000 0.000 0.000
ttt_random_ammo	239.279007 -2821.459961 456.001007	0.000 0.000 0.000
ttt_random_ammo	239.279007 -2813.459961 456.001007	0.000 0.000 0.000
ttt_random_ammo	244.807999 -3062.330078 512.000977	0.000 0.000 0.000
ttt_random_ammo	244.807999 -3054.330078 512.000977	0.000 0.000 0.000
ttt_random_ammo	-156.901001 -2888.270020 264.001007	0.000 0.000 0.000
ttt_random_ammo	-156.901001 -2880.270020 264.001007	0.000 0.000 0.000
ttt_random_ammo	-565.693970 -2585.739990 232.001007	0.000 0.000 0.000
ttt_random_ammo	-565.693970 -2577.739990 232.001007	0.000 0.000 0.000
ttt_random_ammo	496.920990 -2581.929932 232.001007	0.000 0.000 0.000
ttt_random_ammo	496.920990 -2573.929932 232.001007	0.000 0.000 0.000
ttt_random_ammo	197.240997 -1931.630005 232.001007	0.000 0.000 0.000
ttt_random_ammo	197.240997 -1923.630005 232.001007	0.000 0.000 0.000
ttt_random_ammo	-2148.830078 -416.687012 232.001007	0.000 0.000 0.000
ttt_random_ammo	-2148.830078 -408.687012 232.001007	0.000 0.000 0.000
ttt_random_ammo	-2208.659912 -414.277008 232.001007	0.000 0.000 0.000
ttt_random_ammo	-2208.659912 -406.277008 232.001007	0.000 0.000 0.000
ttt_random_ammo	-2216.429932 -570.614014 232.001007	0.000 0.000 0.000
ttt_random_ammo	-2216.429932 -562.614014 232.001007	0.000 0.000 0.000
ttt_random_ammo	-2135.909912 -575.606018 232.001007	0.000 0.000 0.000
ttt_random_ammo	-2135.909912 -567.606018 232.001007	0.000 0.000 0.000
ttt_random_ammo	-2172.040039 -575.614990 232.001007	0.000 0.000 0.000
ttt_random_ammo	-2172.040039 -567.614990 232.001007	0.000 0.000 0.000
ttt_random_ammo	328.890015 960.536987 408.001007	0.000 0.000 0.000
ttt_random_ammo	328.890015 968.536987 408.001007	0.000 0.000 0.000
ttt_random_ammo	-156.292999 39.695999 200.001007	0.000 0.000 0.000
ttt_random_ammo	-156.292999 47.695999 200.001007	0.000 0.000 0.000
ttt_random_ammo	-198.151001 39.907700 200.001007	0.000 0.000 0.000
ttt_random_ammo	-198.151001 47.907700 200.001007	0.000 0.000 0.000
ttt_random_ammo	-241.464996 39.594200 200.001007	0.000 0.000 0.000
ttt_random_ammo	-241.464996 47.594200 200.001007	0.000 0.000 0.000
ttt_random_ammo	-160.533005 -50.172401 232.001007	0.000 0.000 0.000
ttt_random_ammo	-160.533005 -42.172401 232.001007	0.000 0.000 0.000
ttt_random_ammo	334.364014 -306.503998 232.001007	0.000 0.000 0.000
ttt_random_ammo	334.364014 -298.503998 232.001007	0.000 0.000 0.000
ttt_random_ammo	335.980988 -352.558014 232.001007	0.000 0.000 0.000
ttt_random_ammo	335.980988 -344.558014 232.001007	0.000 0.000 0.000
ttt_random_ammo	336.458008 -630.469971 232.001007	0.000 0.000 0.000
ttt_random_ammo	336.458008 -622.469971 232.001007	0.000 0.000 0.000
ttt_random_ammo	336.056000 -677.002991 232.001007	0.000 0.000 0.000
ttt_random_ammo	336.056000 -669.002991 232.001007	0.000 0.000 0.000
ttt_random_ammo	-56.000000 -2843.000000 528.000977	0.000 0.000 0.000
ttt_random_ammo	-56.000000 -2835.000000 528.000977	0.000 0.000 0.000
ttt_random_ammo	-56.000000 -2880.000000 528.000977	0.000 0.000 0.000
ttt_random_ammo	-56.000000 -2872.000000 528.000977	0.000 0.000 0.000
ttt_random_ammo	-97.000000 -2880.000000 528.000977	0.000 0.000 0.000
ttt_random_ammo	-97.000000 -2872.000000 528.000977	0.000 0.000 0.000
ttt_random_ammo	-97.000000 -2843.000000 528.000977	0.000 0.000 0.000
ttt_random_ammo	-97.000000 -2835.000000 528.000977	0.000 0.000 0.000
ttt_random_ammo	-144.000000 -2880.000000 528.000977	0.000 0.000 0.000
ttt_random_ammo	-144.000000 -2872.000000 528.000977	0.000 0.000 0.000
ttt_random_ammo	-144.000000 -2843.000000 528.000977	0.000 0.000 0.000
ttt_random_ammo	-144.000000 -2835.000000 528.000977	0.000 0.000 0.000
ttt_random_ammo	-182.000000 -2880.000000 528.000977	0.000 0.000 0.000
ttt_random_ammo	-182.000000 -2872.000000 528.000977	0.000 0.000 0.000
ttt_random_ammo	-182.000000 -2843.000000 528.000977	0.000 0.000 0.000
ttt_random_ammo	-182.000000 -2835.000000 528.000977	0.000 0.000 0.000
ttt_random_ammo	-384.898315 1216.052124 232.320084	0.046 0.000 -0.034
ttt_random_ammo	-354.507019 1223.421021 232.231888	9.196 -3.756 0.529
ttt_random_ammo	-326.278778 1226.412598 232.349014	0.050 0.000 -0.014
ttt_random_ammo	-304.765656 1217.603027 232.434052	1.229 0.030 1.480
ttt_random_ammo	-371.501251 928.025574 232.464203	-0.991 -0.026 1.200
ttt_random_ammo	-405.564301 943.678650 232.374481	0.118 0.000 0.082
ttt_random_ammo	-412.306335 974.556335 232.386734	0.306 0.002 0.316
ttt_random_ammo	-371.618713 946.163208 232.331070	-0.046 0.000 0.029
ttt_random_ammo	-409.846649 1039.540405 232.346802	0.049 0.000 -0.017
ttt_random_ammo	-396.737885 1072.845703 232.395248	1.386 0.023 1.634
ttt_random_ammo	-376.254578 1079.965088 231.977158	-0.471 -7.861 0.018
ttt_random_ammo	-422.947327 1026.765137 232.357483	0.059 0.000 0.000
ttt_random_ammo	-381.183258 1039.997681 231.878082	0.637 0.003 0.533
ttt_random_ammo	-392.182190 1006.441711 232.377106	1.019 -0.046 0.158
ttt_random_ammo	-222.759186 1191.598877 232.337601	0.046 0.000 -0.025
ttt_random_ammo	-218.051041 1208.315918 232.342300	0.047 -0.000 0.021
ttt_random_ammo	-222.753952 1232.950684 232.411713	-1.088 -0.014 1.270
ttt_random_ammo	-204.865005 1216.448120 234.671387	-0.211 6.853 89.638
ttt_random_ammo	-209.447617 1183.015259 234.711685	-0.006 4.611 -90.466
ttt_random_ammo	-214.630463 1149.228027 232.394913	1.240 0.019 1.455
ttt_random_ammo	-209.815765 1124.353271 234.711670	0.008 -1.053 -90.506
ttt_random_ammo	-209.504898 1094.351074 232.451096	-0.857 3.198 1.571
ttt_random_ammo	-201.933533 933.086121 234.704803	-1.345 15.042 89.999
ttt_random_ammo	-213.736954 923.778625 232.325302	0.046 -0.000 0.031
ttt_random_ammo	-223.915100 929.212585 232.369125	0.088 -0.000 -0.043
ttt_random_ammo	-192.430908 948.398193 234.672531	-1.004 -53.699 -90.006
ttt_random_ammo	-349.301880 379.046631 231.994965	0.001 0.015 0.001
ttt_random_ammo	-371.182800 410.345703 231.994965	0.001 0.015 0.001
ttt_random_ammo	-353.346985 405.906769 231.994949	0.001 0.015 0.001
ttt_random_ammo	-324.248505 378.872955 231.994934	0.001 0.015 0.001
ttt_random_ammo	-364.972778 414.597473 231.994980	0.001 0.032 -0.001
ttt_random_ammo	-374.880493 423.202606 231.994858	-0.355 -0.420 -0.359
ttt_random_ammo	-381.875122 355.382660 231.994888	0.002 -0.015 -0.002
ttt_random_ammo	-327.016907 398.491882 231.994904	0.002 0.001 0.002
ttt_random_ammo	-343.689514 430.818237 231.994843	0.002 -0.015 -0.003
ttt_random_ammo	-374.817719 434.865143 231.994827	0.003 0.015 0.003
ttt_random_ammo	-407.815094 396.604462 234.258087	-0.001 4.926 89.998
ttt_random_ammo	-411.929138 407.539246 234.211014	0.001 1.063 -89.998
ttt_random_ammo	-385.710785 463.611633 231.994690	0.004 0.015 0.005
ttt_random_ammo	-375.471649 573.635681 234.490570	-1.012 0.451 0.236
ttt_random_ammo	-379.443909 620.825073 234.455429	4.186 3.063 0.374
ttt_random_ammo	-361.343567 621.330078 231.994080	-0.017 -0.015 0.020
ttt_random_ammo	-355.770599 585.594543 231.994110	-0.021 -0.014 0.024
ttt_random_ammo	-382.094055 557.278992 231.993713	-0.024 -0.015 0.028
ttt_random_ammo	-419.279755 572.009094 231.993439	-0.029 -0.015 0.033
ttt_random_ammo	-380.740234 615.393372 231.993103	-0.030 -0.014 0.033
ttt_random_ammo	-359.882202 610.802979 231.992783	-0.041 -0.015 0.047
ttt_random_ammo	-353.233643 601.402466 231.992508	0.007 -0.500 -0.070
ttt_random_ammo	-353.636963 580.414063 231.991852	-0.059 -0.015 0.068
ttt_random_ammo	-368.438721 566.764099 234.133530	4.570 3.563 -63.756
ttt_random_ammo	-356.240112 596.443970 231.992584	0.076 -4.964 -0.047
ttt_random_ammo	-346.859283 604.048401 231.991974	0.036 0.536 -0.113
ttt_random_ammo	-344.552612 599.071777 231.988190	-0.100 -0.012 0.105
ttt_random_ammo	-347.090790 579.828735 231.988541	0.180 -0.012 0.114
ttt_random_ammo	-371.759583 558.713867 233.751801	-2.752 -3.622 -47.564
ttt_random_ammo	-387.506958 429.813660 234.692917	16.675 122.694 -79.389
ttt_random_ammo	-218.571625 633.420532 234.405106	-0.774 -7.334 0.286
ttt_random_ammo	-226.068558 627.181152 231.937012	0.211 6.670 1.521
ttt_random_ammo	-235.737503 573.104065 231.929672	1.092 0.024 1.205
ttt_random_ammo	-240.632095 549.534729 235.151169	-89.817 173.476 -88.043
ttt_random_ammo	-218.917816 525.269287 231.932556	1.044 0.023 1.152
ttt_random_ammo	-222.270813 558.969666 234.187973	0.424 7.740 -89.919
ttt_random_ammo	-225.482315 593.417297 231.867859	0.320 0.000 0.122
ttt_random_ammo	-217.345200 625.599609 234.226440	-0.806 10.339 89.992
ttt_random_ammo	-219.011627 662.115112 231.988602	-0.738 0.250 -0.894
ttt_random_ammo	-214.224426 660.370117 234.210052	88.761 -119.916 -103.891
ttt_random_ammo	-214.636383 344.167236 234.204620	0.329 -4.351 89.975
ttt_random_ammo	-207.447784 347.697693 232.001251	0.003 5.832 0.163
ttt_random_ammo	-199.072540 361.485596 234.071762	2.925 -1.725 -2.212
ttt_random_ammo	-204.008774 373.944427 235.882874	47.068 74.416 76.020
ttt_random_ammo	-212.662827 377.542725 234.074844	-5.448 -4.630 52.781
ttt_random_ammo	-225.704117 348.349335 234.129501	0.175 -2.382 89.443
ttt_random_ammo	-219.986435 349.857544 235.153778	42.150 -68.113 -90.003
ttt_random_ammo	-214.467377 348.113586 239.211380	0.319 16.233 90.801
ttt_random_ammo	-209.608414 360.895966 238.693573	62.900 125.326 -163.555
ttt_random_ammo	300.089447 -1614.289063 232.339966	0.047 0.000 -0.023
ttt_random_ammo	308.278442 -1580.585571 232.416809	1.623 0.036 1.960
ttt_random_ammo	319.212891 -1559.815552 232.339966	0.047 0.000 -0.023
ttt_random_ammo	322.900909 -1550.338013 232.374481	0.119 0.000 0.083
ttt_random_ammo	338.325348 -1555.878174 232.346802	0.049 0.000 -0.017
ttt_random_ammo	373.679169 -1563.418823 232.344559	0.048 0.000 -0.019
ttt_random_ammo	354.694733 -1592.958618 234.540649	1.056 -0.872 2.389
ttt_random_ammo	342.074829 -1618.824951 234.717117	-1.038 24.890 90.000
ttt_random_ammo	361.888184 -1561.873291 234.630386	1.150 -0.946 0.260
ttt_random_ammo	362.540466 -1573.022705 232.386429	0.312 -0.002 -0.323
ttt_random_ammo	-371.281982 -1469.979980 235.736526	-24.593 -34.239 62.160
ttt_random_ammo	-352.785034 -1461.495605 242.490448	0.628 -135.859 179.981
ttt_random_ammo	-375.076782 -1447.861694 232.469528	1.041 -3.261 -0.827
ttt_random_ammo	-380.260315 -1427.995972 237.447662	0.054 12.281 -106.392
ttt_random_ammo	-386.565033 -1469.529785 234.809448	-1.137 0.448 0.023
ttt_random_ammo	-373.685791 -1428.853638 234.573212	1.331 -1.961 3.753
ttt_random_ammo	-392.393463 -1407.189209 232.351196	0.052 -0.000 0.011
ttt_random_ammo	-389.114838 -1462.796997 232.339966	0.046 0.000 -0.023
ttt_random_ammo	-373.538025 -1440.052002 235.648453	-89.804 105.826 -86.259
ttt_random_ammo	-370.987427 -1456.358154 234.557846	1.311 -1.701 1.164
ttt_random_ammo	-365.530396 -1442.979126 234.627609	-0.234 -6.807 89.484
ttt_random_ammo	390.130096 -2093.037842 232.462646	0.913 2.254 -1.269
ttt_random_ammo	364.314331 -2089.837402 234.975082	-0.614 -0.497 1.460
ttt_random_ammo	344.290466 -2099.898438 234.696213	-0.384 10.761 -89.998
ttt_random_ammo	341.365295 -2119.755371 237.386444	-0.724 -0.342 91.055
ttt_random_ammo	339.852661 -2137.287109 232.377731	0.147 -0.001 -0.119
ttt_random_ammo	332.616821 -2158.515625 232.422592	0.285 6.882 0.427
ttt_random_ammo	316.451813 -2172.071777 234.742203	-0.410 14.894 89.998
ttt_random_ammo	363.779663 -2118.035645 235.617325	39.247 32.537 89.953
ttt_random_ammo	384.019226 -2094.782959 232.456451	-0.782 0.489 -2.073
ttt_random_ammo	336.119629 -2126.707275 238.118713	-87.795 -135.377 128.596
ttt_random_ammo	334.454956 -2153.457031 232.481720	0.321 0.040 0.350
ttt_random_ammo	-349.197296 -1864.434692 232.407349	0.390 -0.102 -0.911
ttt_random_ammo	-386.023773 -1836.128296 234.576248	0.265 4.745 -89.381
ttt_random_ammo	-352.931152 -1870.558350 234.735794	0.367 -21.938 90.025
ttt_random_ammo	-386.297211 -1846.431274 239.849609	-3.410 10.293 120.905
ttt_random_ammo	-380.240753 -1880.847290 234.684738	0.482 10.150 -89.963
ttt_random_ammo	-373.348633 -1904.168823 234.708298	-1.263 13.158 90.001
ttt_random_ammo	-368.285797 -1877.506104 234.562439	0.206 -6.090 -89.205
ttt_random_ammo	-374.261261 -1841.558594 238.415161	-81.195 89.882 -67.755
ttt_random_ammo	-364.618591 -1834.741089 234.620239	1.352 -81.569 -90.118
ttt_random_ammo	-346.633148 -1847.635376 234.605896	0.524 7.319 89.013
ttt_random_ammo	-367.229095 -1882.371948 238.117126	-17.059 173.302 -106.201
ttt_random_ammo	-358.522919 -1916.913818 234.635529	1.488 16.922 -90.039
ttt_random_ammo	519.296997 -2647.749756 232.349014	0.050 0.000 -0.014
ttt_random_ammo	507.505890 -2689.498047 232.379440	0.165 0.001 0.141
ttt_random_ammo	518.321411 -2616.267822 232.452255	0.810 -0.023 -0.972
ttt_random_ammo	500.090240 -2603.877930 234.901642	0.029 -0.053 2.004
ttt_random_ammo	465.413696 -2632.041992 234.758545	0.006 8.532 90.690
ttt_random_ammo	496.166779 -2581.399170 232.504578	-1.146 0.081 1.389
ttt_random_ammo	501.419739 -2655.641357 235.630798	-89.305 157.475 -88.318
ttt_random_ammo	472.517059 -2621.647949 236.436142	0.788 12.238 -87.918
ttt_random_ammo	-602.891479 -2677.818604 232.391632	-0.316 -0.002 0.328
ttt_random_ammo	-602.809998 -2665.701172 232.352005	-0.052 -0.000 -0.011
ttt_random_ammo	-593.183350 -2621.027588 234.928421	-0.868 -0.049 0.621
ttt_random_ammo	-582.641846 -2634.075684 232.354172	-0.054 -0.000 -0.007
ttt_random_ammo	-569.140564 -2666.989746 232.450287	-0.012 -0.645 -1.151
ttt_random_ammo	-563.915588 -2618.126953 232.389694	-0.277 -0.001 0.281
ttt_random_ammo	-571.320129 -2587.492188 234.678482	0.595 -28.733 -89.873
ttt_random_ammo	-614.862732 -2632.703369 232.370560	-0.089 -0.000 0.044
ttt_random_ammo	-584.593689 -2662.708984 232.385849	-0.214 -0.001 0.202
ttt_random_ammo	-556.109436 -2612.733643 232.459274	-1.133 -0.029 1.371
ttt_random_ammo	-561.335266 -2962.980469 394.732910	0.461 -13.716 89.999
ttt_random_ammo	-618.735718 -2943.798340 392.372681	0.108 -0.000 -0.068
ttt_random_ammo	-625.218628 -2897.562744 392.476593	2.304 -0.067 -2.795
ttt_random_ammo	-625.214417 -2847.110107 392.488068	0.834 -0.006 -1.010
ttt_random_ammo	-623.600891 -2822.338623 392.383728	0.246 -0.001 -0.241
ttt_random_ammo	-624.224426 -2928.994385 392.344574	0.049 0.000 -0.019
ttt_random_ammo	-603.059509 -3330.182861 392.451996	0.873 -0.024 -1.053
ttt_random_ammo	-594.852051 -3357.128418 394.722809	-0.938 -5.848 90.010
ttt_random_ammo	-596.256470 -3327.117676 392.374481	0.120 0.000 0.083
ttt_random_ammo	-577.346558 -3319.459229 392.437988	1.226 0.030 1.485
ttt_random_ammo	-580.291992 -3309.308350 392.353333	0.054 -0.000 0.008
ttt_random_ammo	-608.569580 -3295.599609 395.605682	-88.657 -140.934 89.421
ttt_random_ammo	-591.466858 -3342.259766 394.594208	-0.268 -2.273 71.749
ttt_random_ammo	-572.989990 -3305.244629 392.480469	0.929 0.025 0.930
ttt_random_ammo	-162.165482 -2964.863037 394.957794	-0.148 -0.271 2.130
ttt_random_ammo	-138.831131 -2947.299072 394.792572	88.836 -129.244 -126.501
ttt_random_ammo	-185.507156 -2943.765625 394.993286	-0.282 -0.808 0.895
ttt_random_ammo	-190.117981 -2957.539795 392.369110	0.091 -0.000 -0.045
ttt_random_ammo	-154.257599 -2941.468018 392.322723	0.047 0.000 -0.033
ttt_random_ammo	-150.529480 -2960.143311 392.351196	0.052 -0.000 0.011
ttt_random_ammo	-180.411118 -2930.121582 394.661011	1.745 -2.595 89.437
ttt_random_ammo	-180.241959 -2910.583496 394.990723	-1.214 -0.716 -0.462
ttt_random_ammo	-149.191986 -2954.706299 392.363464	0.072 -0.000 -0.019
ttt_random_ammo	-163.342606 -2978.725830 392.327850	0.046 -0.000 0.031
ttt_random_ammo	-182.503433 -2995.968262 394.759613	-0.023 5.847 90.328
ttt_random_ammo	-216.656158 -3016.588379 392.367279	0.083 0.000 0.035
ttt_random_ammo	-220.698578 -3011.133301 392.480927	1.911 0.115 2.317
ttt_random_ammo	-173.930771 -3261.535156 394.720215	89.058 95.560 89.331
ttt_random_ammo	-183.272385 -3236.314209 394.663513	-0.232 8.432 74.286
ttt_random_ammo	-199.176804 -3255.143311 392.482635	0.174 1.256 -0.069
ttt_random_ammo	-200.216873 -3241.339600 392.395599	-0.411 -0.003 0.444
ttt_random_ammo	-187.096298 -3234.686523 395.254913	-60.742 -36.423 2.812
ttt_random_ammo	-193.272339 -3254.645020 394.675507	-0.904 -74.806 -90.000
ttt_random_ammo	-204.860962 -3260.099609 394.636963	-0.325 11.707 -73.514
ttt_random_ammo	-211.286865 -3229.553955 395.788239	-24.319 2.502 -90.076
ttt_random_ammo	-185.478485 -3236.594971 399.724152	1.945 11.915 74.421
ttt_random_ammo	-179.147308 -3270.987061 394.692413	1.188 -25.772 89.997
ttt_random_ammo	152.546432 -2892.660889 392.342285	0.048 0.000 -0.022
ttt_random_ammo	160.255737 -2881.466553 392.383911	0.246 0.001 0.242
ttt_random_ammo	131.733490 -2848.656006 392.475128	-0.640 -2.248 -0.913
ttt_random_ammo	109.169594 -2836.024414 392.436951	1.268 0.032 1.538
ttt_random_ammo	79.130608 -2827.180176 392.377289	0.466 0.002 0.419
ttt_random_ammo	49.209637 -2832.727051 392.394135	0.956 0.011 1.109
ttt_random_ammo	26.922564 -2844.253174 399.151184	0.703 -18.616 117.798
ttt_random_ammo	15.518085 -2826.006592 392.424316	1.486 0.034 1.796
ttt_random_ammo	57.838097 -2804.398193 392.446442	1.037 0.027 1.255
ttt_random_ammo	98.077789 -2812.810547 392.346802	0.050 0.000 -0.017
ttt_random_ammo	134.258423 -2825.562500 392.385345	0.276 0.001 0.279
ttt_random_ammo	133.638733 -2853.585693 392.466736	0.198 0.744 0.928
ttt_random_ammo	107.150551 -2858.143066 392.337616	0.047 0.000 -0.025
ttt_random_ammo	151.762405 -3276.770752 392.417572	1.689 0.035 2.049
ttt_random_ammo	148.272873 -3299.909912 392.359528	0.063 0.000 0.006
ttt_random_ammo	139.111084 -3349.830078 392.372742	0.109 0.000 0.068
ttt_random_ammo	131.008560 -3360.766846 392.339966	0.047 0.000 -0.023
ttt_random_ammo	138.443726 -3290.400146 392.353333	0.054 0.000 -0.008
ttt_random_ammo	128.964554 -3259.853027 392.363464	0.072 0.000 0.019
ttt_random_ammo	129.762512 -3248.352783 392.451447	0.899 0.025 1.085
ttt_random_ammo	132.559128 -3297.265381 392.344574	0.049 0.000 -0.019
ttt_random_ammo	129.929535 -3330.622314 392.365417	0.077 0.000 0.026
ttt_random_ammo	393.882446 -3187.974121 392.477295	1.863 -0.035 2.158
ttt_random_ammo	421.119110 -3174.280273 392.438416	1.183 0.029 1.429
ttt_random_ammo	422.283508 -3149.587402 392.361511	0.067 0.000 0.012
ttt_random_ammo	356.392456 -3179.310547 394.708893	0.893 -79.860 89.994
ttt_random_ammo	331.294922 -3175.896973 394.695831	-1.567 8.045 89.997
ttt_random_ammo	325.799866 -3164.834473 394.713928	0.066 -36.990 -90.642
ttt_random_ammo	399.877869 -3182.811035 392.348999	0.051 0.000 -0.014
ttt_random_ammo	198.847458 -3071.805176 512.482361	1.720 0.045 2.084
ttt_random_ammo	203.104050 -3047.678711 512.437561	1.179 0.029 1.422
ttt_random_ammo	206.833603 -3082.021484 512.389160	0.408 0.002 0.441
ttt_random_ammo	219.829697 -3097.224121 514.654785	-1.031 11.766 61.376
ttt_random_ammo	227.560867 -3052.893311 514.712036	-0.012 6.997 -90.298
ttt_random_ammo	210.253555 -3028.319580 512.332825	0.046 0.000 -0.028
ttt_random_ammo	2296.149170 -956.407227 232.477493	1.014 0.004 0.974
ttt_random_ammo	2328.226318 -954.847595 232.382523	0.209 0.001 0.196
ttt_random_ammo	2329.269775 -933.303345 234.742798	8.315 12.486 -68.740
ttt_random_ammo	2313.317871 -913.451660 232.330322	0.046 0.000 -0.029
ttt_random_ammo	2299.493408 -915.895569 232.351181	0.052 0.000 -0.011
ttt_random_ammo	2622.583740 -866.039551 234.051559	-0.097 -9.440 -45.216
ttt_random_ammo	2615.562500 -862.419922 235.793579	-65.691 102.107 -27.469
ttt_random_ammo	2637.091553 -866.398376 236.340881	-15.812 -12.748 -46.595
ttt_random_ammo	2643.617676 -875.084167 234.633255	1.025 39.547 90.031
ttt_random_ammo	2623.725830 -870.138489 237.200073	-8.516 -0.819 -46.012
ttt_random_ammo	2639.292480 -882.903442 235.616272	33.394 34.597 89.921
ttt_random_ammo	2630.179932 -878.108643 234.908463	-0.899 -7.464 72.185
ttt_random_ammo	2624.964111 -878.738037 238.150742	31.860 -56.458 108.156
ttt_random_ammo	2620.041260 -872.616638 238.801437	-44.113 -17.958 66.143
ttt_random_ammo	2649.271240 -505.216156 234.678238	-0.697 -82.532 -90.035
ttt_random_ammo	2664.554443 -500.384735 234.642883	-0.615 -85.949 -89.746
ttt_random_ammo	2640.534180 -515.431274 236.007950	34.658 118.589 22.135
ttt_random_ammo	2666.676270 -519.675171 234.723022	0.648 -107.434 90.003
ttt_random_ammo	2641.864746 -546.111023 234.759415	89.930 -154.036 114.042
ttt_random_ammo	2645.030273 -496.906525 232.481506	1.601 -0.117 1.897
ttt_random_ammo	2662.141602 -483.962097 232.423309	-0.169 10.029 1.107
ttt_random_ammo	2666.930420 -496.081635 234.655563	-0.706 9.640 -89.913
ttt_random_ammo	2521.181152 -623.892517 234.702332	0.145 11.127 -89.999
ttt_random_ammo	2516.038574 -636.932861 234.975204	-1.157 0.728 -0.733
ttt_random_ammo	2524.708008 -655.967041 234.622894	-0.372 6.100 89.332
ttt_random_ammo	2534.529053 -647.399658 234.589233	0.321 -0.408 2.199
ttt_random_ammo	2535.448730 -636.881226 234.465652	4.643 1.667 1.191
ttt_random_ammo	2537.153564 -631.355835 234.466232	5.464 1.071 -0.802
ttt_random_ammo	2534.299561 -633.523682 245.225861	-0.768 8.108 -0.682
ttt_random_ammo	2524.135254 -761.623840 239.146667	2.065 3.825 101.438
ttt_random_ammo	2529.510742 -767.520142 234.656448	0.574 72.073 89.909
ttt_random_ammo	2530.713379 -753.723755 240.202255	69.988 -148.947 175.758
ttt_random_ammo	2543.013916 -742.221741 235.576721	-11.033 43.353 -75.787
ttt_random_ammo	2528.125000 -742.343506 236.319199	-40.189 96.877 -89.572
ttt_random_ammo	2526.026611 -731.752136 234.642487	0.003 -18.452 -89.606
ttt_random_ammo	2212.290039 -97.572639 232.359528	0.062 0.000 0.005
ttt_random_ammo	2258.797119 -100.093964 237.645401	14.887 -34.725 -72.336
ttt_random_ammo	2275.208496 -107.341423 234.686569	1.077 118.750 90.086
ttt_random_ammo	2285.123535 -97.040314 234.717438	-1.038 56.318 90.002
ttt_random_ammo	2233.096191 -85.353500 234.671295	3.177 -3.721 71.417
ttt_random_ammo	2239.108887 -87.969856 232.450302	0.131 0.043 0.970
ttt_random_ammo	2273.521240 -87.159981 237.026825	1.456 -24.062 -90.734
ttt_random_ammo	2285.583984 -85.377731 234.715851	89.766 6.744 0.008
ttt_random_ammo	1446.707520 -152.708267 234.758682	0.007 -2.504 90.193
ttt_random_ammo	1461.132080 -118.932739 232.443222	-1.491 -0.034 1.793
ttt_random_ammo	1492.778076 -134.104019 234.700928	0.186 2.920 89.880
ttt_random_ammo	1485.511841 -166.523682 232.456619	0.376 2.576 -0.751
ttt_random_ammo	1456.711548 -155.995773 232.438126	-1.632 -0.034 1.962
ttt_random_ammo	1481.639404 -132.898254 235.660187	-89.729 -48.646 170.298
ttt_random_ammo	1508.086182 -139.030991 232.338333	-0.046 -0.000 -0.025
ttt_random_ammo	1481.446899 -152.696564 237.094986	-3.400 -9.104 90.089
ttt_random_ammo	95.952179 -370.739227 238.722549	-69.589 -95.660 142.880
ttt_random_ammo	116.457542 -347.444519 239.024384	5.010 29.955 -115.938
ttt_random_ammo	141.531937 -368.286194 232.394928	1.433 0.024 1.690
ttt_random_ammo	108.383667 -375.643646 238.059067	-8.592 -10.174 86.372
ttt_random_ammo	114.681648 -360.673523 236.982300	-0.199 11.077 -88.620
ttt_random_ammo	112.408165 -393.306488 234.736740	0.393 9.099 90.000
ttt_random_ammo	131.466904 -346.893463 234.567078	0.259 -6.187 -89.403
ttt_random_ammo	-21.235817 -463.357849 234.389999	-0.467 3.078 -58.085
ttt_random_ammo	-24.173191 -469.945496 237.891266	-1.490 10.572 79.401
ttt_random_ammo	-23.723953 -482.649139 240.478592	-7.734 -0.059 125.189
ttt_random_ammo	-16.902355 -482.130463 237.438431	-1.247 3.424 -2.172
ttt_random_ammo	-11.896740 -482.901947 239.455933	88.181 -29.907 -20.395
ttt_random_ammo	-6.785791 -477.053314 238.088715	-25.284 58.699 -78.445
ttt_random_ammo	-7.597902 -477.796570 245.388596	88.260 -24.653 96.486
ttt_random_ammo	-38.566921 -462.786713 235.625198	-67.956 100.842 -17.370
ttt_random_ammo	-43.834057 -450.237915 232.435562	1.064 0.106 1.108
