# Trouble in Terrorist Town weapon/ammo placement overrides
# For map: ttt_terrortrain_2019_b1
# Exported by: dduudu
setting:	replacespawns 1
ttt_playerspawn	-398.452148 855.531372 74.566185	-0.005 0.075 0.112
ttt_playerspawn	-400.412018 779.986938 74.539146	0.058 0.000 0.058
ttt_playerspawn	-400.317108 689.430603 74.547653	-0.050 -0.000 0.050
ttt_playerspawn	-401.934082 615.070557 74.540962	-0.056 -0.000 0.056
ttt_playerspawn	-400.571930 546.947693 74.530312	-0.067 -0.000 0.067
ttt_playerspawn	-264.505371 848.452454 74.551628	-0.026 0.043 0.179
ttt_playerspawn	-264.035187 774.802185 74.563774	-0.050 0.000 -0.050
ttt_playerspawn	-261.893036 685.413452 74.540054	-0.057 -0.000 0.057
ttt_playerspawn	-257.842224 609.464844 74.524071	0.173 0.010 0.333
ttt_playerspawn	-257.562988 545.759338 74.535378	-0.062 -0.000 0.062
ttt_playerspawn	-265.524811 -1823.075317 74.563538	-0.035 -0.000 0.034
ttt_playerspawn	-341.223694 -1823.473877 74.547668	-0.050 -0.000 0.050
ttt_playerspawn	-284.437408 4607.714355 -26.851175	-0.208 0.413 -0.009
ttt_playerspawn	-316.525574 1043.815063 -48.483902	-0.082 -0.000 0.082
ttt_playerspawn	-314.658356 961.984131 -48.435570	-0.035 -0.000 0.035
ttt_playerspawn	-260.402618 1390.220459 -48.462067	-0.061 -0.000 0.061
ttt_playerspawn	-258.865967 1510.576538 -48.482643	-0.081 -0.000 0.081
ttt_playerspawn	-260.213074 1620.891602 -48.478989	-0.077 -0.000 0.077
ttt_playerspawn	-258.332550 1717.312134 -48.483902	-0.082 -0.000 0.082
ttt_playerspawn	-245.807327 2161.584961 -48.421413	0.029 0.000 -0.030
ttt_playerspawn	-244.060867 2272.117920 -48.447811	-0.046 -0.000 0.046
ttt_playerspawn	-244.894516 2386.860352 -48.442390	-0.041 -0.000 0.040
ttt_playerspawn	-244.808914 2531.648193 -48.445698	-0.044 -0.000 0.044
ttt_playerspawn	-390.310852 2547.329834 74.558487	-0.024 -0.000 0.010
ttt_playerspawn	-335.303711 3348.472900 -48.472927	-0.070 -0.000 0.070
ttt_playerspawn	-338.163269 3436.164795 -48.463646	-0.061 -0.000 0.061
ttt_playerspawn	-339.342804 3512.230469 -48.424316	-0.021 0.000 0.025
ttt_playerspawn	-264.310852 -171.738327 -48.444347	-0.042 -0.000 0.042
ttt_playerspawn	-264.564758 -245.462250 -48.454777	-0.052 -0.000 0.052
ttt_playerspawn	-349.284454 -1561.094849 -48.437023	-0.036 -0.000 0.035
ttt_playerspawn	-350.990875 -1479.417969 -48.469666	-0.067 -0.000 0.067
ttt_playerspawn	-257.125336 2230.735840 74.477196	-0.049 -0.000 0.049
weapon_ttt_ak47	-419.828644 3102.855225 -5.859929	0.021 -12.387 87.071
weapon_ttt_ak47	-374.251984 2829.853516 -23.843531	0.030 -8.638 89.209
item_box_buckshot_ttt	-420.974609 3014.052490 -48.618702	-0.197 0.001 0.244
item_ammo_357_ttt	-304.775909 -177.278259 75.833832	0.457 2.366 0.042
item_ammo_357_ttt	-330.212280 3933.740967 -46.842789	-0.271 -28.434 0.169
item_ammo_revolver_ttt	-239.206802 2960.932617 99.015648	11.314 2.347 -0.372
item_ammo_revolver_ttt	-385.386414 3643.726563 74.358727	0.455 0.058 0.045
item_ammo_revolver_ttt	-374.502045 3643.732422 74.365273	0.457 0.043 0.042
item_ammo_smg1_ttt	-408.793549 3098.566162 -47.827988	0.098 -0.885 0.053
item_ammo_smg1_ttt	-401.600281 2822.775146 -26.353294	0.028 0.022 -9.242
item_ammo_smg1_ttt	-345.079773 2341.340088 109.115990	0.201 -1.936 0.336
item_ammo_smg1_ttt	-330.917511 2340.418945 109.854408	-0.441 -1.699 0.058
item_ammo_smg1_ttt	-268.276520 3242.729492 107.504227	-0.660 0.011 -0.502
item_ammo_smg1_ttt	-235.918259 3431.859131 107.432602	0.840 -0.001 0.551
item_ammo_smg1_ttt	-256.361389 3437.954102 107.413513	0.302 -0.005 0.191
item_ammo_smg1_ttt	-239.720139 494.429718 -47.490128	0.732 0.734 0.756
item_ammo_smg1_ttt	-414.278412 489.590912 -48.494003	-0.534 0.009 -0.412
item_ammo_smg1_ttt	-224.280685 4463.506348 -43.994114	0.534 -1.007 0.347
item_ammo_smg1_ttt	-414.246155 2192.812988 -47.903320	-0.531 -0.286 0.344
item_ammo_smg1_ttt	-365.848816 -1663.788452 109.586700	0.857 0.227 0.562
item_ammo_pistol_ttt	-329.074707 2317.026611 109.136650	-0.112 -0.965 -0.026
item_ammo_pistol_ttt	-336.179474 2317.146240 109.459061	-0.138 -1.388 -0.032
ttt_random_weapon	-227.774994 -2884.639893 126.373001	0.000 0.000 0.000
ttt_random_weapon	-418.007996 -2827.750000 126.373001	0.000 0.000 0.000
ttt_random_weapon	-237.000000 -2787.000000 -41.000000	0.000 0.000 0.000
ttt_random_weapon	-392.000000 -2796.000000 -41.000000	0.000 0.000 0.000
ttt_random_weapon	-341.895996 -2026.979980 105.767998	0.000 0.000 0.000
ttt_random_weapon	-338.303009 -1991.050049 113.507004	0.000 0.000 0.000
ttt_random_weapon	-421.291992 -2093.800049 105.748001	0.000 0.000 0.000
ttt_random_weapon	-309.571014 -1588.250000 129.328003	0.000 0.000 0.000
ttt_random_weapon	-284.730011 -2094.709961 -35.000000	0.000 0.000 0.000
ttt_random_weapon	-224.798996 -1551.160034 -7.000000	0.000 0.000 0.000
ttt_random_weapon	-329.816010 -1640.300049 -7.000000	0.000 0.000 0.000
ttt_random_weapon	-411.726990 394.276001 106.280998	0.000 0.000 0.000
ttt_random_weapon	-231.289001 1043.500000 106.280998	0.000 0.000 0.000
ttt_random_weapon	-234.050003 4037.169922 96.000000	0.000 0.000 0.000
ttt_random_weapon	-235.807007 4192.109863 -41.000000	0.000 0.000 0.000
ttt_random_weapon	-397.574005 1789.839966 115.000000	0.000 0.000 0.000
ttt_random_weapon	-360.743011 -739.987000 121.541000	0.000 0.000 0.000
ttt_random_weapon	-229.000000 -1007.000000 0.000000	0.000 0.000 0.000
ttt_random_weapon	-231.227005 -1144.790039 0.000000	0.000 0.000 0.000
ttt_random_weapon	-283.089996 -633.856018 -41.000000	0.000 0.000 0.000
ttt_random_weapon	-399.000000 240.000000 -16.604900	0.000 0.000 0.000
ttt_random_weapon	-228.729996 435.186005 -41.000000	0.000 0.000 0.000
ttt_random_weapon	-402.683014 430.015015 -41.000000	0.000 0.000 0.000
ttt_random_weapon	-229.147995 1087.819946 -41.000000	0.000 0.000 0.000
ttt_random_weapon	-313.100006 761.760010 -41.000000	0.000 0.000 0.000
ttt_random_weapon	-312.997009 810.171021 -41.000000	0.000 0.000 0.000
ttt_random_weapon	-313.539001 857.752991 -41.000000	0.000 0.000 0.000
ttt_random_weapon	-391.082001 997.036987 82.000000	0.000 0.000 0.000
ttt_random_weapon	-250.852005 1002.799988 82.000000	0.000 0.000 0.000
ttt_random_weapon	-282.378998 196.363998 82.000000	0.000 0.000 0.000
ttt_random_weapon	-266.519989 -29.435801 82.000000	0.000 0.000 0.000
ttt_random_weapon	-269.341003 62.511200 82.000000	0.000 0.000 0.000
ttt_random_weapon	-262.776001 -268.394012 82.000000	0.000 0.000 0.000
ttt_random_weapon	-381.067993 1394.810059 -41.000000	0.000 0.000 0.000
ttt_random_weapon	-380.752991 1536.079956 -41.000000	0.000 0.000 0.000
ttt_random_weapon	-380.695007 1805.609985 -41.000000	0.000 0.000 0.000
ttt_random_weapon	-326.119995 1808.140015 115.000000	0.000 0.000 0.000
ttt_random_weapon	-312.738007 1676.030029 86.000000	0.000 0.000 0.000
ttt_random_weapon	-406.720001 1474.119995 119.926003	0.000 0.000 0.000
ttt_random_weapon	-315.696014 1400.380005 119.000000	0.000 0.000 0.000
ttt_random_weapon	-382.338989 1392.560059 119.000000	0.000 0.000 0.000
ttt_random_weapon	-228.132004 4529.720215 -41.000000	0.000 0.000 0.000
ttt_random_weapon	-391.088989 3834.449951 -41.000000	0.000 0.000 0.000
ttt_random_weapon	-367.993988 4614.790039 -20.000000	0.000 0.000 0.000
ttt_random_weapon	-406.000000 1301.000000 106.394997	0.000 0.000 0.000
ttt_random_weapon	-404.058990 3943.590088 104.046997	0.000 0.000 0.000
ttt_random_weapon	-281.579010 4136.410156 7.594420	0.000 0.000 0.000
ttt_random_weapon	-381.000000 1673.020020 -41.000000	0.000 0.000 0.000
ttt_random_weapon	-313.102997 737.007019 -41.000000	0.000 0.000 0.000
ttt_random_weapon	-313.000000 785.418030 -41.000000	0.000 0.000 0.000
ttt_random_weapon	-313.541992 833.000000 -41.000000	0.000 0.000 0.000
ttt_random_weapon	-230.000000 438.000000 106.280998	0.000 0.000 0.000
ttt_random_weapon	-357.000000 -2319.000000 84.372902	0.000 0.000 0.000
ttt_random_weapon	-252.000000 -2316.000000 84.372902	0.000 0.000 0.000
ttt_random_weapon	-402.000000 -239.000000 -21.000000	0.000 91.500 0.000
ttt_random_weapon	-367.000000 166.000000 -18.395100	0.000 0.000 0.000
ttt_random_weapon	-365.000000 65.000000 -18.395100	0.000 0.000 0.000
ttt_random_weapon	-366.000000 14.000000 -18.395100	0.000 0.000 0.000
ttt_random_weapon	-365.000000 -65.000000 -18.395100	0.000 0.000 0.000
ttt_random_weapon	-232.000000 -1286.000000 0.000000	0.000 270.500 0.000
ttt_random_weapon	-412.000000 -1286.000000 0.000000	0.000 270.500 0.000
ttt_random_weapon	-312.000000 -2901.000000 -41.000000	0.000 0.000 0.000
ttt_random_weapon	-366.000000 -1015.000000 121.541000	0.000 0.000 0.000
ttt_random_weapon	-392.000000 -1232.000000 79.000000	0.000 0.000 0.000
ttt_random_weapon	-421.571991 3427.830078 0.000000	0.000 0.000 0.000
ttt_random_weapon	-312.957001 3047.290039 86.000000	0.000 0.000 0.000
ttt_random_weapon	-340.084015 3600.379883 0.000000	0.000 0.000 0.000
ttt_random_weapon	-319.752991 2950.879883 -41.000000	0.000 0.000 0.000
ttt_random_weapon	-238.322006 3478.489990 115.000000	0.000 0.000 0.000
ttt_random_weapon	-304.433990 3437.939941 115.000000	0.000 0.000 0.000
ttt_random_weapon	-324.000000 3647.020020 82.000000	0.000 0.000 0.000
ttt_random_weapon	-308.058014 3249.409912 115.000000	0.000 0.000 0.000
ttt_random_weapon	-416.000000 3235.000000 2.372910	0.000 0.000 0.000
ttt_random_weapon	-230.000000 3241.000000 2.372910	0.000 0.000 0.000
ttt_random_weapon	-231.000000 3379.000000 2.372910	0.000 0.000 0.000
ttt_random_weapon	-245.000000 2653.000000 80.000000	0.000 0.000 0.000
ttt_random_weapon	-316.454010 2634.699951 80.000000	0.000 0.000 0.000
ttt_random_weapon	-221.000000 -2768.000000 119.000000	0.000 270.500 0.000
ttt_random_weapon	-271.000000 -2769.000000 119.000000	0.000 270.500 0.000
ttt_random_weapon	-227.774994 -2884.639893 126.373001	0.000 0.000 0.000
ttt_random_weapon	-418.007996 -2827.750000 126.373001	0.000 0.000 0.000
ttt_random_weapon	-237.000000 -2787.000000 -41.000000	0.000 0.000 0.000
ttt_random_weapon	-392.000000 -2796.000000 -41.000000	0.000 0.000 0.000
ttt_random_weapon	-341.895996 -2026.979980 105.767998	0.000 0.000 0.000
ttt_random_weapon	-338.303009 -1991.050049 113.507004	0.000 0.000 0.000
ttt_random_weapon	-421.291992 -2093.800049 105.748001	0.000 0.000 0.000
ttt_random_weapon	-309.571014 -1588.250000 129.328003	0.000 0.000 0.000
ttt_random_weapon	-284.730011 -2094.709961 -35.000000	0.000 0.000 0.000
ttt_random_weapon	-224.798996 -1551.160034 -7.000000	0.000 0.000 0.000
ttt_random_weapon	-329.816010 -1640.300049 -7.000000	0.000 0.000 0.000
ttt_random_weapon	-411.726990 394.276001 106.280998	0.000 0.000 0.000
ttt_random_weapon	-231.289001 1043.500000 106.280998	0.000 0.000 0.000
ttt_random_weapon	-234.050003 4037.169922 96.000000	0.000 0.000 0.000
ttt_random_weapon	-235.807007 4192.109863 -41.000000	0.000 0.000 0.000
ttt_random_weapon	-397.574005 1789.839966 115.000000	0.000 0.000 0.000
ttt_random_weapon	-360.743011 -739.987000 121.541000	0.000 0.000 0.000
ttt_random_weapon	-229.000000 -1007.000000 0.000000	0.000 0.000 0.000
ttt_random_weapon	-231.227005 -1144.790039 0.000000	0.000 0.000 0.000
ttt_random_weapon	-283.089996 -633.856018 -41.000000	0.000 0.000 0.000
ttt_random_weapon	-399.000000 240.000000 -16.604900	0.000 0.000 0.000
ttt_random_weapon	-228.729996 435.186005 -41.000000	0.000 0.000 0.000
ttt_random_weapon	-402.683014 430.015015 -41.000000	0.000 0.000 0.000
ttt_random_weapon	-229.147995 1087.819946 -41.000000	0.000 0.000 0.000
ttt_random_weapon	-313.100006 761.760010 -41.000000	0.000 0.000 0.000
ttt_random_weapon	-312.997009 810.171021 -41.000000	0.000 0.000 0.000
ttt_random_weapon	-313.539001 857.752991 -41.000000	0.000 0.000 0.000
ttt_random_weapon	-391.082001 997.036987 82.000000	0.000 0.000 0.000
ttt_random_weapon	-250.852005 1002.799988 82.000000	0.000 0.000 0.000
ttt_random_weapon	-282.378998 196.363998 82.000000	0.000 0.000 0.000
ttt_random_weapon	-266.519989 -29.435801 82.000000	0.000 0.000 0.000
ttt_random_weapon	-269.341003 62.511200 82.000000	0.000 0.000 0.000
ttt_random_weapon	-262.776001 -268.394012 82.000000	0.000 0.000 0.000
ttt_random_weapon	-381.067993 1394.810059 -41.000000	0.000 0.000 0.000
ttt_random_weapon	-380.752991 1536.079956 -41.000000	0.000 0.000 0.000
ttt_random_weapon	-380.695007 1805.609985 -41.000000	0.000 0.000 0.000
ttt_random_weapon	-326.119995 1808.140015 115.000000	0.000 0.000 0.000
ttt_random_weapon	-312.738007 1676.030029 86.000000	0.000 0.000 0.000
ttt_random_weapon	-406.720001 1474.119995 119.926003	0.000 0.000 0.000
ttt_random_weapon	-315.696014 1400.380005 119.000000	0.000 0.000 0.000
ttt_random_weapon	-382.338989 1392.560059 119.000000	0.000 0.000 0.000
ttt_random_weapon	-228.132004 4529.720215 -41.000000	0.000 0.000 0.000
ttt_random_weapon	-391.088989 3834.449951 -41.000000	0.000 0.000 0.000
ttt_random_weapon	-367.993988 4614.790039 -20.000000	0.000 0.000 0.000
ttt_random_weapon	-406.000000 1301.000000 106.394997	0.000 0.000 0.000
ttt_random_weapon	-404.058990 3943.590088 104.046997	0.000 0.000 0.000
ttt_random_weapon	-281.579010 4136.410156 7.594420	0.000 0.000 0.000
ttt_random_weapon	-381.000000 1673.020020 -41.000000	0.000 0.000 0.000
ttt_random_weapon	-313.102997 737.007019 -41.000000	0.000 0.000 0.000
ttt_random_weapon	-313.000000 785.418030 -41.000000	0.000 0.000 0.000
ttt_random_weapon	-313.541992 833.000000 -41.000000	0.000 0.000 0.000
ttt_random_weapon	-230.000000 438.000000 106.280998	0.000 0.000 0.000
ttt_random_weapon	-357.000000 -2319.000000 84.372902	0.000 0.000 0.000
ttt_random_weapon	-252.000000 -2316.000000 84.372902	0.000 0.000 0.000
ttt_random_weapon	-402.000000 -239.000000 -21.000000	0.000 91.500 0.000
ttt_random_weapon	-367.000000 166.000000 -18.395100	0.000 0.000 0.000
ttt_random_weapon	-365.000000 65.000000 -18.395100	0.000 0.000 0.000
ttt_random_weapon	-366.000000 14.000000 -18.395100	0.000 0.000 0.000
ttt_random_weapon	-365.000000 -65.000000 -18.395100	0.000 0.000 0.000
ttt_random_weapon	-232.000000 -1286.000000 0.000000	0.000 270.500 0.000
ttt_random_weapon	-412.000000 -1286.000000 0.000000	0.000 270.500 0.000
ttt_random_weapon	-312.000000 -2901.000000 -41.000000	0.000 0.000 0.000
ttt_random_weapon	-366.000000 -1015.000000 121.541000	0.000 0.000 0.000
ttt_random_weapon	-392.000000 -1232.000000 79.000000	0.000 0.000 0.000
ttt_random_weapon	-421.571991 3427.830078 0.000000	0.000 0.000 0.000
ttt_random_weapon	-312.957001 3047.290039 86.000000	0.000 0.000 0.000
ttt_random_weapon	-340.084015 3600.379883 0.000000	0.000 0.000 0.000
ttt_random_weapon	-319.752991 2950.879883 -41.000000	0.000 0.000 0.000
ttt_random_weapon	-238.322006 3478.489990 115.000000	0.000 0.000 0.000
ttt_random_weapon	-304.433990 3437.939941 115.000000	0.000 0.000 0.000
ttt_random_weapon	-324.000000 3647.020020 82.000000	0.000 0.000 0.000
ttt_random_weapon	-308.058014 3249.409912 115.000000	0.000 0.000 0.000
ttt_random_weapon	-416.000000 3235.000000 2.372910	0.000 0.000 0.000
ttt_random_weapon	-230.000000 3241.000000 2.372910	0.000 0.000 0.000
ttt_random_weapon	-231.000000 3379.000000 2.372910	0.000 0.000 0.000
ttt_random_weapon	-245.000000 2653.000000 80.000000	0.000 0.000 0.000
ttt_random_weapon	-316.454010 2634.699951 80.000000	0.000 0.000 0.000
ttt_random_weapon	-221.000000 -2768.000000 119.000000	0.000 270.500 0.000
ttt_random_weapon	-271.000000 -2769.000000 119.000000	0.000 270.500 0.000
ttt_random_weapon	-418.346741 -871.003479 -6.103110	1.002 7.626 -94.169
ttt_random_weapon	-417.929840 -1161.366699 -5.874784	1.282 6.820 -94.552
ttt_random_weapon	-424.011078 -1718.155396 -11.796391	-2.210 -81.499 86.671
ttt_random_weapon	-225.359833 -1711.607544 -13.109087	1.910 -97.098 -92.517
ttt_random_weapon	-249.440903 4242.729004 91.468819	1.332 0.382 -93.841
ttt_random_weapon	-403.730774 -2683.872559 -40.479214	3.386 1.834 -93.215
weapon_zm_sledge	-286.331390 2546.023193 119.380554	18.198 1.290 3.061
weapon_ttt_tmp	-413.154480 2210.952393 -45.860561	-0.505 92.783 -91.699
weapon_ttt_tmp	-352.151184 -1665.085693 112.667160	-0.688 22.127 91.772
weapon_ttt_mp5	-249.828705 518.487854 -45.417881	0.142 -0.977 84.291
weapon_ttt_sg550	-329.749878 3956.907471 -44.917057	-0.140 -117.821 86.834
ttt_random_ammo	-228.272003 -2827.639893 124.000000	0.000 0.000 0.000
ttt_random_ammo	-227.940994 -2865.639893 124.000000	0.000 0.000 0.000
ttt_random_ammo	-418.007996 -2846.750000 124.000000	0.000 0.000 0.000
ttt_random_ammo	-256.000000 -2787.010010 -41.000000	0.000 0.000 0.000
ttt_random_ammo	-256.000000 -2806.010010 -41.000000	0.000 0.000 0.000
ttt_random_ammo	-411.463013 -2787.429932 -41.000000	0.000 0.000 0.000
ttt_random_ammo	-411.463013 -2806.429932 -41.000000	0.000 0.000 0.000
ttt_random_ammo	-398.895996 -2026.989990 105.767998	0.000 0.000 0.000
ttt_random_ammo	-360.895996 -2026.989990 105.767998	0.000 0.000 0.000
ttt_random_ammo	-395.303009 -1991.060059 113.507004	0.000 0.000 0.000
ttt_random_ammo	-357.303009 -1991.060059 113.507004	0.000 0.000 0.000
ttt_random_ammo	-421.291992 -2112.800049 105.748001	0.000 0.000 0.000
ttt_random_ammo	-309.571014 -1607.250000 129.328003	0.000 0.000 0.000
ttt_random_ammo	-303.730011 -2094.719971 -35.000000	0.000 0.000 0.000
ttt_random_ammo	-303.730011 -2113.719971 -35.000000	0.000 0.000 0.000
ttt_random_ammo	-224.798996 -1570.160034 -7.000000	0.000 0.000 0.000
ttt_random_ammo	-329.816010 -1659.300049 -7.000000	0.000 0.000 0.000
ttt_random_ammo	-411.893005 413.213013 106.280998	0.000 0.000 0.000
ttt_random_ammo	-412.225006 451.212006 106.280998	0.000 0.000 0.000
ttt_random_ammo	-231.455002 1062.439941 106.280998	0.000 0.000 0.000
ttt_random_ammo	-231.787003 1100.439941 106.280998	0.000 0.000 0.000
ttt_random_ammo	-234.216003 4056.100098 96.000000	0.000 0.000 0.000
ttt_random_ammo	-234.548004 4094.100098 96.000000	0.000 0.000 0.000
ttt_random_ammo	-235.972000 4211.049805 -41.000000	0.000 0.000 0.000
ttt_random_ammo	-236.304001 4249.040039 -41.000000	0.000 0.000 0.000
ttt_random_ammo	-397.739990 1808.780029 115.000000	0.000 0.000 0.000
ttt_random_ammo	-398.071014 1846.780029 115.000000	0.000 0.000 0.000
ttt_random_ammo	-379.743011 -758.999023 121.541000	0.000 0.000 0.000
ttt_random_ammo	-379.743011 -739.999023 121.541000	0.000 0.000 0.000
ttt_random_ammo	-238.785004 -1026.319946 0.000000	0.000 0.000 0.000
ttt_random_ammo	-238.785004 -1007.320007 0.000000	0.000 0.000 0.000
ttt_random_ammo	-241.011993 -1164.119995 0.000000	0.000 0.000 0.000
ttt_random_ammo	-241.011993 -1145.119995 0.000000	0.000 0.000 0.000
ttt_random_ammo	-302.089996 -652.867981 -41.000000	0.000 0.000 0.000
ttt_random_ammo	-302.089996 -633.867981 -41.000000	0.000 0.000 0.000
ttt_random_ammo	-418.000000 220.988007 -16.604900	0.000 0.000 0.000
ttt_random_ammo	-418.000000 239.988007 -16.604900	0.000 0.000 0.000
ttt_random_ammo	-247.729996 416.174011 -41.000000	0.000 0.000 0.000
ttt_random_ammo	-247.729996 435.174011 -41.000000	0.000 0.000 0.000
ttt_random_ammo	-421.683014 411.002991 -41.000000	0.000 0.000 0.000
ttt_random_ammo	-421.683014 430.002991 -41.000000	0.000 0.000 0.000
ttt_random_ammo	-248.147995 1068.810059 -41.000000	0.000 0.000 0.000
ttt_random_ammo	-248.147995 1087.810059 -41.000000	0.000 0.000 0.000
ttt_random_ammo	-332.100006 742.747986 -41.000000	0.000 0.000 0.000
ttt_random_ammo	-332.100006 761.747986 -41.000000	0.000 0.000 0.000
ttt_random_ammo	-331.997009 791.158997 -41.000000	0.000 0.000 0.000
ttt_random_ammo	-331.997009 810.158997 -41.000000	0.000 0.000 0.000
ttt_random_ammo	-332.539001 838.741028 -41.000000	0.000 0.000 0.000
ttt_random_ammo	-332.539001 857.741028 -41.000000	0.000 0.000 0.000
ttt_random_ammo	-410.082001 978.025024 82.000000	0.000 0.000 0.000
ttt_random_ammo	-410.082001 997.025024 82.000000	0.000 0.000 0.000
ttt_random_ammo	-269.851990 983.789978 82.000000	0.000 0.000 0.000
ttt_random_ammo	-269.851990 1002.789978 82.000000	0.000 0.000 0.000
ttt_random_ammo	-301.378998 177.352005 82.000000	0.000 0.000 0.000
ttt_random_ammo	-301.378998 196.352005 82.000000	0.000 0.000 0.000
ttt_random_ammo	-285.519989 -29.447800 82.000000	0.000 0.000 0.000
ttt_random_ammo	-288.341003 62.499298 82.000000	0.000 0.000 0.000
ttt_random_ammo	-281.776001 -268.406006 82.000000	0.000 0.000 0.000
ttt_random_ammo	-400.067993 1394.800049 -41.000000	0.000 0.000 0.000
ttt_random_ammo	-399.752991 1536.060059 -41.000000	0.000 0.000 0.000
ttt_random_ammo	-399.695007 1805.599976 -41.000000	0.000 0.000 0.000
ttt_random_ammo	-345.119995 1808.119995 115.000000	0.000 0.000 0.000
ttt_random_ammo	-331.738007 1676.010010 86.000000	0.000 0.000 0.000
ttt_random_ammo	-425.720001 1474.109985 119.926003	0.000 0.000 0.000
ttt_random_ammo	-334.696014 1400.369995 119.000000	0.000 0.000 0.000
ttt_random_ammo	-401.338989 1392.550049 119.000000	0.000 0.000 0.000
ttt_random_ammo	-247.132004 4529.709961 -41.000000	0.000 0.000 0.000
ttt_random_ammo	-247.132004 4510.709961 -41.000000	0.000 0.000 0.000
ttt_random_ammo	-410.088989 3834.439941 -41.000000	0.000 0.000 0.000
ttt_random_ammo	-410.088989 3815.439941 -41.000000	0.000 0.000 0.000
ttt_random_ammo	-386.993988 4614.779785 -20.000000	0.000 0.000 0.000
ttt_random_ammo	-386.993988 4595.779785 -20.000000	0.000 0.000 0.000
ttt_random_ammo	-406.000000 1282.000000 106.394997	0.000 0.000 0.000
ttt_random_ammo	-404.058990 3924.590088 104.046997	0.000 0.000 0.000
ttt_random_ammo	-281.579010 4109.410156 7.594420	0.000 0.000 0.000
ttt_random_ammo	-400.000000 1673.000000 -41.000000	0.000 0.000 0.000
ttt_random_ammo	-230.166000 456.937012 106.280998	0.000 0.000 0.000
ttt_random_ammo	-402.000000 -211.000000 -21.000000	0.000 0.000 0.000
ttt_random_ammo	-402.000000 -266.000000 -21.000000	0.000 0.000 0.000
ttt_random_ammo	-399.000000 169.000000 -20.000000	0.000 0.000 0.000
ttt_random_ammo	-380.000000 157.000000 -20.000000	0.000 0.000 0.000
ttt_random_ammo	-378.000000 56.000000 -20.000000	0.000 0.000 0.000
ttt_random_ammo	-397.000000 68.000000 -20.000000	0.000 0.000 0.000
ttt_random_ammo	-379.000000 5.000000 -20.000000	0.000 0.000 0.000
ttt_random_ammo	-398.000000 17.000000 -20.000000	0.000 0.000 0.000
ttt_random_ammo	-378.000000 -74.000000 -20.000000	0.000 0.000 0.000
ttt_random_ammo	-397.000000 -62.000000 -20.000000	0.000 0.000 0.000
ttt_random_ammo	-331.000000 -2901.010010 -41.000000	0.000 0.000 0.000
ttt_random_ammo	-331.000000 -2920.010010 -41.000000	0.000 0.000 0.000
ttt_random_ammo	-385.000000 -1034.010010 121.541000	0.000 0.000 0.000
ttt_random_ammo	-385.000000 -1015.010010 121.541000	0.000 0.000 0.000
ttt_random_ammo	-411.000000 -1232.010010 79.000000	0.000 0.000 0.000
ttt_random_ammo	-411.000000 -1251.010010 79.000000	0.000 0.000 0.000
ttt_random_ammo	-421.738007 3446.770020 0.000000	0.000 0.000 0.000
ttt_random_ammo	-422.069000 3484.770020 0.000000	0.000 0.000 0.000
ttt_random_ammo	-331.957001 3047.280029 86.000000	0.000 0.000 0.000
ttt_random_ammo	-359.084015 3600.360107 0.000000	0.000 0.000 0.000
ttt_random_ammo	-338.752991 2950.870117 -41.000000	0.000 0.000 0.000
ttt_random_ammo	-338.752991 2931.870117 -41.000000	0.000 0.000 0.000
ttt_random_ammo	-257.321991 3478.479980 115.000000	0.000 0.000 0.000
ttt_random_ammo	-257.321991 3459.479980 115.000000	0.000 0.000 0.000
ttt_random_ammo	-323.433990 3437.929932 115.000000	0.000 0.000 0.000
ttt_random_ammo	-323.433990 3418.929932 115.000000	0.000 0.000 0.000
ttt_random_ammo	-343.000000 3647.000000 82.000000	0.000 0.000 0.000
ttt_random_ammo	-343.000000 3628.000000 82.000000	0.000 0.000 0.000
ttt_random_ammo	-308.058014 3230.409912 115.000000	0.000 0.000 0.000
ttt_random_ammo	-264.000000 2654.000000 76.000000	0.000 0.000 0.000
ttt_random_ammo	-316.619995 2654.659912 76.000000	0.000 0.000 0.000
ttt_random_ammo	-316.950989 2692.659912 76.000000	0.000 0.000 0.000
ttt_random_ammo	-262.000000 -2768.000000 84.000000	0.000 0.000 0.000
ttt_random_ammo	-255.000000 -2777.000000 84.000000	0.000 0.000 0.000
ttt_random_ammo	-252.000000 -2759.000000 84.000000	0.000 0.000 0.000
ttt_random_ammo	-221.296005 3804.000000 125.000000	0.000 90.000 0.000
ttt_random_ammo	-230.296005 3797.000000 125.000000	0.000 90.000 0.000
ttt_random_ammo	-239.296005 3807.000000 125.000000	0.000 90.000 0.000
ttt_random_ammo	-228.272003 -2827.639893 124.000000	0.000 0.000 0.000
ttt_random_ammo	-227.940994 -2865.639893 124.000000	0.000 0.000 0.000
ttt_random_ammo	-418.007996 -2846.750000 124.000000	0.000 0.000 0.000
ttt_random_ammo	-256.000000 -2787.010010 -41.000000	0.000 0.000 0.000
ttt_random_ammo	-256.000000 -2806.010010 -41.000000	0.000 0.000 0.000
ttt_random_ammo	-411.463013 -2787.429932 -41.000000	0.000 0.000 0.000
ttt_random_ammo	-411.463013 -2806.429932 -41.000000	0.000 0.000 0.000
ttt_random_ammo	-398.895996 -2026.989990 105.767998	0.000 0.000 0.000
ttt_random_ammo	-360.895996 -2026.989990 105.767998	0.000 0.000 0.000
ttt_random_ammo	-395.303009 -1991.060059 113.507004	0.000 0.000 0.000
ttt_random_ammo	-357.303009 -1991.060059 113.507004	0.000 0.000 0.000
ttt_random_ammo	-421.291992 -2112.800049 105.748001	0.000 0.000 0.000
ttt_random_ammo	-309.571014 -1607.250000 129.328003	0.000 0.000 0.000
ttt_random_ammo	-303.730011 -2094.719971 -35.000000	0.000 0.000 0.000
ttt_random_ammo	-303.730011 -2113.719971 -35.000000	0.000 0.000 0.000
ttt_random_ammo	-224.798996 -1570.160034 -7.000000	0.000 0.000 0.000
ttt_random_ammo	-329.816010 -1659.300049 -7.000000	0.000 0.000 0.000
ttt_random_ammo	-411.893005 413.213013 106.280998	0.000 0.000 0.000
ttt_random_ammo	-412.225006 451.212006 106.280998	0.000 0.000 0.000
ttt_random_ammo	-231.455002 1062.439941 106.280998	0.000 0.000 0.000
ttt_random_ammo	-231.787003 1100.439941 106.280998	0.000 0.000 0.000
ttt_random_ammo	-234.216003 4056.100098 96.000000	0.000 0.000 0.000
ttt_random_ammo	-234.548004 4094.100098 96.000000	0.000 0.000 0.000
ttt_random_ammo	-235.972000 4211.049805 -41.000000	0.000 0.000 0.000
ttt_random_ammo	-236.304001 4249.040039 -41.000000	0.000 0.000 0.000
ttt_random_ammo	-397.739990 1808.780029 115.000000	0.000 0.000 0.000
ttt_random_ammo	-398.071014 1846.780029 115.000000	0.000 0.000 0.000
ttt_random_ammo	-379.743011 -758.999023 121.541000	0.000 0.000 0.000
ttt_random_ammo	-379.743011 -739.999023 121.541000	0.000 0.000 0.000
ttt_random_ammo	-238.785004 -1026.319946 0.000000	0.000 0.000 0.000
ttt_random_ammo	-238.785004 -1007.320007 0.000000	0.000 0.000 0.000
ttt_random_ammo	-241.011993 -1164.119995 0.000000	0.000 0.000 0.000
ttt_random_ammo	-241.011993 -1145.119995 0.000000	0.000 0.000 0.000
ttt_random_ammo	-302.089996 -652.867981 -41.000000	0.000 0.000 0.000
ttt_random_ammo	-302.089996 -633.867981 -41.000000	0.000 0.000 0.000
ttt_random_ammo	-418.000000 220.988007 -16.604900	0.000 0.000 0.000
ttt_random_ammo	-418.000000 239.988007 -16.604900	0.000 0.000 0.000
ttt_random_ammo	-247.729996 416.174011 -41.000000	0.000 0.000 0.000
ttt_random_ammo	-247.729996 435.174011 -41.000000	0.000 0.000 0.000
ttt_random_ammo	-421.683014 411.002991 -41.000000	0.000 0.000 0.000
ttt_random_ammo	-421.683014 430.002991 -41.000000	0.000 0.000 0.000
ttt_random_ammo	-248.147995 1068.810059 -41.000000	0.000 0.000 0.000
ttt_random_ammo	-248.147995 1087.810059 -41.000000	0.000 0.000 0.000
ttt_random_ammo	-332.100006 742.747986 -41.000000	0.000 0.000 0.000
ttt_random_ammo	-332.100006 761.747986 -41.000000	0.000 0.000 0.000
ttt_random_ammo	-331.997009 791.158997 -41.000000	0.000 0.000 0.000
ttt_random_ammo	-331.997009 810.158997 -41.000000	0.000 0.000 0.000
ttt_random_ammo	-332.539001 838.741028 -41.000000	0.000 0.000 0.000
ttt_random_ammo	-332.539001 857.741028 -41.000000	0.000 0.000 0.000
ttt_random_ammo	-410.082001 978.025024 82.000000	0.000 0.000 0.000
ttt_random_ammo	-410.082001 997.025024 82.000000	0.000 0.000 0.000
ttt_random_ammo	-269.851990 983.789978 82.000000	0.000 0.000 0.000
ttt_random_ammo	-269.851990 1002.789978 82.000000	0.000 0.000 0.000
ttt_random_ammo	-301.378998 177.352005 82.000000	0.000 0.000 0.000
ttt_random_ammo	-301.378998 196.352005 82.000000	0.000 0.000 0.000
ttt_random_ammo	-285.519989 -29.447800 82.000000	0.000 0.000 0.000
ttt_random_ammo	-288.341003 62.499298 82.000000	0.000 0.000 0.000
ttt_random_ammo	-281.776001 -268.406006 82.000000	0.000 0.000 0.000
ttt_random_ammo	-400.067993 1394.800049 -41.000000	0.000 0.000 0.000
ttt_random_ammo	-399.752991 1536.060059 -41.000000	0.000 0.000 0.000
ttt_random_ammo	-399.695007 1805.599976 -41.000000	0.000 0.000 0.000
ttt_random_ammo	-345.119995 1808.119995 115.000000	0.000 0.000 0.000
ttt_random_ammo	-331.738007 1676.010010 86.000000	0.000 0.000 0.000
ttt_random_ammo	-425.720001 1474.109985 119.926003	0.000 0.000 0.000
ttt_random_ammo	-334.696014 1400.369995 119.000000	0.000 0.000 0.000
ttt_random_ammo	-401.338989 1392.550049 119.000000	0.000 0.000 0.000
ttt_random_ammo	-247.132004 4529.709961 -41.000000	0.000 0.000 0.000
ttt_random_ammo	-247.132004 4510.709961 -41.000000	0.000 0.000 0.000
ttt_random_ammo	-410.088989 3834.439941 -41.000000	0.000 0.000 0.000
ttt_random_ammo	-410.088989 3815.439941 -41.000000	0.000 0.000 0.000
ttt_random_ammo	-386.993988 4614.779785 -20.000000	0.000 0.000 0.000
ttt_random_ammo	-386.993988 4595.779785 -20.000000	0.000 0.000 0.000
ttt_random_ammo	-406.000000 1282.000000 106.394997	0.000 0.000 0.000
ttt_random_ammo	-404.058990 3924.590088 104.046997	0.000 0.000 0.000
ttt_random_ammo	-281.579010 4109.410156 7.594420	0.000 0.000 0.000
ttt_random_ammo	-400.000000 1673.000000 -41.000000	0.000 0.000 0.000
ttt_random_ammo	-230.166000 456.937012 106.280998	0.000 0.000 0.000
ttt_random_ammo	-402.000000 -211.000000 -21.000000	0.000 0.000 0.000
ttt_random_ammo	-402.000000 -266.000000 -21.000000	0.000 0.000 0.000
ttt_random_ammo	-399.000000 169.000000 -20.000000	0.000 0.000 0.000
ttt_random_ammo	-380.000000 157.000000 -20.000000	0.000 0.000 0.000
ttt_random_ammo	-378.000000 56.000000 -20.000000	0.000 0.000 0.000
ttt_random_ammo	-397.000000 68.000000 -20.000000	0.000 0.000 0.000
ttt_random_ammo	-379.000000 5.000000 -20.000000	0.000 0.000 0.000
ttt_random_ammo	-398.000000 17.000000 -20.000000	0.000 0.000 0.000
ttt_random_ammo	-378.000000 -74.000000 -20.000000	0.000 0.000 0.000
ttt_random_ammo	-397.000000 -62.000000 -20.000000	0.000 0.000 0.000
ttt_random_ammo	-331.000000 -2901.010010 -41.000000	0.000 0.000 0.000
ttt_random_ammo	-331.000000 -2920.010010 -41.000000	0.000 0.000 0.000
ttt_random_ammo	-385.000000 -1034.010010 121.541000	0.000 0.000 0.000
ttt_random_ammo	-385.000000 -1015.010010 121.541000	0.000 0.000 0.000
ttt_random_ammo	-411.000000 -1232.010010 79.000000	0.000 0.000 0.000
ttt_random_ammo	-411.000000 -1251.010010 79.000000	0.000 0.000 0.000
ttt_random_ammo	-421.738007 3446.770020 0.000000	0.000 0.000 0.000
ttt_random_ammo	-422.069000 3484.770020 0.000000	0.000 0.000 0.000
ttt_random_ammo	-331.957001 3047.280029 86.000000	0.000 0.000 0.000
ttt_random_ammo	-359.084015 3600.360107 0.000000	0.000 0.000 0.000
ttt_random_ammo	-338.752991 2950.870117 -41.000000	0.000 0.000 0.000
ttt_random_ammo	-338.752991 2931.870117 -41.000000	0.000 0.000 0.000
ttt_random_ammo	-257.321991 3478.479980 115.000000	0.000 0.000 0.000
ttt_random_ammo	-257.321991 3459.479980 115.000000	0.000 0.000 0.000
ttt_random_ammo	-323.433990 3437.929932 115.000000	0.000 0.000 0.000
ttt_random_ammo	-323.433990 3418.929932 115.000000	0.000 0.000 0.000
ttt_random_ammo	-343.000000 3647.000000 82.000000	0.000 0.000 0.000
ttt_random_ammo	-343.000000 3628.000000 82.000000	0.000 0.000 0.000
ttt_random_ammo	-308.058014 3230.409912 115.000000	0.000 0.000 0.000
ttt_random_ammo	-264.000000 2654.000000 76.000000	0.000 0.000 0.000
ttt_random_ammo	-316.619995 2654.659912 76.000000	0.000 0.000 0.000
ttt_random_ammo	-316.950989 2692.659912 76.000000	0.000 0.000 0.000
ttt_random_ammo	-262.000000 -2768.000000 84.000000	0.000 0.000 0.000
ttt_random_ammo	-255.000000 -2777.000000 84.000000	0.000 0.000 0.000
ttt_random_ammo	-252.000000 -2759.000000 84.000000	0.000 0.000 0.000
ttt_random_ammo	-221.296005 3804.000000 125.000000	0.000 90.000 0.000
ttt_random_ammo	-230.296005 3797.000000 125.000000	0.000 90.000 0.000
ttt_random_ammo	-239.296005 3807.000000 125.000000	0.000 90.000 0.000
ttt_random_ammo	-422.320770 -881.613403 -7.194181	0.154 -0.095 0.132
ttt_random_ammo	-423.457825 -1172.169556 -6.439771	0.064 -0.426 -0.011
ttt_random_ammo	-427.032715 -1689.625732 -14.636593	0.086 0.000 0.036
ttt_random_ammo	-419.180481 -1689.744141 -14.646705	0.063 0.000 0.003
ttt_random_ammo	-218.713882 -1689.472046 -13.881739	0.156 -0.039 0.122
ttt_random_ammo	-240.566376 4232.826172 89.938591	-0.970 -1.032 1.215
ttt_random_ammo	-418.290039 -2702.587402 -44.276993	0.546 0.947 -1.539
ttt_random_ammo	-420.535858 -2666.707764 -44.821693	0.965 0.160 -1.802
weapon_zm_rifle	-266.786041 -180.239304 78.572174	2.967 18.794 66.678
weapon_ttt_glock	-238.000000 3785.000000 152.000000	0.000 0.500 0.000
weapon_ttt_glock	-238.000000 3785.000000 152.000000	0.000 0.500 0.000
weapon_ttt_glock	-348.051300 2309.135742 113.869904	-0.976 87.148 91.817
weapon_ttt_p228	-412.993744 511.336700 -45.111153	36.715 3.091 -1.941
weapon_ttt_revolver	-383.765350 3622.495605 76.014259	9.345 26.107 74.762
weapon_ttt_revolver	-375.998505 -1149.232788 116.896820	8.698 -34.683 75.299
weapon_ttt_dual_elites	-249.072388 3248.893555 112.429764	34.695 0.667 4.411
weapon_ttt_confgrenade	-228.106003 -2846.639893 124.000000	0.000 0.000 0.000
weapon_ttt_confgrenade	-237.822006 -2920.870117 -41.000000	0.000 0.000 0.000
weapon_ttt_confgrenade	-393.285004 -2921.290039 -41.000000	0.000 0.000 0.000
weapon_ttt_confgrenade	-379.895996 -2026.989990 105.767998	0.000 0.000 0.000
weapon_ttt_confgrenade	-376.303009 -1991.060059 113.507004	0.000 0.000 0.000
weapon_ttt_confgrenade	-284.730011 -2113.719971 -35.000000	0.000 0.000 0.000
weapon_ttt_confgrenade	-412.058990 432.213013 106.280998	0.000 0.000 0.000
weapon_ttt_confgrenade	-231.621002 1081.439941 106.280998	0.000 0.000 0.000
weapon_ttt_confgrenade	-234.382004 4075.100098 96.000000	0.000 0.000 0.000
weapon_ttt_confgrenade	-236.138000 4230.040039 -41.000000	0.000 0.000 0.000
weapon_ttt_confgrenade	-397.904999 1827.780029 115.000000	0.000 0.000 0.000
weapon_ttt_confgrenade	-360.743011 -758.999023 121.541000	0.000 0.000 0.000
weapon_ttt_confgrenade	-219.785004 -1026.319946 0.000000	0.000 0.000 0.000
weapon_ttt_confgrenade	-222.011993 -1164.119995 0.000000	0.000 0.000 0.000
weapon_ttt_confgrenade	-283.089996 -652.867981 -41.000000	0.000 0.000 0.000
weapon_ttt_confgrenade	-399.000000 220.988007 -16.604900	0.000 0.000 0.000
weapon_ttt_confgrenade	-228.729996 416.174011 -41.000000	0.000 0.000 0.000
weapon_ttt_confgrenade	-402.683014 411.002991 -41.000000	0.000 0.000 0.000
weapon_ttt_confgrenade	-229.147995 1068.810059 -41.000000	0.000 0.000 0.000
weapon_ttt_confgrenade	-313.100006 742.747986 -41.000000	0.000 0.000 0.000
weapon_ttt_confgrenade	-312.997009 791.158997 -41.000000	0.000 0.000 0.000
weapon_ttt_confgrenade	-313.539001 838.741028 -41.000000	0.000 0.000 0.000
weapon_ttt_confgrenade	-391.082001 978.025024 82.000000	0.000 0.000 0.000
weapon_ttt_confgrenade	-250.852005 983.789978 82.000000	0.000 0.000 0.000
weapon_ttt_confgrenade	-282.378998 177.352005 82.000000	0.000 0.000 0.000
weapon_ttt_confgrenade	-228.132004 4510.709961 -41.000000	0.000 0.000 0.000
weapon_ttt_confgrenade	-391.088989 3815.439941 -41.000000	0.000 0.000 0.000
weapon_ttt_confgrenade	-367.993988 4595.779785 -20.000000	0.000 0.000 0.000
weapon_ttt_confgrenade	-361.000000 157.000000 -20.000000	0.000 0.000 0.000
weapon_ttt_confgrenade	-359.000000 56.000000 -20.000000	0.000 0.000 0.000
weapon_ttt_confgrenade	-360.000000 5.000000 -20.000000	0.000 0.000 0.000
weapon_ttt_confgrenade	-359.000000 -74.000000 -20.000000	0.000 0.000 0.000
weapon_ttt_confgrenade	-366.000000 -1034.010010 121.541000	0.000 0.000 0.000
weapon_ttt_confgrenade	-392.000000 -1251.010010 79.000000	0.000 0.000 0.000
weapon_ttt_confgrenade	-421.903015 3465.770020 0.000000	0.000 0.000 0.000
weapon_ttt_confgrenade	-319.752991 2931.870117 -41.000000	0.000 0.000 0.000
weapon_ttt_confgrenade	-238.322006 3459.479980 115.000000	0.000 0.000 0.000
weapon_ttt_confgrenade	-304.433990 3418.929932 115.000000	0.000 0.000 0.000
weapon_ttt_confgrenade	-324.000000 3628.000000 82.000000	0.000 0.000 0.000
weapon_ttt_confgrenade	-230.000000 -2768.000000 88.000000	0.000 0.000 0.000
weapon_ttt_confgrenade	-223.000000 -2777.000000 88.000000	0.000 0.000 0.000
weapon_ttt_confgrenade	-220.000000 -2759.000000 88.000000	0.000 0.000 0.000
weapon_ttt_confgrenade	-221.296005 3836.000000 129.000000	0.000 90.000 0.000
weapon_ttt_confgrenade	-230.296005 3829.000000 129.000000	0.000 90.000 0.000
weapon_ttt_confgrenade	-239.296005 3839.000000 129.000000	0.000 90.000 0.000
weapon_ttt_confgrenade	-228.106003 -2846.639893 124.000000	0.000 0.000 0.000
weapon_ttt_confgrenade	-237.822006 -2920.870117 -41.000000	0.000 0.000 0.000
weapon_ttt_confgrenade	-393.285004 -2921.290039 -41.000000	0.000 0.000 0.000
weapon_ttt_confgrenade	-379.895996 -2026.989990 105.767998	0.000 0.000 0.000
weapon_ttt_confgrenade	-376.303009 -1991.060059 113.507004	0.000 0.000 0.000
weapon_ttt_confgrenade	-284.730011 -2113.719971 -35.000000	0.000 0.000 0.000
weapon_ttt_confgrenade	-412.058990 432.213013 106.280998	0.000 0.000 0.000
weapon_ttt_confgrenade	-231.621002 1081.439941 106.280998	0.000 0.000 0.000
weapon_ttt_confgrenade	-234.382004 4075.100098 96.000000	0.000 0.000 0.000
weapon_ttt_confgrenade	-236.138000 4230.040039 -41.000000	0.000 0.000 0.000
weapon_ttt_confgrenade	-397.904999 1827.780029 115.000000	0.000 0.000 0.000
weapon_ttt_confgrenade	-360.743011 -758.999023 121.541000	0.000 0.000 0.000
weapon_ttt_confgrenade	-219.785004 -1026.319946 0.000000	0.000 0.000 0.000
weapon_ttt_confgrenade	-222.011993 -1164.119995 0.000000	0.000 0.000 0.000
weapon_ttt_confgrenade	-283.089996 -652.867981 -41.000000	0.000 0.000 0.000
weapon_ttt_confgrenade	-399.000000 220.988007 -16.604900	0.000 0.000 0.000
weapon_ttt_confgrenade	-228.729996 416.174011 -41.000000	0.000 0.000 0.000
weapon_ttt_confgrenade	-402.683014 411.002991 -41.000000	0.000 0.000 0.000
weapon_ttt_confgrenade	-229.147995 1068.810059 -41.000000	0.000 0.000 0.000
weapon_ttt_confgrenade	-313.100006 742.747986 -41.000000	0.000 0.000 0.000
weapon_ttt_confgrenade	-312.997009 791.158997 -41.000000	0.000 0.000 0.000
weapon_ttt_confgrenade	-313.539001 838.741028 -41.000000	0.000 0.000 0.000
weapon_ttt_confgrenade	-391.082001 978.025024 82.000000	0.000 0.000 0.000
weapon_ttt_confgrenade	-250.852005 983.789978 82.000000	0.000 0.000 0.000
weapon_ttt_confgrenade	-282.378998 177.352005 82.000000	0.000 0.000 0.000
weapon_ttt_confgrenade	-228.132004 4510.709961 -41.000000	0.000 0.000 0.000
weapon_ttt_confgrenade	-391.088989 3815.439941 -41.000000	0.000 0.000 0.000
weapon_ttt_confgrenade	-367.993988 4595.779785 -20.000000	0.000 0.000 0.000
weapon_ttt_confgrenade	-361.000000 157.000000 -20.000000	0.000 0.000 0.000
weapon_ttt_confgrenade	-359.000000 56.000000 -20.000000	0.000 0.000 0.000
weapon_ttt_confgrenade	-360.000000 5.000000 -20.000000	0.000 0.000 0.000
weapon_ttt_confgrenade	-359.000000 -74.000000 -20.000000	0.000 0.000 0.000
weapon_ttt_confgrenade	-366.000000 -1034.010010 121.541000	0.000 0.000 0.000
weapon_ttt_confgrenade	-392.000000 -1251.010010 79.000000	0.000 0.000 0.000
weapon_ttt_confgrenade	-421.903015 3465.770020 0.000000	0.000 0.000 0.000
weapon_ttt_confgrenade	-319.752991 2931.870117 -41.000000	0.000 0.000 0.000
weapon_ttt_confgrenade	-238.322006 3459.479980 115.000000	0.000 0.000 0.000
weapon_ttt_confgrenade	-304.433990 3418.929932 115.000000	0.000 0.000 0.000
weapon_ttt_confgrenade	-324.000000 3628.000000 82.000000	0.000 0.000 0.000
weapon_ttt_confgrenade	-230.000000 -2768.000000 88.000000	0.000 0.000 0.000
weapon_ttt_confgrenade	-223.000000 -2777.000000 88.000000	0.000 0.000 0.000
weapon_ttt_confgrenade	-220.000000 -2759.000000 88.000000	0.000 0.000 0.000
weapon_ttt_confgrenade	-221.296005 3836.000000 129.000000	0.000 90.000 0.000
weapon_ttt_confgrenade	-230.296005 3829.000000 129.000000	0.000 90.000 0.000
weapon_ttt_confgrenade	-239.296005 3839.000000 129.000000	0.000 90.000 0.000
weapon_zm_shotgun	-398.059204 3003.228027 -48.022110	-0.356 -8.974 -83.108
weapon_ttt_famas	-261.201691 3407.202637 108.321533	-0.125 18.234 91.042
weapon_zm_revolver	-243.504883 2978.955078 100.875191	6.814 -31.613 -97.536
weapon_ttt_aug	-350.619720 2355.952637 110.011551	-0.962 -1.192 -83.087
weapon_ttt_sg552	-241.389725 4484.525391 -42.068325	0.384 1.930 -83.275
