# Trouble in Terrorist Town weapon/ammo placement overrides
# For map: ttt_sai_park
# Exported by: Razor  武士
setting:	replacespawns 1
ttt_playerspawn	1716.461548 -2321.757324 527.572021	0.026 0.713 -0.000
ttt_playerspawn	1580.883301 -2478.022949 533.955322	-0.087 -0.844 0.087
ttt_playerspawn	1685.317017 -2608.972412 529.084229	-0.064 -2.237 0.126
ttt_playerspawn	1576.763672 -2647.619141 520.512207	-0.086 -0.000 0.086
ttt_playerspawn	1575.327148 -2828.703369 532.427002	-0.085 -0.423 0.085
ttt_playerspawn	1336.958618 -2905.229004 527.799011	-0.077 -0.929 0.077
ttt_playerspawn	1095.686523 -2903.956299 525.447021	-0.074 -0.902 0.074
ttt_playerspawn	889.028870 -2901.888916 530.399780	-0.067 -0.856 0.068
ttt_playerspawn	707.271057 -2904.625488 529.985291	-0.078 0.205 0.079
ttt_playerspawn	533.453674 -2849.053467 526.953125	-0.054 1.297 0.055
ttt_playerspawn	491.012848 -2710.644531 526.450500	-0.081 0.032 0.080
ttt_playerspawn	502.117859 -2326.193115 368.215576	-0.035 -0.411 0.034
ttt_playerspawn	500.191437 -2099.828125 371.747620	-0.055 -0.200 0.054
ttt_playerspawn	683.500916 -2016.433472 370.010162	-0.076 2.766 0.076
ttt_playerspawn	1030.872559 -2010.689087 528.034729	0.025 -2.836 0.027
ttt_playerspawn	1024.644653 -1755.388184 527.018616	-0.022 -3.640 0.126
ttt_playerspawn	1022.343628 -1491.484619 530.650391	-0.087 -0.904 0.087
ttt_playerspawn	1025.829346 -1213.990967 493.058563	-0.074 3.322 0.074
ttt_playerspawn	773.331116 -1182.712280 488.556091	-0.042 -4.875 0.042
ttt_playerspawn	612.544922 -1174.952026 487.672333	0.077 -1.303 -0.077
ttt_playerspawn	907.388306 -1032.325684 815.342224	0.115 -2.121 0.274
ttt_playerspawn	1064.915283 -1042.995117 813.516357	0.189 1.082 0.148
ttt_playerspawn	1296.345337 -1058.729492 772.642883	0.145 5.489 0.191
ttt_playerspawn	1578.262207 -1313.386963 770.635986	-0.022 0.494 0.284
ttt_playerspawn	1581.725952 -1576.518921 772.658081	0.025 -3.135 0.168
ttt_playerspawn	1571.102661 -1838.907715 772.455017	-0.071 -4.154 0.071
ttt_playerspawn	1599.030884 -2086.907471 770.328003	0.033 -1.219 0.137
ttt_playerspawn	1888.870850 -2055.859619 774.415100	0.010 2.173 0.099
ttt_playerspawn	1593.544922 -2229.083252 765.817505	-0.012 -1.299 0.012
ttt_playerspawn	1796.917358 -1119.247437 770.328125	0.025 0.816 0.176
ttt_playerspawn	1990.465332 -974.630371 771.858093	-1.311 -0.436 0.255
ttt_playerspawn	1465.196045 -2229.599609 768.868774	-0.000 -0.425 0.000
ttt_playerspawn	1214.925415 -2221.102539 768.274719	0.082 1.105 -0.081
ttt_playerspawn	2096.341309 -2053.512207 770.012207	-0.122 -1.348 0.116
ttt_playerspawn	2384.756348 -2054.868164 769.296875	-0.015 -0.473 0.015
ttt_playerspawn	1845.799438 -1763.428955 769.429321	-0.101 0.305 -0.074
ttt_playerspawn	1371.531738 -1856.996582 773.179810	-0.009 0.421 0.009
ttt_playerspawn	189.110626 -981.162476 771.421692	-0.015 2.178 0.015
ttt_playerspawn	271.213318 -1812.223267 768.514404	-0.011 -0.000 0.010
ttt_playerspawn	1524.083740 -831.945374 767.617554	0.022 -2.268 0.162
weapon_ttt_ak47	2402.975586 -1791.812134 760.911133	0.090 13.131 -87.941
item_box_buckshot_ttt	2384.105957 -887.790833 1000.369873	-0.758 -0.104 -0.560
item_box_buckshot_ttt	2383.878906 -833.435486 1000.456055	-0.446 -0.007 0.395
item_box_buckshot_ttt	2612.845703 -2938.565674 560.384155	-0.755 -0.006 0.695
item_box_buckshot_ttt	2585.366455 -2939.951660 600.434692	-0.653 -0.005 0.506
item_box_buckshot_ttt	2580.331299 -2864.633789 600.334595	-0.324 -0.003 -0.251
item_box_buckshot_ttt	292.259949 -1512.052734 1000.383728	0.562 -0.001 0.509
item_box_buckshot_ttt	304.589661 -1511.682129 1000.451477	-0.674 0.031 -1.219
item_box_buckshot_ttt	336.598938 -1500.387939 1000.384338	-0.995 -0.010 0.892
item_ammo_357_ttt	2299.978027 -975.380005 1320.383545	0.547 0.030 -0.011
item_ammo_357_ttt	2316.063232 -974.638550 1320.365356	0.459 0.059 0.042
item_ammo_357_ttt	2311.177734 -734.164429 1320.357056	0.457 0.059 0.045
item_ammo_357_ttt	2327.044922 -731.078796 1320.372925	0.460 0.057 0.039
item_ammo_357_ttt	2481.490967 -790.187988 800.380737	0.676 0.276 0.123
item_ammo_357_ttt	2498.816162 -790.764954 800.327393	0.504 -0.042 0.001
item_ammo_357_ttt	2175.534668 -868.293213 520.330444	0.450 0.068 0.056
item_ammo_357_ttt	2185.879639 -870.132202 520.330444	0.450 0.067 0.056
item_ammo_357_ttt	1583.193970 -1038.064087 1000.315247	0.904 -0.030 -0.418
item_ammo_357_ttt	1568.023071 -1037.148071 1000.418579	0.443 -0.042 0.114
item_ammo_357_ttt	1902.699707 -1241.625977 1040.327393	0.534 -0.032 -0.022
item_ammo_357_ttt	1892.100464 -1242.275024 1040.383545	0.511 -0.027 -0.010
item_ammo_357_ttt	2150.083008 -1208.454712 1040.315430	0.462 0.021 0.056
item_ammo_357_ttt	2136.607422 -1208.947510 1040.357666	0.466 0.062 0.041
item_ammo_357_ttt	2294.764893 -1730.872437 1160.339111	0.465 0.028 0.047
item_ammo_357_ttt	2277.128418 -1732.627808 1160.315674	0.535 -0.039 -0.010
item_ammo_357_ttt	1379.748657 -1311.729980 1000.344910	0.465 0.064 0.046
item_ammo_357_ttt	1390.548828 -1312.136597 1000.313049	0.462 0.076 0.057
item_ammo_357_ttt	1292.828735 -1479.017456 1000.324768	0.549 -0.039 -0.038
item_ammo_357_ttt	1306.207764 -1478.215454 1000.377686	0.530 -0.042 -0.026
item_ammo_357_ttt	1094.580322 -1559.598755 1040.353149	0.510 0.084 0.001
item_ammo_357_ttt	1084.308838 -1554.874268 1040.370361	0.468 0.059 0.036
item_ammo_357_ttt	1071.621948 -1808.636108 1000.417236	0.472 0.056 0.019
item_ammo_357_ttt	1051.810669 -1811.208862 1000.305786	0.461 0.082 0.060
item_ammo_357_ttt	543.487366 -1721.369507 1000.385620	0.469 0.051 0.031
item_ammo_357_ttt	525.716431 -1721.237671 1000.354065	0.466 0.062 0.042
item_ammo_revolver_ttt	791.034119 -2553.718994 600.330383	0.450 0.066 0.056
item_ammo_revolver_ttt	792.107605 -2572.899414 600.317139	0.447 0.074 0.062
item_ammo_revolver_ttt	815.152527 -2551.960205 600.417114	0.467 0.052 0.021
item_ammo_revolver_ttt	1465.978149 -2267.075684 520.351807	0.454 0.060 0.047
item_ammo_revolver_ttt	1448.403809 -2266.013428 520.365295	0.457 0.059 0.042
item_ammo_revolver_ttt	2349.581787 -1818.474365 760.384338	0.469 0.058 0.031
item_ammo_revolver_ttt	2362.029541 -1819.075684 760.421082	0.473 0.056 0.018
item_ammo_revolver_ttt	2378.606689 -1817.707520 760.322266	0.463 0.069 0.053
item_ammo_revolver_ttt	2096.593506 -2605.838135 520.338623	0.452 0.066 0.052
item_ammo_revolver_ttt	2033.655640 -2608.727295 520.353577	0.455 0.039 0.046
item_ammo_revolver_ttt	1881.989624 -2613.793457 520.369995	0.458 0.045 0.040
item_ammo_revolver_ttt	1835.083618 -2617.761475 520.435974	0.471 0.053 0.014
item_ammo_smg1_ttt	2579.887939 -2728.851807 600.436035	-0.037 -0.000 -0.028
item_ammo_smg1_ttt	2579.454102 -2749.986328 600.519531	-0.237 0.016 -0.211
item_ammo_smg1_ttt	2591.950928 -2737.410645 600.426514	0.611 -0.003 0.398
item_ammo_smg1_ttt	2574.907471 -2612.048584 601.646362	-0.191 -1.704 -0.171
item_ammo_smg1_ttt	2573.400391 -2634.384033 601.213501	0.185 0.852 0.237
item_ammo_smg1_ttt	2587.903076 -2621.496582 600.850281	-0.220 -0.392 -0.193
item_ammo_smg1_ttt	2737.160400 -2571.826904 520.399292	0.153 -0.005 0.091
item_ammo_smg1_ttt	2752.250977 -2570.003418 520.487000	0.497 0.012 0.389
item_ammo_smg1_ttt	2178.430908 -1216.990845 760.426392	0.590 -0.003 0.384
item_ammo_smg1_ttt	2175.936035 -1188.083862 760.512329	-0.287 0.012 -0.242
item_ammo_smg1_ttt	2378.273926 -1754.560303 760.462402	0.460 0.107 -0.104
item_ammo_smg1_ttt	2399.364502 -1754.887085 760.473328	0.321 0.024 -0.034
item_ammo_smg1_ttt	2416.872070 -1756.088745 760.481995	0.072 0.034 0.468
item_ammo_smg1_ttt	2545.673340 -1744.605103 760.545654	-0.088 -0.017 0.075
item_ammo_smg1_ttt	2561.732666 -1741.239868 760.502991	-0.473 0.013 -0.372
item_ammo_smg1_ttt	2613.414307 -1477.189087 760.513245	0.050 0.087 0.279
item_ammo_smg1_ttt	2631.437988 -1478.001953 760.478577	0.085 0.116 0.367
item_ammo_smg1_ttt	2870.997314 -924.032898 760.428528	0.661 -0.003 0.431
item_ammo_smg1_ttt	2852.795166 -923.640015 760.477356	0.551 -0.084 0.245
item_ammo_smg1_ttt	2821.127930 -1144.344116 760.554199	0.694 -0.023 -0.411
item_ammo_smg1_ttt	2821.140381 -1116.506348 760.563354	-0.000 -2.243 -0.000
item_ammo_smg1_ttt	2223.156738 -792.058411 760.489563	-0.366 -0.110 -0.008
item_ammo_smg1_ttt	2224.738281 -744.136597 760.519165	-0.234 0.014 -0.203
item_ammo_smg1_ttt	2330.492188 -1580.746826 1080.520508	-0.214 0.014 -0.184
item_ammo_smg1_ttt	2259.084229 -1578.139648 1080.507080	-0.424 0.011 -0.337
item_ammo_smg1_ttt	2140.885986 -1585.172729 960.519958	-0.235 0.014 -0.200
item_ammo_smg1_ttt	2177.177246 -1540.793335 960.496765	-0.863 -0.013 -0.639
item_ammo_smg1_ttt	2021.913208 -1822.135010 1000.533508	-0.156 0.017 -0.133
item_ammo_smg1_ttt	1982.174805 -1781.722412 1000.473450	0.576 0.013 -0.268
item_ammo_smg1_ttt	1808.104614 -921.251038 960.470581	-0.771 0.003 -0.517
item_ammo_smg1_ttt	1821.451904 -921.283020 960.477600	0.099 0.100 0.208
item_ammo_smg1_ttt	1569.331909 -721.925842 1040.482788	0.079 0.098 0.173
item_ammo_smg1_ttt	1587.187866 -721.479736 1040.478271	-0.004 -0.028 -0.013
item_ammo_smg1_ttt	1727.223755 -543.869080 960.417908	0.372 -0.005 0.238
item_ammo_smg1_ttt	1710.912598 -549.338501 960.417908	0.375 -0.005 0.240
item_ammo_pistol_ttt	1786.085083 -3064.195068 560.383606	-0.100 -0.020 -0.030
item_ammo_pistol_ttt	1785.837036 -3018.690186 560.354309	-0.126 -0.019 -0.038
item_ammo_pistol_ttt	1770.101807 -3019.718994 560.374512	-0.108 -0.019 -0.033
item_ammo_pistol_ttt	1770.418579 -3066.404053 560.333252	-0.144 -0.018 -0.043
item_ammo_pistol_ttt	2413.658936 -1340.547363 760.378479	0.025 0.032 0.003
item_ammo_pistol_ttt	2432.955078 -1339.534302 760.363037	0.028 0.031 0.003
item_ammo_pistol_ttt	2212.843018 -974.613281 760.335632	-0.142 -0.019 -0.042
item_ammo_pistol_ttt	2232.771240 -975.552063 760.349792	-0.129 -0.019 -0.039
item_ammo_pistol_ttt	1345.344116 -1772.023438 1080.406860	-0.080 -0.019 -0.024
item_ammo_pistol_ttt	1334.497070 -1768.357544 1080.372681	-0.051 0.013 0.016
item_ammo_pistol_ttt	1892.513672 -1524.745972 1000.354736	-0.112 0.014 -0.016
item_ammo_pistol_ttt	1905.894531 -1525.390625 1000.373474	-0.261 -0.006 -0.070
weapon_ttt_g3sg1	2491.305664 -776.025818 801.325806	-0.813 1.997 -87.965
weapon_ttt_g3sg1	2145.343750 -871.975647 521.312805	-0.819 2.490 -87.662
weapon_ttt_g3sg1	1580.548584 -1011.365112 1001.244629	-0.615 0.440 -88.020
weapon_ttt_g3sg1	1903.703369 -1268.961914 1041.293457	-0.654 0.033 -87.578
weapon_ttt_g3sg1	1090.781494 -1536.425659 1041.261353	-0.468 0.043 -87.624
ttt_random_weapon	1600.033203 -957.453552 761.182800	1.653 5.279 -93.169
ttt_random_weapon	1371.211548 -951.971252 761.215759	1.480 5.343 -93.508
ttt_random_weapon	1306.730225 -1407.973999 761.162415	1.731 5.344 -92.955
ttt_random_weapon	898.998291 -1703.258179 761.183716	1.630 5.348 -93.175
ttt_random_weapon	602.686401 -1738.040039 761.208740	1.526 5.263 -93.440
ttt_random_weapon	165.583023 -1324.318848 761.166138	1.713 5.345 -92.994
ttt_random_weapon	225.600952 -700.637695 761.188477	1.625 5.280 -93.228
ttt_random_weapon	359.628418 -448.744293 761.212708	1.508 5.264 -93.481
ttt_random_weapon	1113.533813 -530.550110 761.187561	1.615 5.349 -93.215
ttt_random_weapon	2427.899902 -771.887878 801.221497	1.379 5.865 -93.445
ttt_random_weapon	2499.792725 -951.223206 808.306885	1.628 12.341 -93.163
ttt_random_weapon	2458.124512 -951.529785 806.619934	1.559 5.918 -93.321
ttt_random_weapon	2412.133545 -947.367981 801.227356	1.563 5.896 -93.312
ttt_random_weapon	2361.066162 -947.742554 801.230896	1.521 5.891 -93.407
ttt_random_weapon	2308.157959 -947.761292 801.221252	1.636 5.749 -93.144
ttt_random_weapon	2445.343262 -789.639404 767.470886	1.765 9.230 -92.850
ttt_random_weapon	2449.395264 -936.144836 766.913574	1.549 9.393 -93.344
ttt_random_weapon	2340.909180 -937.586304 768.005249	1.810 11.377 -92.746
ttt_random_weapon	1980.036377 -2221.752930 541.210693	1.754 4.191 -92.875
ttt_random_weapon	1937.513184 -2221.760986 541.212952	1.729 4.188 -92.932
ttt_random_weapon	1813.853271 -2220.462891 541.238892	1.433 4.059 -93.609
ttt_random_weapon	2042.089111 -2696.386719 521.237671	1.448 4.141 -93.574
ttt_random_weapon	1868.416504 -2709.932373 521.209595	1.766 4.190 -92.847
ttt_random_weapon	2150.145996 -3125.291748 521.228333	1.555 4.160 -93.330
ttt_random_weapon	2458.465332 -2578.083984 521.227417	1.566 5.922 -93.306
ttt_random_weapon	2730.673584 -3064.475830 521.204773	1.821 4.196 -92.720
ttt_random_weapon	1625.502197 -3538.140381 521.210205	1.760 4.188 -92.862
ttt_random_weapon	1777.851074 -2816.255615 569.390930	0.000 22.581 -90.000
ttt_random_weapon	1778.051147 -2784.781982 566.090637	0.000 45.632 -90.000
ttt_random_weapon	670.479004 -2966.208984 521.207886	1.786 4.192 -92.802
ttt_random_weapon	1149.947266 -2544.634766 567.367859	1.354 19.181 -93.791
ttt_random_weapon	1196.500244 -2548.076416 567.465820	1.332 16.584 -93.841
ttt_random_weapon	899.200378 -2743.353027 566.612244	1.332 21.729 -93.840
ttt_random_weapon	821.744507 -2742.194580 565.331543	1.333 7.968 -93.840
ttt_random_weapon	1253.521240 -2430.926758 521.217346	1.679 4.182 -93.046
ttt_random_weapon	1195.793213 -2424.626465 521.217346	1.679 4.182 -93.046
ttt_random_weapon	1610.784058 -1991.589478 521.208374	1.780 4.195 -92.815
ttt_random_weapon	1487.286011 -1890.551636 521.208374	1.780 4.195 -92.815
ttt_random_weapon	1480.222900 -1751.095093 521.225647	1.585 4.033 -93.262
ttt_random_weapon	1210.876343 -1877.751831 521.221375	1.635 4.040 -93.148
ttt_random_weapon	1198.926392 -1752.781128 521.209045	1.773 4.195 -92.830
ttt_random_weapon	2528.536865 -867.835205 521.226807	1.572 4.166 -93.291
ttt_random_weapon	1855.998169 -1513.496216 761.184692	1.627 5.347 -93.186
ttt_random_weapon	1950.184082 -1256.012207 761.225342	1.437 5.339 -93.606
ttt_random_weapon	2630.806396 -943.621460 761.204468	1.532 5.344 -93.391
ttt_random_weapon	2627.485596 -852.275146 761.165833	1.710 5.343 -92.991
ttt_random_weapon	2637.568604 -754.772705 761.195496	1.590 5.266 -93.305
ttt_random_weapon	2782.011230 -711.663025 761.186340	1.616 5.345 -93.204
ttt_random_weapon	1834.644165 -826.916077 761.183472	1.629 5.347 -93.174
ttt_random_weapon	1778.516235 -642.690308 761.199036	1.573 5.279 -93.337
ttt_random_weapon	1112.080811 -1810.316772 761.181702	1.639 5.347 -93.155
ttt_random_weapon	2060.923340 -2201.703857 761.223755	1.080 -164.863 -93.816
ttt_random_weapon	2225.554688 -2721.824951 761.185608	1.647 5.267 -93.202
ttt_random_weapon	2598.136475 -3200.923828 761.173462	1.747 5.324 -93.122
ttt_random_weapon	2928.785889 -3525.515625 761.221191	1.484 5.342 -93.580
ttt_random_weapon	1922.983521 -3309.585205 761.203918	1.582 5.348 -93.411
ttt_random_weapon	1921.532471 -3173.971436 761.195129	1.632 5.349 -93.325
ttt_random_weapon	1808.687866 -3500.993408 761.219604	1.493 5.346 -93.564
ttt_random_weapon	1329.765503 -3370.055664 761.212830	1.531 5.347 -93.498
ttt_random_weapon	861.378418 -3313.277588 761.198975	1.609 5.345 -93.364
ttt_random_weapon	158.218002 -3510.726318 761.186584	1.680 5.343 -93.243
ttt_random_weapon	375.335938 -3534.230469 761.207092	1.563 5.344 -93.443
ttt_random_weapon	369.210571 -3134.351318 761.220581	1.501 5.278 -93.577
ttt_random_weapon	158.118164 -3152.213867 761.207825	1.785 17.156 -92.802
ttt_random_weapon	158.970993 -2654.871582 761.200439	1.601 5.344 -93.379
ttt_random_weapon	179.235962 -2360.176758 761.177612	1.660 5.348 -93.113
ttt_random_weapon	366.644897 -2222.065918 761.205322	1.531 5.346 -93.399
ttt_random_weapon	808.427979 -2509.210693 761.163574	1.724 5.344 -92.967
ttt_random_weapon	1150.880859 -2999.019531 761.210876	1.539 5.329 -93.483
ttt_random_weapon	1152.953979 -3036.064697 761.178406	1.666 4.039 -93.200
ttt_random_weapon	1151.596802 -3077.467773 761.183167	1.347 5.401 -93.387
ttt_random_weapon	1150.771973 -3116.808594 761.208923	1.553 5.344 -93.461
ttt_random_weapon	1150.633789 -3156.407227 761.192749	1.645 5.343 -93.302
ttt_random_weapon	1150.475586 -3201.403809 761.189270	1.665 5.342 -93.270
ttt_random_weapon	1933.709717 -2667.252686 761.207703	1.560 5.348 -93.448
ttt_random_weapon	1928.763794 -2726.156250 761.206177	1.590 5.279 -93.437
ttt_random_weapon	2286.926025 -2347.904785 761.168640	1.702 5.346 -93.019
ttt_random_weapon	2235.216064 -2340.408447 761.167419	1.708 5.347 -93.007
ttt_random_weapon	2761.557373 -2410.058838 761.157043	1.758 5.342 -92.900
ttt_random_weapon	2589.583740 -2413.687744 761.223022	1.472 5.341 -93.598
ttt_random_weapon	528.637146 -2022.046265 761.167419	1.708 5.349 -93.007
ttt_random_weapon	1440.021606 -2081.129639 761.170959	1.691 5.345 -93.043
ttt_random_weapon	1964.406006 -2414.315918 761.183777	1.631 5.348 -93.176
ttt_random_weapon	1792.207886 -2230.319580 761.158325	1.749 5.342 -92.913
ttt_random_weapon	2027.866699 -2062.994141 761.174438	1.675 5.348 -93.079
ttt_random_weapon	2933.133545 -1930.024292 761.190308	1.603 5.347 -93.243
ttt_random_weapon	2894.470947 -1876.574463 761.187561	1.615 5.347 -93.216
ttt_random_weapon	2823.113770 -1747.158691 761.174438	1.677 5.347 -93.080
ttt_random_weapon	826.098511 -421.562408 761.208130	1.555 5.346 -93.453
ttt_random_weapon	646.931335 -422.345825 761.192444	1.643 5.346 -93.300
ttt_random_weapon	476.179474 -820.021301 751.297729	1.587 9.120 -102.713
ttt_random_weapon	606.882080 -773.047302 750.448120	1.848 1.830 65.241
ttt_random_weapon	685.923706 -801.135010 751.019714	0.794 8.396 -87.488
ttt_random_weapon	697.967651 -1231.173218 751.027588	1.159 160.639 -97.866
ttt_random_weapon	713.057739 -1130.937622 750.561890	-0.144 1.236 -95.765
ttt_random_weapon	775.705322 -886.170715 751.094360	0.615 3.304 -95.253
ttt_random_weapon	1739.844849 -891.177490 881.173096	1.678 5.349 -93.066
weapon_zm_sledge	1761.671631 -3174.855469 520.815369	18.634 2.488 2.992
weapon_zm_sledge	1447.820557 -2422.342285 517.808472	18.634 -0.125 2.992
weapon_ttt_smg	1779.086914 -3039.800293 567.600525	1.429 23.757 90.241
weapon_ttt_m16	1776.983521 -2929.591309 565.381287	0.000 44.974 90.000
weapon_ttt_m16	1776.270386 -2894.358398 564.668335	0.000 51.094 90.000
weapon_ttt_m16	1344.329956 -1746.587891 1080.834961	2.227 -6.176 84.111
weapon_ttt_m16	1906.993164 -1546.262329 1000.852417	2.045 -6.037 83.707
weapon_ttt_tmp	2653.872803 -2862.422363 570.182983	0.061 -17.672 -91.298
weapon_ttt_tmp	2017.127808 -1783.680664 1018.829590	0.125 -39.236 -89.198
weapon_ttt_mp5	2802.635010 -1104.122437 760.950989	0.748 42.018 -85.609
weapon_ttt_mp5	1726.053467 -516.360291 960.688965	0.023 94.520 83.029
weapon_ttt_galil	2619.232178 -2631.881592 601.162659	0.818 -12.938 -87.636
weapon_ttt_galil	2626.801514 -1509.393921 761.162720	0.836 -8.439 -87.653
weapon_ttt_galil	1574.249268 -699.708130 1041.163940	0.832 -8.439 -87.661
weapon_zm_molotov	2208.060303 -861.767578 520.156372	-1.573 -1.413 -1.601
weapon_zm_molotov	2229.072754 -860.581360 520.171265	-1.256 -1.504 -1.278
weapon_zm_molotov	2474.328613 -858.219116 520.164734	-1.395 -1.485 -1.420
weapon_zm_molotov	2447.323242 -858.387329 520.146912	-1.774 -1.378 -1.807
weapon_ttt_sg550	2302.578857 -757.988037 1321.558716	0.315 -15.000 -89.857
weapon_ttt_sg550	2296.380615 -1712.114746 1161.476563	0.328 -12.798 -89.367
weapon_ttt_sg550	1383.262207 -1300.625000 1001.470215	0.330 -12.797 -89.329
weapon_ttt_sg550	1291.469849 -1464.030029 1001.458313	0.333 -12.796 -89.258
ttt_random_ammo	1632.478638 -1037.983521 760.342896	-0.059 -0.215 -0.319
ttt_random_ammo	1630.368286 -988.632507 760.335083	0.038 0.000 -0.034
ttt_random_ammo	1396.360229 -921.066406 760.357178	0.159 -0.080 -0.080
ttt_random_ammo	1396.720947 -886.406189 760.378906	0.539 0.004 0.579
ttt_random_ammo	1339.836426 -1451.742065 760.426819	1.041 0.025 1.227
ttt_random_ammo	1364.923218 -1425.896118 760.413696	1.226 0.027 1.443
ttt_random_ammo	903.981750 -1743.597168 760.400879	1.664 0.029 1.998
ttt_random_ammo	901.636047 -1662.423706 760.328247	0.067 0.000 -0.029
ttt_random_ammo	585.569153 -1693.249023 760.387512	-0.298 -0.003 0.160
ttt_random_ammo	586.165588 -1785.337158 760.368591	0.227 0.001 0.194
ttt_random_ammo	160.662399 -1343.690796 760.414856	1.324 -0.028 -1.584
ttt_random_ammo	162.082825 -1286.939697 760.362976	0.189 -0.001 -0.143
ttt_random_ammo	264.683044 -672.926941 760.380188	0.832 0.008 0.936
ttt_random_ammo	176.040955 -661.175598 760.436096	1.027 -0.025 -1.233
ttt_random_ammo	331.329468 -499.296936 760.419861	1.301 0.028 1.558
ttt_random_ammo	373.477631 -541.762024 760.380615	0.755 0.007 0.843
ttt_random_ammo	1056.705078 -592.462952 760.353516	0.102 0.000 0.031
ttt_random_ammo	1141.964966 -576.924194 760.359497	0.132 0.000 0.071
ttt_random_ammo	2497.169678 -939.147827 1000.457703	0.642 0.019 0.766
ttt_random_ammo	2504.572998 -777.796326 1000.372131	0.266 0.001 0.240
ttt_random_ammo	2421.549072 -788.187866 800.349426	-0.339 -0.003 0.277
ttt_random_ammo	2446.407227 -788.871338 800.335815	0.072 0.000 -0.019
ttt_random_ammo	2299.464600 -927.582947 800.394958	-0.286 -0.089 -0.266
ttt_random_ammo	2324.347412 -928.904236 801.345825	0.215 1.301 0.176
ttt_random_ammo	2351.417969 -927.527405 800.328369	0.068 0.000 -0.030
ttt_random_ammo	2373.532227 -927.984802 800.370117	0.275 0.001 0.251
ttt_random_ammo	2401.415527 -928.558289 800.430298	1.667 0.046 2.033
ttt_random_ammo	2423.018311 -929.008118 800.409851	1.467 0.036 1.755
ttt_random_ammo	2448.124268 -931.400146 805.612488	0.129 -0.454 0.064
ttt_random_ammo	2463.765381 -931.653259 805.345703	1.362 -1.268 1.582
ttt_random_ammo	2484.524902 -935.605530 805.980591	-0.381 1.662 0.459
ttt_random_ammo	2502.036133 -935.129089 807.275330	0.000 -2.222 0.000
ttt_random_ammo	2415.331543 -936.624573 762.649841	-0.000 -4.349 0.000
ttt_random_ammo	2380.750000 -935.769775 764.052002	0.067 -0.418 -0.033
ttt_random_ammo	1904.065430 -2217.832520 540.451233	-1.299 0.029 -1.614
ttt_random_ammo	1863.523193 -2219.001465 540.355713	0.027 0.000 -0.040
ttt_random_ammo	2068.618164 -2226.768066 520.393188	-0.136 0.000 -0.217
ttt_random_ammo	1727.036865 -2220.964111 520.369873	0.007 0.000 -0.056
ttt_random_ammo	2054.293213 -2716.478271 520.380127	-0.557 -0.004 0.613
ttt_random_ammo	2059.857422 -2743.882813 520.325256	0.056 0.000 -0.020
ttt_random_ammo	1863.684082 -2739.606201 520.421997	-1.485 -0.027 1.785
ttt_random_ammo	1886.128540 -2733.071777 520.344482	0.079 0.000 0.018
ttt_random_ammo	2152.791260 -3106.704102 520.403870	1.599 0.026 1.937
ttt_random_ammo	2135.733398 -3097.361572 520.355103	0.120 0.000 0.074
ttt_random_ammo	2454.422607 -2598.237305 520.360840	0.172 0.001 0.140
ttt_random_ammo	2476.875244 -2597.054932 520.320068	0.054 0.000 -0.024
ttt_random_ammo	2730.293701 -3090.128662 520.335083	0.077 0.000 0.011
ttt_random_ammo	2700.578857 -3089.403076 520.320007	0.059 0.000 -0.019
ttt_random_ammo	1634.770508 -3511.486816 520.445740	0.856 0.022 1.050
ttt_random_ammo	1614.483398 -3510.992920 520.414795	1.392 0.030 1.684
ttt_random_ammo	1739.775879 -2863.607422 520.325256	0.056 0.000 -0.020
ttt_random_ammo	1739.206543 -2822.338135 520.350952	0.101 0.000 0.048
ttt_random_ammo	1739.549561 -2770.378662 520.323608	-0.059 -0.000 -0.017
ttt_random_ammo	1780.402710 -2707.012451 520.409424	1.506 0.031 1.825
ttt_random_ammo	623.081909 -2940.825195 520.411011	1.416 0.032 1.736
ttt_random_ammo	656.729187 -2941.661377 520.403870	1.379 0.030 1.649
ttt_random_ammo	1241.488037 -2539.254639 560.394043	0.370 0.002 0.397
ttt_random_ammo	1276.131592 -2540.226074 560.340149	0.039 0.000 -0.034
ttt_random_ammo	1299.517334 -2540.880127 560.371643	0.027 0.000 -0.032
ttt_random_ammo	858.795654 -2743.579834 560.351379	0.046 0.000 -0.020
ttt_random_ammo	779.081055 -2621.171875 560.351379	0.046 0.000 -0.020
ttt_random_ammo	815.634033 -2576.162109 560.434875	1.453 0.035 1.766
ttt_random_ammo	856.729675 -2542.737061 560.349182	0.045 0.000 -0.022
ttt_random_ammo	1296.671387 -2430.064453 520.469910	-0.709 -0.022 0.851
ttt_random_ammo	1320.393066 -2429.789551 520.414490	-1.234 -0.018 1.448
ttt_random_ammo	1159.343018 -2428.124023 520.397522	0.296 0.001 0.309
ttt_random_ammo	1133.547485 -2427.807373 520.325378	0.044 0.000 -0.034
ttt_random_ammo	1576.502197 -1981.895386 520.391479	-0.115 0.000 -0.194
ttt_random_ammo	1622.527222 -2014.196045 520.359924	0.023 0.000 -0.042
ttt_random_ammo	1482.584106 -1777.918335 520.364014	0.018 0.000 -0.046
ttt_random_ammo	1484.181152 -1869.389282 520.351501	0.030 0.000 -0.038
ttt_random_ammo	1201.851563 -1771.556396 520.337769	0.042 0.000 -0.030
ttt_random_ammo	1207.745239 -1899.870850 520.365723	0.048 0.000 -0.009
ttt_random_ammo	2492.640137 -857.326843 520.403564	0.794 0.008 0.917
ttt_random_ammo	2494.435791 -874.185669 520.383484	0.094 0.000 0.057
ttt_random_ammo	1896.801025 -1492.848267 760.370300	0.255 0.001 0.228
ttt_random_ammo	1862.755005 -1477.051880 760.383606	1.243 0.018 1.438
ttt_random_ammo	1954.421021 -1209.229492 760.378906	0.544 0.004 0.586
ttt_random_ammo	1948.550049 -1301.753418 760.320557	0.064 -0.000 -0.037
ttt_random_ammo	2632.218018 -792.935730 760.344727	0.103 0.000 0.026
ttt_random_ammo	2633.182617 -901.318665 760.348999	0.120 0.000 0.050
ttt_random_ammo	2632.567871 -996.950317 760.394409	1.365 0.032 1.598
ttt_random_ammo	2640.538574 -712.827148 760.377075	1.025 0.012 1.169
ttt_random_ammo	2823.045166 -772.559692 760.399292	1.411 0.031 1.673
ttt_random_ammo	2822.324707 -733.068359 760.328186	0.074 0.000 -0.019
ttt_random_ammo	1867.515381 -863.797668 760.328247	0.066 0.000 -0.030
ttt_random_ammo	1868.668091 -840.279053 760.339478	0.183 -0.116 -0.513
ttt_random_ammo	1820.593384 -585.696289 760.367065	0.181 0.000 0.135
ttt_random_ammo	1822.838257 -621.945129 760.363708	0.023 0.000 -0.038
ttt_random_ammo	1092.606934 -1859.008789 760.340271	0.077 0.000 -0.009
ttt_random_ammo	1120.222900 -1867.848633 760.364990	0.195 0.001 0.152
ttt_random_ammo	2083.202881 -2182.412109 760.355530	0.112 0.000 0.045
ttt_random_ammo	2057.449219 -2239.735596 760.380920	0.715 0.006 0.795
ttt_random_ammo	2276.884766 -2733.702393 760.340454	0.059 -0.000 0.030
ttt_random_ammo	2609.563477 -3181.555420 760.371521	0.579 0.004 0.623
ttt_random_ammo	2590.835449 -3180.548584 760.360779	0.237 0.001 0.200
ttt_random_ammo	2559.453613 -3207.500000 760.325745	0.073 0.000 -0.023
ttt_random_ammo	2609.098877 -3224.689697 760.367493	0.391 0.002 0.391
ttt_random_ammo	2934.667725 -3498.777832 760.360779	0.237 0.001 0.199
ttt_random_ammo	2913.402344 -3498.937744 760.372803	0.659 0.005 0.721
ttt_random_ammo	1969.963135 -3309.678467 760.340271	0.082 0.000 -0.002
ttt_random_ammo	1966.005737 -3330.716064 760.361145	0.181 0.000 0.132
ttt_random_ammo	1930.522461 -3333.287354 760.357300	0.148 0.000 0.089
ttt_random_ammo	1922.761841 -3147.530762 760.369629	0.325 0.001 0.312
ttt_random_ammo	1915.427002 -3204.260742 760.375183	0.551 0.004 0.591
ttt_random_ammo	1965.409424 -3167.327881 760.353333	0.122 0.000 0.056
ttt_random_ammo	1812.144165 -3534.028809 760.320557	0.066 -0.000 -0.035
ttt_random_ammo	1813.129517 -3466.439941 760.330750	0.071 0.000 -0.022
ttt_random_ammo	1321.816284 -3336.533936 760.328247	0.069 0.000 -0.026
ttt_random_ammo	1273.195679 -3369.734863 760.422058	1.336 0.029 1.620
ttt_random_ammo	829.445190 -3313.706787 760.361084	0.189 0.001 0.142
ttt_random_ammo	859.836243 -3343.103760 760.330688	0.072 0.000 -0.021
ttt_random_ammo	172.925262 -3536.270264 760.423889	1.110 0.025 1.323
ttt_random_ammo	207.474701 -3531.798828 760.342529	0.093 0.000 0.012
ttt_random_ammo	371.964569 -3500.713135 760.333313	0.062 -0.000 0.031
ttt_random_ammo	335.513916 -3540.536865 760.401306	1.712 -0.031 -2.051
ttt_random_ammo	364.811859 -3167.837891 760.323242	0.061 0.000 0.039
ttt_random_ammo	333.555511 -3149.360596 760.346985	0.106 0.000 0.032
ttt_random_ammo	152.054260 -3176.240479 760.372192	0.494 0.003 0.519
ttt_random_ammo	185.574799 -3162.081055 760.395203	1.487 0.026 1.761
ttt_random_ammo	143.802414 -2686.995850 760.446777	0.895 -0.023 -1.073
ttt_random_ammo	180.101151 -2689.316162 760.362732	0.230 0.001 0.192
ttt_random_ammo	152.692902 -2345.516602 760.424316	1.065 0.024 1.256
ttt_random_ammo	221.353439 -2348.366211 760.373108	0.369 0.002 0.368
ttt_random_ammo	363.729858 -2186.946045 760.344849	0.085 0.000 0.005
ttt_random_ammo	370.172638 -2251.128662 760.363159	0.182 0.000 0.134
ttt_random_ammo	843.364624 -2508.811279 760.328247	0.067 0.000 -0.029
ttt_random_ammo	806.038452 -2539.936523 760.378723	1.233 0.018 1.423
ttt_random_ammo	1180.123901 -3006.026123 760.320557	0.067 -0.000 -0.033
ttt_random_ammo	1180.963135 -3029.993652 760.333313	0.062 -0.000 0.032
ttt_random_ammo	1181.612549 -3064.396240 760.373596	0.536 0.004 0.572
ttt_random_ammo	1182.499756 -3096.787109 760.340210	0.088 0.000 0.004
ttt_random_ammo	1183.284668 -3125.576660 760.342529	0.092 0.000 0.011
ttt_random_ammo	1182.622681 -3157.204590 760.367859	0.329 0.001 0.316
ttt_random_ammo	1182.606567 -3185.003174 760.362793	0.226 0.001 0.188
ttt_random_ammo	1183.396484 -3215.593994 760.340210	0.087 0.000 0.003
ttt_random_ammo	1977.231201 -2665.675049 760.323181	0.067 -0.000 -0.032
ttt_random_ammo	1977.739624 -2684.382324 760.374084	0.474 0.003 0.497
ttt_random_ammo	1978.291260 -2712.701904 760.337952	0.078 0.000 -0.008
ttt_random_ammo	1978.041504 -2739.692139 760.379761	1.097 0.014 1.258
ttt_random_ammo	1955.424438 -2739.886475 760.368164	0.285 0.001 0.263
ttt_random_ammo	1956.515625 -2712.047119 760.379761	1.097 0.014 1.258
ttt_random_ammo	1956.841797 -2683.256836 760.359253	0.162 0.000 0.108
ttt_random_ammo	1958.295166 -2667.457764 760.423096	0.012 2.339 -1.833
ttt_random_ammo	2235.245361 -2370.578369 760.332703	0.039 0.000 -0.035
ttt_random_ammo	2290.107178 -2374.126465 760.361450	0.148 0.000 0.091
ttt_random_ammo	2289.640869 -2397.324219 760.363281	0.162 0.000 0.110
ttt_random_ammo	2237.291992 -2398.122314 760.325745	0.065 -0.000 -0.033
ttt_random_ammo	2237.064941 -2424.812256 760.357483	0.126 -0.000 -0.063
ttt_random_ammo	2289.124268 -2423.010742 760.355469	0.116 -0.000 -0.049
ttt_random_ammo	2712.220947 -2420.132324 760.392334	1.501 -0.026 -1.780
ttt_random_ammo	2668.439941 -2417.881592 760.379883	0.562 0.004 0.625
ttt_random_ammo	2544.053711 -2411.544922 760.342407	0.095 -0.000 -0.017
ttt_random_ammo	2591.199463 -2389.601318 760.366211	0.292 0.001 0.270
ttt_random_ammo	491.865906 -2019.283569 760.346619	0.047 0.000 -0.018
ttt_random_ammo	461.174042 -2020.662231 760.368347	0.253 0.001 0.225
ttt_random_ammo	1453.422241 -2054.098145 760.335632	0.070 0.000 -0.020
ttt_random_ammo	1456.086670 -2029.127441 760.361450	0.148 0.000 0.091
ttt_random_ammo	1436.595459 -2040.590332 760.392151	1.594 0.024 1.883
ttt_random_ammo	1918.925049 -2413.143799 760.377014	0.503 -0.003 -0.534
ttt_random_ammo	1966.480469 -2393.453613 760.383606	1.246 0.018 1.442
ttt_random_ammo	1798.283325 -2200.129883 760.436157	0.911 0.023 1.076
ttt_random_ammo	2024.559570 -2090.898926 760.379944	0.625 0.005 0.685
ttt_random_ammo	2887.738281 -1939.233154 760.357117	0.173 0.000 0.119
ttt_random_ammo	2854.781006 -1941.759644 760.351074	0.130 0.000 0.063
ttt_random_ammo	2871.360596 -1921.849487 760.344727	0.102 0.000 0.025
ttt_random_ammo	2928.032227 -1893.206909 760.351013	0.137 -0.000 -0.072
ttt_random_ammo	2931.596924 -1857.112183 760.396912	1.323 0.027 1.547
ttt_random_ammo	2828.811035 -1718.700562 760.393127	-0.210 -0.132 -0.435
ttt_random_ammo	2826.484375 -1774.222412 760.348999	0.119 0.000 0.049
ttt_random_ammo	787.460815 -418.715607 760.359497	0.130 0.000 0.069
ttt_random_ammo	761.060547 -418.333099 760.330750	0.066 0.000 -0.028
ttt_random_ammo	728.970093 -418.361420 760.330750	0.066 0.000 -0.027
ttt_random_ammo	696.259583 -418.145752 760.315308	0.064 -0.000 -0.041
ttt_random_ammo	660.847107 -977.847717 753.197571	-5.360 63.952 90.027
ttt_random_ammo	684.090332 -1026.573364 753.258545	5.424 61.670 91.217
ttt_random_ammo	739.912231 -1020.322632 753.597961	2.503 68.520 91.028
ttt_random_ammo	775.746948 -1006.306335 753.209900	-4.454 69.635 89.053
ttt_random_ammo	649.882202 -936.340820 753.120117	-5.132 69.736 88.963
ttt_random_ammo	585.918396 -894.325989 753.475464	-1.300 169.467 89.553
ttt_random_ammo	576.144104 -902.836731 753.588074	-4.329 154.847 90.629
ttt_random_ammo	606.976379 -903.271729 753.321533	0.167 -162.336 90.296
ttt_random_ammo	521.241516 -1170.462036 753.497314	-0.553 -161.642 90.009
ttt_random_ammo	748.711548 -1220.945557 753.110901	4.670 66.963 88.901
ttt_random_ammo	762.034912 -1294.813843 753.251648	4.680 76.278 90.540
ttt_random_ammo	705.436584 -1375.125732 753.403320	0.095 70.323 89.638
ttt_random_ammo	625.100281 -1339.211182 753.335449	1.823 -170.687 90.316
ttt_random_ammo	599.688721 -1312.913818 753.440186	-0.777 -91.874 90.127
ttt_random_ammo	612.270813 -1168.812500 753.452026	-4.457 160.382 90.364
ttt_random_ammo	603.984558 -1103.915039 753.251770	4.926 145.573 90.539
ttt_random_ammo	564.446167 -1025.226807 753.426758	-0.014 -166.750 89.786
ttt_random_ammo	516.367859 -978.447754 753.263184	-7.272 162.889 89.404
ttt_random_ammo	930.690125 -1213.491699 753.613403	-1.181 66.016 90.399
ttt_random_ammo	889.582092 -1274.690918 753.145447	5.493 67.380 89.965
ttt_random_ammo	840.979309 -1326.703613 753.254761	-1.101 113.063 -89.990
ttt_random_ammo	796.012573 -1348.710815 753.577576	-0.454 -28.158 90.495
ttt_random_ammo	760.430115 -1346.684692 753.267822	-0.553 9.790 -90.068
ttt_random_ammo	645.811584 -1392.365845 753.390686	2.260 66.096 89.291
ttt_random_ammo	617.738708 -1365.258667 753.566406	0.083 164.165 90.426
ttt_random_ammo	608.769653 -1312.827515 753.306091	-2.020 -174.760 89.753
ttt_random_ammo	634.153259 -1247.718384 753.616943	-2.192 65.655 90.720
ttt_random_ammo	650.401917 -1272.968262 753.409424	0.398 75.459 89.588
ttt_random_ammo	497.490326 -1249.016724 753.363892	-4.900 167.068 89.556
ttt_random_ammo	483.833527 -1334.530640 753.269104	-6.740 168.369 90.238
ttt_random_ammo	875.206970 -682.200195 753.379761	-5.261 96.580 89.909
ttt_random_ammo	791.354736 -603.509338 753.522400	-1.733 103.128 89.964
ttt_random_ammo	603.582642 -565.897156 753.375854	0.117 99.393 -89.517
ttt_random_ammo	410.676727 -653.909607 753.489441	-0.072 112.872 -90.369
ttt_random_ammo	314.401489 -797.105408 753.124939	1.807 111.896 -89.498
ttt_random_ammo	272.321869 -969.658569 753.216553	2.035 112.836 -89.604
ttt_random_ammo	290.524994 -1085.858765 753.293396	0.643 103.477 -90.204
ttt_random_ammo	420.987213 -1290.793823 753.289612	-2.536 117.957 -90.299
ttt_random_ammo	379.197388 -1180.024902 753.264404	-0.682 109.830 -89.430
ttt_random_ammo	495.138092 -1429.525635 753.283386	-0.450 117.443 -89.227
ttt_random_ammo	535.424377 -1497.883057 753.150085	-2.079 110.558 -89.451
ttt_random_ammo	623.723389 -1547.757446 753.235046	-7.887 103.443 89.976
ttt_random_ammo	699.167847 -1587.843628 753.270020	5.466 111.817 90.031
ttt_random_ammo	787.117126 -1553.904175 753.230896	-7.599 102.872 89.960
ttt_random_ammo	888.863892 -1477.429688 753.098267	8.147 95.043 90.020
ttt_random_ammo	958.551941 -1433.546631 753.488403	4.357 95.607 89.973
ttt_random_ammo	1070.562988 -1341.655762 753.360352	3.877 113.929 90.019
ttt_random_ammo	1113.655884 -1262.033325 753.579773	-1.439 98.158 90.065
ttt_random_ammo	1114.979492 -1166.273438 753.541931	2.982 96.787 89.973
ttt_random_ammo	1018.863831 -1295.692017 753.452698	-3.950 96.739 89.900
ttt_random_ammo	950.325378 -787.506653 753.285339	6.695 101.495 89.983
ttt_random_ammo	1012.291077 -856.058167 753.345642	-7.842 98.645 90.095
ttt_random_ammo	1103.153198 -899.624573 753.253052	-7.240 97.996 89.920
ttt_random_ammo	811.382751 -856.709656 753.279968	3.583 84.569 89.594
ttt_random_ammo	791.285339 -781.830261 753.252625	5.786 62.545 91.243
ttt_random_ammo	736.684937 -690.332092 753.256836	-5.249 70.099 89.657
ttt_random_ammo	590.298889 -684.771362 753.239624	5.157 172.414 89.967
ttt_random_ammo	781.270935 -968.933777 753.566895	-0.010 66.202 90.014
ttt_random_ammo	613.872742 -882.703979 753.215942	-7.746 163.348 89.397
ttt_random_ammo	1742.053711 -917.564331 880.376404	0.414 0.002 0.425
weapon_zm_rifle	2312.390381 -943.929749 1319.144043	3.605 12.626 65.632
weapon_zm_rifle	2140.307617 -1219.438599 1039.079956	3.373 14.793 64.482
weapon_zm_rifle	1055.349854 -1825.373169 999.114868	3.677 13.047 65.506
weapon_zm_rifle	533.926331 -1738.018921 999.097290	3.725 13.059 65.476
weapon_ttt_glock	2466.917236 -1302.885376 761.112000	-0.982 25.066 91.561
weapon_zm_mac10	2891.500244 -923.350647 761.237915	-0.713 -51.671 -88.253
weapon_zm_mac10	2295.481689 -1556.194824 1081.241089	-0.706 -50.633 -88.277
weapon_zm_mac10	2140.958496 -1536.250732 961.231689	-0.728 -51.669 -88.206
weapon_ttt_p228	2621.887451 -2743.343750 560.180298	36.357 0.365 0.142
weapon_ttt_p228	2703.304688 -2742.639648 600.176331	36.387 0.375 0.157
weapon_ttt_p228	2218.383057 -772.152161 760.836121	-0.087 110.031 89.363
weapon_zm_pistol	2202.164307 -1002.150330 760.863647	0.722 -35.585 -88.646
weapon_ttt_revolver	774.756775 -2543.495605 609.083496	9.006 30.760 74.493
weapon_ttt_revolver	815.472900 -2540.158203 606.860291	6.786 42.222 78.267
weapon_ttt_revolver	772.176147 -2580.410156 604.021912	9.300 5.124 75.094
weapon_ttt_revolver	1858.731934 -2605.496338 521.988464	9.293 26.124 74.087
weapon_ttt_revolver	2058.259766 -2606.840088 521.960083	8.527 26.445 75.833
weapon_ttt_dual_elites	2504.769531 -1786.109497 759.989319	1.905 0.147 -0.061
weapon_ttt_confgrenade	2333.685303 -935.514404 1082.171631	-36.911 -48.769 -91.818
weapon_ttt_confgrenade	2336.523438 -774.170410 1082.156128	-36.671 -49.043 -91.436
weapon_ttt_confgrenade	2538.262695 -964.905762 1322.193115	-37.242 -48.340 -92.350
weapon_ttt_confgrenade	2537.656250 -732.402222 1322.108643	-35.957 -49.542 -90.318
weapon_ttt_confgrenade	2533.250244 -898.433594 522.132507	-36.310 -49.419 -90.870
weapon_ttt_confgrenade	2506.191895 -813.249634 762.043213	15.929 -25.677 -88.350
weapon_ttt_confgrenade	2505.868164 -906.795654 762.113831	15.161 -25.974 -89.664
weapon_ttt_confgrenade	2374.823975 -810.610779 1002.188782	-37.172 -48.510 -92.238
weapon_ttt_confgrenade	2379.111572 -906.433533 1002.174866	-36.960 -48.796 -91.896
weapon_zm_shotgun	2378.753906 -861.732483 1001.084473	-0.381 -8.789 -84.019
weapon_zm_shotgun	2620.084961 -2940.065674 573.901855	-0.000 82.603 90.000
weapon_zm_shotgun	299.407928 -1497.727661 1001.036072	-0.228 -8.881 -83.567
weapon_ttt_famas	2702.832031 -2610.089111 608.440430	0.000 35.507 90.000
weapon_ttt_famas	1818.666138 -889.460938 961.182983	-0.000 16.853 90.000
weapon_zm_revolver	1462.893188 -2253.355469 520.970520	1.889 -18.771 -85.988
weapon_zm_revolver	2331.269043 -1816.360107 760.970093	1.657 -19.222 -86.392
weapon_ttt_aug	2142.372559 -1270.792603 760.478333	0.104 9.781 86.419
