# Trouble in Terrorist Town weapon/ammo placement overrides
# For map: ttt_titanic
# Exported by: Razor  武士
setting:	replacespawns 0
ttt_playerspawn	4727.289063 -0.003026 -769.308350	-0.179 -18.897 0.004
ttt_playerspawn	-2540.218750 382.414948 -659.441467	0.024 -0.176 0.024
ttt_playerspawn	-2381.945068 380.915527 -658.620850	0.022 0.176 0.021
ttt_playerspawn	-2207.851074 384.186951 -659.803650	-0.031 -0.000 0.031
ttt_playerspawn	-1976.858887 383.562714 -659.431030	-0.035 -0.000 0.035
ttt_playerspawn	-1764.000244 387.605621 -658.652344	-0.047 0.176 0.047
ttt_playerspawn	-2501.500244 -383.802521 -658.154602	-0.041 -0.000 0.041
ttt_playerspawn	-2305.049072 -378.494781 -656.069031	-0.039 -0.000 0.039
ttt_playerspawn	-2017.866455 -367.371185 -657.545898	0.089 4.207 -0.090
ttt_playerspawn	-1456.870605 -411.994843 -659.028320	-0.038 0.616 0.038
ttt_playerspawn	-1114.284302 -415.661041 -659.042542	-0.042 0.176 0.042
ttt_playerspawn	-250.197174 188.638916 -629.499390	-0.040 -0.000 0.040
ttt_playerspawn	-250.488251 -188.713440 -629.519104	-0.048 -0.000 0.048
ttt_playerspawn	5077.775391 249.666367 -910.753296	-0.133 0.614 -0.047
ttt_playerspawn	5113.466309 -213.638367 -912.018677	-0.032 -0.352 0.032
ttt_playerspawn	4210.048340 -458.497925 -913.791077	-0.024 0.528 0.024
ttt_playerspawn	4168.132813 433.765900 -912.676758	-0.033 0.000 -0.033
ttt_playerspawn	3650.846924 -365.205261 -1040.624023	-0.030 -0.000 0.030
ttt_playerspawn	3675.190430 425.360565 -1035.791260	-0.032 -0.000 0.032
ttt_playerspawn	3322.158691 -192.073700 -912.402649	-0.230 0.313 -0.057
ttt_playerspawn	3317.698486 214.517288 -909.778076	-0.242 2.130 -0.008
ttt_playerspawn	3127.052734 176.962952 -783.197021	-0.033 0.176 0.033
ttt_playerspawn	3112.141357 -174.772095 -783.765625	-0.038 0.088 0.038
ttt_playerspawn	2727.486328 -108.385933 -658.125427	-0.029 0.352 0.029
ttt_playerspawn	2701.162354 104.480194 -657.187561	-0.031 -0.176 0.031
ttt_playerspawn	2398.345215 -277.420166 -657.474731	-0.034 -0.088 0.034
ttt_playerspawn	2386.157715 267.951599 -655.396851	-0.037 -0.000 0.037
ttt_playerspawn	2183.835693 244.447205 -606.215698	-0.046 -0.000 0.046
ttt_playerspawn	2183.414063 -243.884979 -609.685242	-0.041 -0.000 0.041
ttt_playerspawn	1679.448853 253.346008 -613.464172	-0.026 -0.000 0.026
ttt_playerspawn	1693.820801 -258.433502 -613.520935	-0.049 -0.000 0.049
ttt_playerspawn	1000.521790 -351.971619 -661.490845	-0.036 -0.000 0.036
ttt_playerspawn	902.435059 328.231995 -656.125244	-0.027 -0.704 0.027
ttt_playerspawn	423.628723 410.049591 -657.478455	0.061 0.528 -0.061
ttt_playerspawn	77.668175 -463.805389 -661.495056	-0.038 -0.000 0.038
ttt_playerspawn	-499.845276 489.155823 -659.075684	-0.029 -0.000 0.029
ttt_playerspawn	-1369.832275 439.346222 -659.330933	-0.049 -0.000 0.049
ttt_playerspawn	-262.391449 -512.301941 -661.508850	-0.044 -0.000 0.044
ttt_playerspawn	-657.258301 -466.445831 -661.493591	-0.038 -0.000 0.038
ttt_playerspawn	-1013.644470 -236.603302 -657.491638	-0.042 -0.000 0.042
ttt_playerspawn	-1392.962036 -229.201614 -513.706116	-0.037 -0.034 0.037
ttt_playerspawn	-1419.859497 216.703033 -514.863098	-0.049 0.176 0.049
ttt_playerspawn	-737.567505 245.407562 -516.988586	-0.034 -1.019 0.034
ttt_playerspawn	-947.871033 236.937607 -516.307922	-0.042 0.176 0.042
ttt_playerspawn	-2723.963135 125.991264 -529.301147	-0.032 -0.527 0.032
ttt_playerspawn	-2715.699219 -157.976578 -531.359741	0.128 0.352 -0.128
ttt_playerspawn	-2967.513672 124.526382 -528.145752	-0.000 12.915 -0.154
ttt_playerspawn	-2972.592285 -148.960602 -529.510376	-0.037 2.608 0.037
ttt_playerspawn	-2932.673584 -512.088989 -784.023865	0.076 -0.000 -0.075
ttt_playerspawn	-2908.692383 499.056152 -785.893738	-0.104 -3.371 -0.121
ttt_playerspawn	1687.887451 411.433105 -657.050476	-0.027 -0.000 0.027
ttt_playerspawn	2038.285156 406.292938 -653.911438	-0.032 -0.176 0.032
ttt_playerspawn	1730.615234 -401.331909 -661.453613	-0.021 -0.000 0.022
ttt_playerspawn	2123.414551 -419.060272 -652.299377	-0.027 0.176 0.027
ttt_playerspawn	4000.520508 102.451996 -910.661133	-0.042 -0.176 0.042
ttt_playerspawn	4003.908936 -101.163666 -911.095520	-0.026 -0.352 0.026
ttt_playerspawn	4343.317871 356.036987 -907.371704	-0.047 -0.000 0.047
ttt_playerspawn	4307.705078 -343.554504 -911.611572	-0.032 0.704 0.032
ttt_playerspawn	4719.399902 -407.910492 -771.758179	-0.036 1.584 0.036
ttt_playerspawn	4722.378418 428.169739 -767.922607	-0.029 -0.885 0.029
ttt_playerspawn	4042.318115 -2.768439 -913.731445	-0.044 -0.043 0.044
weapon_ttt_ak47	-2648.430176 6.128669 -530.823425	0.155 0.332 -87.369
weapon_ttt_ak47	-2648.311523 -239.159805 -525.739502	0.173 14.425 -87.235
weapon_ttt_ak47	2472.496094 315.095642 -909.299561	0.162 16.182 -87.314
item_box_buckshot_ttt	-1542.435547 267.916687 -519.630493	0.635 0.015 -0.461
item_box_buckshot_ttt	-1531.793823 268.146729 -519.604004	-1.116 -0.013 0.954
item_box_buckshot_ttt	-1848.394653 301.056732 -647.016663	-0.470 -0.587 5.393
item_box_buckshot_ttt	-1918.008667 297.807953 -647.292358	-0.379 -0.555 5.351
item_box_buckshot_ttt	-1106.230469 551.822937 -663.616760	-0.592 -0.005 0.565
item_box_buckshot_ttt	-1095.660645 551.833496 -663.628113	0.763 -0.120 -0.528
item_box_buckshot_ttt	-2604.048828 443.990936 -791.593140	-0.997 0.000 0.815
item_box_buckshot_ttt	-2719.375488 443.209290 -791.586548	-0.917 -0.019 0.727
item_box_buckshot_ttt	3388.825439 147.056686 -919.624634	0.669 -0.001 -0.456
item_box_buckshot_ttt	3281.797852 148.364136 -919.602844	-1.055 -0.010 0.896
item_box_buckshot_ttt	3108.870850 22.634470 -919.644836	1.043 0.000 -0.838
item_box_buckshot_ttt	3108.372803 -20.213688 -919.630798	0.779 0.008 -0.543
item_box_buckshot_ttt	1037.430542 217.665466 -508.143463	0.883 -25.270 178.729
item_box_buckshot_ttt	-3751.147461 32.051182 -383.558716	1.604 -0.395 -0.328
item_box_buckshot_ttt	-3952.459229 17.069046 -870.378479	-0.017 2.733 -89.977
item_box_buckshot_ttt	59.018120 -330.018890 -631.557678	-0.065 -91.220 0.036
item_box_buckshot_ttt	2610.509033 -33.981457 -647.077515	-5.036 -6.654 0.528
item_box_buckshot_ttt	344.969269 -341.129303 -775.279541	-5.090 -88.137 -0.063
item_box_buckshot_ttt	2677.052246 306.956665 -919.632568	-0.077 119.720 -0.105
item_box_buckshot_ttt	1028.926392 151.027802 -519.572632	-0.328 -31.151 -0.364
item_box_buckshot_ttt	-2782.914307 84.031067 -622.677917	0.071 -30.132 0.105
item_box_buckshot_ttt	-2785.944336 69.018875 -622.672607	-0.510 -9.013 -0.303
item_box_buckshot_ttt	385.965179 -104.060616 -519.582214	-0.078 179.029 -0.053
item_box_buckshot_ttt	2320.152344 -578.024475 -1239.552612	0.049 -89.969 -0.029
item_ammo_357_ttt	5159.647461 169.590256 -919.680542	0.449 0.077 0.059
item_ammo_357_ttt	5158.310547 152.656342 -919.586182	0.467 0.056 0.022
item_ammo_357_ttt	5166.887695 -91.930435 -919.648193	0.455 0.041 0.047
item_ammo_357_ttt	5168.289551 -74.071930 -919.578979	0.483 0.415 0.007
item_ammo_357_ttt	4741.937500 -231.583420 -775.655518	0.455 0.063 0.050
item_ammo_357_ttt	4741.543457 -249.807724 -775.591492	0.467 0.054 0.025
item_ammo_357_ttt	4740.899414 292.296356 -775.530212	0.461 1.644 -0.005
item_ammo_357_ttt	4740.446289 263.509918 -775.636230	0.459 0.060 0.042
item_ammo_357_ttt	4027.567383 478.677612 -919.655640	0.453 0.038 0.050
item_ammo_357_ttt	4011.355225 479.177002 -919.669617	0.451 0.019 0.055
item_ammo_357_ttt	4037.774902 -481.523529 -919.690002	0.447 0.011 0.063
item_ammo_357_ttt	4022.224854 -481.299713 -919.633118	0.458 0.060 0.041
item_ammo_357_ttt	-2954.453857 21.689623 -535.653625	0.454 0.034 0.049
item_ammo_357_ttt	-2939.583252 22.083303 -535.631531	0.459 0.059 0.040
item_ammo_357_ttt	-1418.383057 -72.723160 -436.351257	0.485 -1.060 3.788
item_ammo_357_ttt	-1403.347656 -72.264938 -436.378845	0.394 -0.622 3.984
item_ammo_357_ttt	-1509.059204 -78.843391 -437.092682	0.488 1.967 9.612
item_ammo_357_ttt	-1521.250366 -78.652779 -437.009613	1.032 -5.732 9.499
item_ammo_357_ttt	-1404.681152 77.442375 -436.843292	-0.190 -5.440 -9.545
item_ammo_357_ttt	-1416.021362 77.493271 -436.816528	-0.084 -4.025 -9.516
item_ammo_357_ttt	-2874.918945 600.091797 -663.639587	0.457 0.046 0.043
item_ammo_357_ttt	-2856.331787 603.038391 -663.651794	0.454 0.036 0.048
item_ammo_357_ttt	-2607.644531 -441.794464 -791.680603	0.449 0.074 0.059
item_ammo_357_ttt	-2607.904541 -458.611572 -791.650024	0.454 0.036 0.047
item_ammo_357_ttt	2318.526611 -68.735535 -519.579773	0.468 0.056 0.020
item_ammo_357_ttt	2333.603516 -69.879051 -519.651794	0.455 0.040 0.048
item_ammo_357_ttt	-2864.949951 -597.935425 -663.605103	0.532 89.928 0.101
item_ammo_357_ttt	4872.843750 0.872995 -919.651550	0.393 179.867 -0.219
item_ammo_357_ttt	3550.108154 195.078506 -1047.651978	0.273 1.191 -0.040
item_ammo_357_ttt	-1283.431641 -11.569051 -519.529785	0.493 -123.570 0.010
item_ammo_357_ttt	2570.784180 131.916885 -519.645142	0.429 44.891 -0.132
item_ammo_357_ttt	645.928040 179.005753 -663.656982	0.567 -149.879 0.149
item_ammo_357_ttt	2572.005859 -130.980148 -519.593811	0.370 134.946 -0.022
item_ammo_357_ttt	2119.972656 -355.657959 -774.773499	5.031 115.980 2.231
item_ammo_357_ttt	498.620972 -201.623230 -791.623047	0.929 -79.718 -0.003
item_ammo_357_ttt	970.773499 141.927704 -519.588684	0.506 -179.910 -0.080
item_ammo_357_ttt	966.046936 -157.933258 -519.571960	-0.241 -149.324 0.071
item_ammo_357_ttt	1000.056763 -157.922119 -519.564392	-0.118 -149.315 0.054
item_ammo_357_ttt	2578.981445 -106.982613 -623.657043	0.786 -0.081 -0.055
item_ammo_357_ttt	2273.892822 -633.008179 -1239.601563	0.509 -179.867 -0.063
item_ammo_revolver_ttt	3132.874023 75.460892 -916.654114	89.507 -155.913 -0.023
item_ammo_revolver_ttt	-761.018311 -157.518524 -628.623718	89.897 -57.706 -0.014
item_ammo_revolver_ttt	-206.868179 -370.460175 -788.651855	89.536 24.121 -0.015
item_ammo_revolver_ttt	-2643.397705 -43.787289 -660.634888	89.755 -147.238 0.006
item_ammo_smg1_ttt	-2642.476318 -15.871893 -535.513428	0.090 0.027 0.405
item_ammo_smg1_ttt	-2658.931396 -13.954065 -535.489807	-0.336 0.010 -0.278
item_ammo_smg1_ttt	-2657.977783 -259.481598 -535.562988	1.104 0.002 0.728
item_ammo_smg1_ttt	-2640.814209 -259.807587 -535.588806	0.267 -0.005 0.167
item_ammo_smg1_ttt	-2103.272217 23.462334 -519.577698	0.469 -0.004 0.303
item_ammo_smg1_ttt	-2102.215820 -7.440920 -519.569397	0.742 -0.002 0.486
item_ammo_smg1_ttt	-2103.490723 -37.114250 -519.593445	0.211 -0.005 0.130
item_ammo_smg1_ttt	-2501.978760 -53.977665 -519.498413	0.815 -0.010 -0.604
item_ammo_smg1_ttt	-2518.681152 -54.424828 -519.489441	0.289 -0.013 -0.242
item_ammo_smg1_ttt	-1894.735962 4.995025 -535.515564	-0.794 0.003 -0.642
item_ammo_smg1_ttt	-1912.423218 4.399119 -535.485352	-0.266 0.014 -0.223
item_ammo_smg1_ttt	-620.226990 -25.042143 -631.610901	-0.098 0.005 0.053
item_ammo_smg1_ttt	-621.101379 -0.685788 -631.474854	0.195 -0.015 -0.166
item_ammo_smg1_ttt	-1020.251465 -149.332123 -646.951782	0.077 -0.600 -5.280
item_ammo_smg1_ttt	-953.332336 -151.586548 -646.809814	-0.033 0.237 -5.171
item_ammo_smg1_ttt	2455.854004 -375.803467 -919.481934	0.234 0.013 0.202
item_ammo_smg1_ttt	2455.756348 -345.096741 -919.522339	-0.147 -0.177 -0.162
item_ammo_smg1_ttt	2452.990967 -520.439514 -919.486206	-0.259 0.011 -0.224
item_ammo_smg1_ttt	2452.460205 390.148987 -919.478577	-0.508 -0.033 0.536
item_ammo_smg1_ttt	2453.529785 517.763611 -919.598328	-0.168 0.005 0.101
item_ammo_smg1_ttt	2509.055908 308.787903 -919.595947	-0.189 0.005 0.115
item_ammo_smg1_ttt	2509.596191 332.128235 -919.562988	-1.094 -0.002 0.721
item_ammo_smg1_ttt	2637.219238 -19.691483 -663.613647	0.088 -0.005 0.046
item_ammo_smg1_ttt	2634.434814 12.971905 -663.520813	-0.104 0.273 0.046
item_ammo_smg1_ttt	2315.274658 23.373785 -519.499634	0.794 -0.013 -0.590
item_ammo_smg1_ttt	2518.965332 -194.748001 -519.567444	-0.851 0.001 0.559
item_ammo_smg1_ttt	2500.985596 -196.992523 -519.472290	0.202 -0.016 -0.172
item_ammo_smg1_ttt	2503.872803 159.013718 -519.613525	0.088 -0.005 0.047
item_ammo_smg1_ttt	2525.393066 158.898331 -519.501831	0.664 0.033 0.735
item_ammo_smg1_ttt	2503.126953 24.386826 -405.496490	-0.733 0.011 -0.551
item_ammo_smg1_ttt	2498.545166 -19.041903 -405.436646	-0.000 -0.888 0.000
item_ammo_smg1_ttt	4121.963867 -0.024070 -919.578918	0.083 -179.861 -0.038
item_ammo_smg1_ttt	58.952065 328.072052 -631.535889	0.057 89.098 -0.026
item_ammo_smg1_ttt	475.962189 207.974274 -791.553284	-0.106 178.914 -0.036
item_ammo_smg1_ttt	3417.008545 98.981377 -791.579773	0.111 179.053 -0.044
item_ammo_smg1_ttt	2797.956787 -55.021866 -919.548157	0.065 179.125 -0.030
item_ammo_smg1_ttt	-1958.914307 -123.049568 -663.508240	0.050 -90.025 -0.018
item_ammo_smg1_ttt	636.903809 173.013702 -519.520081	-0.056 44.022 -0.022
item_ammo_pistol_ttt	-1652.776978 6.945361 -535.556152	0.048 0.019 -0.014
item_ammo_pistol_ttt	-1640.868774 5.947001 -535.654724	0.133 0.019 -0.040
item_ammo_pistol_ttt	-1912.060791 -132.242493 -663.614746	-0.099 -0.019 -0.029
item_ammo_pistol_ttt	-1922.840698 -131.302216 -663.659424	-0.138 -0.019 -0.041
item_ammo_pistol_ttt	-2959.827148 164.146515 -663.664307	-0.142 -0.019 -0.042
item_ammo_pistol_ttt	-2941.802979 164.276901 -663.585144	-0.073 -0.019 -0.022
item_ammo_pistol_ttt	2451.299316 -499.951233 -919.563721	0.555 -92.742 0.157
item_ammo_pistol_ttt	2453.547852 -393.393127 -919.532410	0.226 89.217 -0.275
item_ammo_pistol_ttt	2332.409668 25.932943 -519.514221	-0.258 -3.399 0.000
item_ammo_pistol_ttt	2343.909424 26.524746 -519.556274	1.332 -179.445 -0.074
item_ammo_pistol_ttt	2491.151855 199.191757 -663.645691	-0.126 -0.019 -0.038
item_ammo_pistol_ttt	2502.858887 198.325424 -663.645691	-0.126 -0.019 -0.038
item_ammo_pistol_ttt	2515.373779 197.225281 -663.627258	-0.110 -0.019 -0.033
item_ammo_pistol_ttt	4751.236328 542.089966 -775.501282	0.000 7.475 0.000
item_ammo_pistol_ttt	-1708.629028 -483.476563 -660.650391	-88.752 175.428 -176.960
item_ammo_pistol_ttt	-1249.890259 326.913147 -663.596985	1.061 133.953 -0.087
item_ammo_pistol_ttt	1763.945190 130.908035 -503.550903	-0.997 -89.052 -0.000
item_ammo_pistol_ttt	322.136139 345.761688 -774.852722	-0.201 -177.903 -5.121
item_ammo_pistol_ttt	3428.117432 -95.100601 -791.561768	0.260 134.068 -0.051
item_ammo_pistol_ttt	2458.863037 414.715424 -902.765930	-3.186 -42.608 3.525
weapon_ttt_g3sg1	4033.331055 -471.988617 -910.994019	-0.758 -7.105 -88.099
weapon_ttt_g3sg1	-2941.366211 -3.756980 -530.935059	-0.787 -2.407 -88.032
weapon_ttt_g3sg1	-1401.617554 -82.301453 -433.204132	-0.874 0.444 95.680
weapon_ttt_g3sg1	-1508.957397 -91.489731 -432.482513	-0.883 -1.296 95.959
weapon_ttt_g3sg1	2333.645508 -57.095398 -513.231689	-0.801 10.833 -87.995
ttt_random_weapon	4684.128906 -76.435341 -772.114929	1.773 4.949 -92.832
ttt_random_weapon	4664.608398 78.840576 -772.375793	1.332 151.904 -93.841
ttt_random_weapon	4612.586914 -205.469162 -875.980286	1.388 5.443 -94.645
ttt_random_weapon	4621.279297 -105.933746 -877.367249	1.791 4.493 -93.911
ttt_random_weapon	4621.209961 137.680939 -876.920288	1.716 25.712 -95.089
ttt_random_weapon	4603.979980 103.596237 -878.257080	0.990 -19.100 -95.496
ttt_random_weapon	2255.592041 -384.087311 -790.206543	1.885 4.781 -92.575
ttt_random_weapon	2059.633789 -389.841278 -788.999512	1.566 3.879 -93.306
ttt_random_weapon	1677.719727 -385.478943 -790.059753	1.807 5.127 -92.753
ttt_random_weapon	1854.789673 -389.338043 -790.790344	1.766 4.773 -92.847
ttt_random_weapon	1447.899170 -379.616119 -789.479919	1.893 4.957 -92.556
ttt_random_weapon	1045.578857 -366.597992 -788.268738	1.536 4.575 -93.374
ttt_random_weapon	498.903259 -252.295456 -786.926025	1.545 2.466 -93.352
ttt_random_weapon	727.777344 -262.244171 -787.899719	1.800 4.951 -92.769
ttt_random_weapon	568.861267 -264.355530 -778.819275	1.800 9.527 -92.769
ttt_random_weapon	633.748047 -276.959900 -786.651062	1.902 4.078 -92.536
ttt_random_weapon	2705.248779 -253.152695 -786.761719	1.668 3.886 -93.072
ttt_random_weapon	2655.123291 -284.812256 -789.330444	1.786 5.302 -92.801
ttt_random_weapon	2679.654541 255.399689 -786.785828	1.837 6.009 -92.685
ttt_random_weapon	2631.953857 332.142090 -789.662415	1.609 4.926 -94.426
ttt_random_weapon	2079.396484 380.182434 -789.050110	1.807 4.918 -92.753
ttt_random_weapon	1828.442749 371.872101 -789.322388	1.829 4.777 -92.702
ttt_random_weapon	1060.151367 378.249298 -786.689026	1.668 0.630 -93.072
ttt_random_weapon	1150.665771 377.678436 -790.168762	1.332 5.448 -93.841
ttt_random_weapon	1242.650391 380.972382 -785.709778	1.747 5.123 -92.891
ttt_random_weapon	1318.526245 383.247437 -786.261230	1.747 5.123 -92.891
ttt_random_weapon	1412.078491 385.887299 -787.268311	1.665 6.239 -94.761
ttt_random_weapon	729.054321 261.742493 -788.802917	1.497 4.225 -93.463
ttt_random_weapon	528.267334 281.331085 -790.786438	1.722 4.770 -92.947
ttt_random_weapon	656.114746 256.470856 -789.049744	1.683 4.767 -93.036
ttt_random_weapon	650.375061 314.094727 -789.047180	1.773 3.893 -92.832
ttt_random_weapon	574.825378 255.382767 -789.082825	1.717 5.472 -92.960
ttt_random_weapon	587.876770 326.779602 -788.099915	1.616 1.770 -93.190
ttt_random_weapon	4722.312500 519.462402 -771.182434	1.793 5.639 -92.785
ttt_random_weapon	4722.894043 -512.623047 -774.865601	2.273 -169.231 -93.033
ttt_random_weapon	4939.213379 -160.575684 -873.649170	1.657 2.516 -93.096
ttt_random_weapon	4949.293945 177.769440 -872.316223	1.705 5.194 -92.987
ttt_random_weapon	4616.129883 51.910843 -917.836975	1.793 4.246 -92.785
ttt_random_weapon	4617.208008 12.240785 -914.379395	1.717 6.469 -92.960
ttt_random_weapon	4612.743164 -30.169550 -916.548523	1.910 4.430 -92.517
ttt_random_weapon	3993.695068 -281.726746 -1046.792114	1.786 4.774 -92.801
ttt_random_weapon	4030.425537 360.397583 -1044.624634	1.759 5.476 -92.862
ttt_random_weapon	3545.296387 -128.622406 -985.992920	0.295 -13.337 88.291
ttt_random_weapon	3541.383057 117.612442 -985.475281	2.121 4.568 -98.700
ttt_random_weapon	3730.780029 -126.923988 -987.464478	-0.573 -12.353 89.925
ttt_random_weapon	3800.220947 -132.333038 -989.239441	-0.195 -7.763 88.967
ttt_random_weapon	3729.959961 103.614189 -985.206482	2.083 6.515 -98.785
ttt_random_weapon	3815.364502 92.900352 -987.907776	2.184 6.307 -98.558
ttt_random_weapon	3122.620117 -160.341782 -916.672302	1.807 3.895 -92.753
ttt_random_weapon	3141.514648 181.014771 -916.385315	1.773 4.421 -92.832
ttt_random_weapon	3093.753418 333.912567 -879.724731	1.345 6.957 -93.813
ttt_random_weapon	3096.583252 -326.501923 -877.095154	1.860 7.531 -92.632
ttt_random_weapon	2646.555664 -391.647125 -918.779053	1.639 4.764 -93.139
ttt_random_weapon	2662.744385 -343.112122 -918.795898	1.829 4.777 -92.702
ttt_random_weapon	3444.083740 65.380577 -788.727478	1.849 5.792 -92.657
ttt_random_weapon	3435.934082 -54.592041 -788.386780	1.722 4.946 -92.947
ttt_random_weapon	2342.507324 -109.555008 -515.583130	1.705 4.592 -92.987
ttt_random_weapon	2344.911377 115.617943 -516.310425	1.694 5.120 -93.012
ttt_random_weapon	-1944.682251 -215.082504 -534.792725	1.793 4.774 -92.785
ttt_random_weapon	-1963.441406 215.524185 -534.784424	1.700 4.768 -92.999
ttt_random_weapon	-1634.209717 242.520630 -534.767212	1.505 4.754 -93.446
ttt_random_weapon	-1609.460083 -221.151901 -534.775574	1.600 4.761 -93.228
ttt_random_weapon	-2864.243164 125.745735 -659.474304	1.893 3.725 -92.556
ttt_random_weapon	-2851.133301 -116.837517 -661.298462	1.995 4.965 -92.323
ttt_random_weapon	-2822.100098 388.171967 -789.633484	1.902 5.134 -92.536
ttt_random_weapon	-2667.553467 542.133911 -789.167725	1.711 5.121 -92.974
ttt_random_weapon	-2825.960449 -392.830780 -787.921814	1.885 4.781 -92.575
ttt_random_weapon	-2669.221191 -486.447632 -785.724731	1.928 3.728 -92.476
ttt_random_weapon	4265.166992 21.641897 -897.014709	-2.176 9.235 90.888
ttt_random_weapon	4179.350586 22.510941 -895.150574	-0.905 5.729 89.749
ttt_random_weapon	4322.718750 -164.806625 -896.724731	2.395 3.582 -97.914
ttt_random_weapon	4397.235352 -167.284912 -896.003174	2.446 3.073 -97.798
ttt_random_weapon	-2873.645020 234.132935 -786.560242	1.474 11.583 -93.516
ttt_random_weapon	-2873.588623 188.040924 -781.856995	1.398 8.150 -93.689
ttt_random_weapon	-2869.686035 154.664841 -783.900452	1.472 6.303 -93.520
ttt_random_weapon	-2871.281494 122.561218 -789.793274	1.501 5.892 -93.452
ttt_random_weapon	-2873.729004 84.494148 -787.633484	1.405 5.868 -93.673
ttt_random_weapon	-2874.507080 51.194675 -784.260559	1.501 5.892 -93.452
ttt_random_weapon	-2875.390869 16.369978 -783.742310	1.595 5.420 -93.238
ttt_random_weapon	-2875.197021 -37.008541 -784.878540	1.447 4.567 -93.578
ttt_random_weapon	-2877.768555 -80.997597 -787.740112	1.561 5.487 -93.316
ttt_random_weapon	-2879.726807 -134.652725 -787.041077	1.525 6.826 -93.399
ttt_random_weapon	-2877.419189 270.313751 -780.134033	1.627 8.992 -93.167
ttt_random_weapon	2830.177002 -497.089294 -915.418213	1.595 6.587 -93.240
ttt_random_weapon	3034.235352 -504.975159 -914.197266	1.572 8.514 -93.292
ttt_random_weapon	3104.066162 -394.343323 -913.343262	1.625 5.424 -93.171
ttt_random_weapon	3160.882568 -328.678345 -918.786377	1.655 4.610 -93.363
ttt_random_weapon	3428.439941 -151.891602 -912.261719	1.448 4.972 -93.575
ttt_random_weapon	2800.800537 -175.318268 -643.317932	2.146 88.626 -87.348
ttt_random_weapon	2516.670654 -170.894852 -654.775208	1.546 10.274 -93.352
ttt_random_weapon	2209.143555 -343.854309 -640.917480	2.461 4.549 -97.761
ttt_random_weapon	2388.832764 -172.961792 -641.461914	2.394 6.465 -97.916
ttt_random_weapon	1555.632935 -340.548096 -642.921814	2.330 7.062 -98.063
ttt_random_weapon	1847.587769 -287.378296 -593.873535	-0.758 -12.110 89.953
ttt_random_weapon	1312.701294 -123.391930 -643.756775	2.195 -0.801 -98.373
ttt_random_weapon	1304.200806 123.454269 -642.023193	-0.772 6.347 90.653
ttt_random_weapon	1837.238403 282.920410 -596.122253	2.368 5.345 -97.976
ttt_random_weapon	2059.598633 8.776853 -593.365601	-2.132 -88.308 86.093
ttt_random_weapon	2382.726807 177.827835 -642.139465	-0.659 2.851 89.724
ttt_random_weapon	2207.207764 346.332336 -641.606018	-0.402 2.043 89.130
ttt_random_weapon	1547.024170 339.859528 -642.121399	-1.743 14.818 85.099
ttt_random_weapon	1067.715210 250.349228 -643.198425	-0.696 -10.503 89.810
ttt_random_weapon	618.788330 -156.964172 -642.740601	1.968 7.367 -98.714
ttt_random_weapon	320.098938 -341.288391 -644.005554	2.515 7.619 -97.837
ttt_random_weapon	-20.485725 -264.268829 -610.967834	1.950 5.995 -98.631
ttt_random_weapon	-207.620499 -346.856781 -642.974609	2.306 6.643 -98.130
ttt_random_weapon	-405.582245 -251.160629 -609.653259	2.251 8.386 -98.244
ttt_random_weapon	-598.070740 -338.619873 -644.345825	1.492 -2.628 -93.475
ttt_random_weapon	-436.854218 153.109665 -612.721069	2.254 6.649 -98.253
ttt_random_weapon	-211.221024 347.136963 -641.944214	-0.441 -14.210 89.221
ttt_random_weapon	-19.024996 264.537964 -610.583069	-0.531 -12.891 89.428
ttt_random_weapon	322.110809 341.217712 -642.062012	-0.776 -10.821 89.997
ttt_random_weapon	-1880.264648 -304.251831 -642.410400	2.134 5.829 -98.961
ttt_random_weapon	-1249.788086 -6.374856 -512.065002	1.483 4.832 -93.495
ttt_random_weapon	-1611.784668 533.678772 -657.239319	1.440 3.707 -93.594
ttt_random_weapon	-1357.013794 532.166931 -655.206055	1.483 5.457 -93.470
weapon_zm_sledge	-1232.065796 -290.400116 -514.039429	12.769 4.430 2.728
weapon_zm_sledge	-1116.701660 -544.820374 -657.361267	11.892 2.152 2.690
weapon_zm_sledge	-1728.272827 -530.927063 -659.712219	11.869 -2.687 2.689
weapon_zm_sledge	-2147.562012 -524.520935 -661.351868	11.849 -1.095 2.687
weapon_zm_sledge	-2556.298584 -522.485168 -661.454895	12.040 -2.638 2.696
weapon_zm_sledge	-2867.773438 -576.933655 -658.413147	11.853 -1.595 2.688
weapon_zm_sledge	-2894.253418 2.942195 -659.000244	16.328 -0.279 2.115
weapon_zm_sledge	-2694.150635 6.980448 -656.902039	19.505 0.665 3.031
weapon_zm_sledge	-2635.953125 -143.340652 -657.895935	11.912 0.493 2.690
weapon_zm_sledge	3330.714111 -153.216324 -903.742188	12.481 -2.408 -2.358
weapon_zm_sledge	-2964.418701 8.893321 -533.200317	-2.898 -78.032 89.017
weapon_zm_sledge	3075.227051 334.918121 -913.183289	-1.847 11.419 89.014
weapon_ttt_smg	-586.643799 211.635757 -640.444641	1.810 6.885 94.405
weapon_ttt_m16	-1925.754395 -151.299591 -656.485596	2.352 -2.378 84.084
weapon_ttt_m16	-2938.178711 112.586014 -655.499939	2.104 -6.569 84.128
weapon_ttt_m16	2461.014648 -477.278229 -899.502014	1.975 -84.090 90.588
weapon_ttt_m16	2503.542480 175.758087 -657.889893	2.127 -3.363 84.043
weapon_ttt_m16	3903.145508 -0.341623 -1047.118408	2.509 -82.942 -84.363
weapon_ttt_m16	-3754.518311 -88.678658 -1046.846558	-0.902 76.006 -82.150
weapon_ttt_m16	-881.486450 -144.001175 -662.621338	1.060 -2.874 -86.192
weapon_ttt_tmp	-622.532227 -53.359680 -622.949707	0.143 6.760 -88.878
weapon_ttt_tmp	-992.583618 -152.747955 -637.569031	-11.106 -5.428 -89.021
weapon_ttt_mp5	2511.305664 -178.760437 -518.895325	0.203 6.064 -87.459
weapon_ttt_mp5	2516.391357 184.097855 -518.898132	0.205 6.066 -87.356
weapon_ttt_mp5	2495.493652 -34.856052 -405.284729	-0.045 7.013 83.204
weapon_ttt_mp5	2496.888428 44.494858 -405.075317	0.839 -1.845 -85.437
weapon_ttt_mp5	2788.782471 188.510834 -643.180664	1.123 -82.824 -93.810
weapon_ttt_galil	-1897.825317 -27.456484 -527.613586	0.756 -3.241 -87.781
weapon_ttt_galil	2464.219238 -432.005493 -898.001892	-1.438 -86.719 92.572
weapon_zm_molotov	-2513.059082 54.353268 -519.847229	-2.822 -1.186 -1.546
weapon_zm_molotov	-3338.348633 515.992676 -1045.994385	26.106 45.609 89.432
weapon_zm_molotov	-1901.020020 -170.971405 -663.865112	0.069 148.803 -0.117
weapon_ttt_sg550	4716.966797 -242.112885 -768.507324	0.260 91.642 86.056
weapon_ttt_sg550	4723.427734 281.815460 -765.080811	-0.183 91.483 -86.104
weapon_ttt_sg550	4023.687256 452.679626 -913.388489	0.735 -1.144 -88.587
weapon_ttt_sg550	-1410.022461 96.313820 -434.271332	-2.339 -16.330 -97.503
weapon_ttt_sg550	3483.644531 9.700911 -894.373291	-1.396 93.849 88.728
ttt_random_ammo	4653.041992 39.887184 -771.988403	0.132 -6.509 -0.099
ttt_random_ammo	4668.056641 37.539185 -771.576538	0.046 -3.696 0.025
ttt_random_ammo	4684.043945 36.026424 -771.160217	-0.259 -0.444 0.368
ttt_random_ammo	4662.478027 -35.946625 -775.563538	1.224 -0.077 -0.559
ttt_random_ammo	4272.387207 -22.759192 -897.519348	3.555 1.347 -4.140
ttt_random_ammo	4688.442871 -35.430630 -775.608459	1.075 1.933 -1.543
ttt_random_ammo	4599.629883 -173.328644 -876.372253	0.050 0.440 0.017
ttt_random_ammo	4615.948242 -172.355988 -877.412659	0.067 -2.219 -0.012
ttt_random_ammo	4632.347168 -172.406342 -876.782593	0.047 -0.704 -0.027
ttt_random_ammo	4596.370117 -120.754341 -878.816956	0.057 0.000 -0.003
ttt_random_ammo	4617.540039 -122.077698 -879.116211	0.194 -0.353 -0.176
ttt_random_ammo	4635.284668 -120.153236 -878.868286	0.067 0.176 0.012
ttt_random_ammo	4592.457031 -150.698944 -876.125793	1.585 0.793 -1.919
ttt_random_ammo	4621.179688 -151.191711 -877.165894	0.047 0.522 -0.029
ttt_random_ammo	4638.079102 -150.979355 -878.286621	0.110 3.508 0.070
ttt_random_ammo	4634.927734 164.458069 -878.270752	0.067 40.128 0.012
ttt_random_ammo	4617.038574 150.868515 -878.215576	0.280 35.269 -0.071
ttt_random_ammo	4601.085938 138.511566 -879.549622	-1.720 36.770 1.203
ttt_random_ammo	4617.771484 163.560211 -876.902588	0.152 12.143 -0.124
ttt_random_ammo	4597.478516 160.686783 -879.468140	-0.164 14.136 2.686
ttt_random_ammo	1876.113647 -350.894257 -791.622192	0.148 0.001 0.120
ttt_random_ammo	1858.243286 -345.149475 -791.606934	0.697 0.006 0.795
ttt_random_ammo	1839.269775 -341.708069 -791.657715	0.047 0.000 -0.021
ttt_random_ammo	1837.848633 -363.225708 -791.625549	0.119 0.000 0.082
ttt_random_ammo	1855.667603 -365.355682 -791.612061	0.353 0.002 0.374
ttt_random_ammo	1872.839111 -369.980682 -791.651001	0.050 0.000 -0.014
ttt_random_ammo	1678.315186 -341.717346 -788.520325	0.098 -0.176 0.055
ttt_random_ammo	1690.446045 -338.590179 -790.038696	0.148 0.528 0.120
ttt_random_ammo	1704.392944 -341.051636 -790.124573	0.116 0.179 0.083
ttt_random_ammo	1677.873779 -358.111084 -790.713501	0.062 0.352 0.006
ttt_random_ammo	1694.127441 -356.384003 -789.321777	0.355 1.058 0.376
ttt_random_ammo	1708.333008 -356.940491 -788.983093	0.052 1.584 -0.011
ttt_random_ammo	1024.230103 -346.253601 -790.028809	0.047 -0.176 -0.023
ttt_random_ammo	1041.926758 -346.538666 -790.548828	0.212 -0.076 0.200
ttt_random_ammo	1060.023926 -343.066895 -789.816956	0.307 0.795 0.321
ttt_random_ammo	1478.212646 -339.636139 -790.136902	0.462 0.003 0.507
ttt_random_ammo	1454.162231 -344.426849 -791.333252	0.513 -0.009 0.009
ttt_random_ammo	1421.480469 -347.684753 -789.961487	1.404 0.023 1.655
ttt_random_ammo	475.284546 -204.005325 -790.397461	0.272 0.001 0.275
ttt_random_ammo	489.542999 -202.012436 -791.550293	0.843 25.680 -0.032
ttt_random_ammo	512.376953 -207.823044 -790.511963	0.089 0.000 0.043
ttt_random_ammo	476.910400 -222.478012 -789.495605	0.082 0.528 0.034
ttt_random_ammo	494.250092 -220.825104 -787.722656	1.211 0.033 1.459
ttt_random_ammo	512.211182 -223.624023 -790.820313	0.046 0.528 -0.031
ttt_random_ammo	714.750549 -213.693207 -790.941956	0.464 2.115 0.510
ttt_random_ammo	733.731995 -210.605316 -789.705750	0.709 0.887 0.809
ttt_random_ammo	748.801025 -214.731110 -789.680359	-1.317 1.906 -0.087
ttt_random_ammo	711.255554 -238.446457 -790.155884	0.098 0.704 0.055
ttt_random_ammo	729.649048 -237.612701 -790.124939	0.050 1.387 -0.014
ttt_random_ammo	747.695068 -235.128647 -788.471008	0.052 1.584 -0.011
ttt_random_ammo	557.314331 -206.475586 -790.432373	0.089 0.528 0.043
ttt_random_ammo	589.073669 -208.983017 -790.495117	-1.798 -0.186 -0.003
ttt_random_ammo	558.120544 -227.912308 -790.693481	0.082 -0.440 0.034
ttt_random_ammo	582.674072 -237.015198 -789.607300	0.054 -1.760 -0.008
ttt_random_ammo	614.056213 -214.749695 -790.299500	0.090 0.528 0.044
ttt_random_ammo	647.496704 -220.584061 -789.491089	0.052 -0.352 -0.011
ttt_random_ammo	609.329834 -246.961578 -788.875610	0.073 0.013 0.043
ttt_random_ammo	651.915344 -242.065399 -790.599792	0.056 0.000 -0.004
ttt_random_ammo	-150.860458 -328.979553 -790.089172	0.166 0.001 0.142
ttt_random_ammo	-226.427780 -339.230408 -789.901184	1.410 -0.152 1.662
ttt_random_ammo	-184.581741 -340.582825 -788.981934	0.049 0.270 -0.017
ttt_random_ammo	-225.551834 -370.365540 -790.257446	0.148 0.176 0.119
ttt_random_ammo	-182.928757 -367.141632 -789.938660	1.687 0.210 2.031
ttt_random_ammo	-146.460678 -360.936890 -789.767212	0.081 1.936 0.033
ttt_random_ammo	2063.540039 -340.735748 -791.192932	0.067 -0.175 -0.004
ttt_random_ammo	2086.782959 -338.214081 -790.324097	0.240 0.529 0.234
ttt_random_ammo	2104.659668 -339.807800 -789.967834	0.046 0.704 -0.019
ttt_random_ammo	2058.496094 -366.938202 -790.438171	1.257 0.207 1.519
ttt_random_ammo	2082.525879 -363.240051 -789.177490	0.046 0.176 -0.031
ttt_random_ammo	2099.633057 -366.125702 -790.067078	0.537 1.236 0.599
ttt_random_ammo	2220.856445 -340.178711 -787.547302	0.076 1.695 0.025
ttt_random_ammo	2250.411621 -341.855072 -788.336365	0.275 0.001 0.277
ttt_random_ammo	2266.633301 -340.483429 -789.153625	0.166 -0.175 0.143
ttt_random_ammo	2220.955078 -356.289551 -790.038696	0.211 0.353 0.199
ttt_random_ammo	2244.160889 -359.022919 -790.872925	0.049 0.000 -0.017
ttt_random_ammo	2266.070068 -355.665680 -791.124451	1.142 0.029 1.377
ttt_random_ammo	2629.606445 -319.273621 -786.576294	0.132 0.985 0.099
ttt_random_ammo	2631.912109 -251.222321 -788.900513	0.148 -0.352 0.119
ttt_random_ammo	2758.219238 -281.176239 -788.330444	1.586 16.208 -1.909
ttt_random_ammo	2621.038818 249.215378 -789.940918	0.098 0.223 -0.205
ttt_random_ammo	2622.645752 369.107819 -790.337891	-0.134 -0.000 0.101
ttt_random_ammo	2730.117432 248.738617 -788.929199	0.166 -1.223 0.142
ttt_random_ammo	2263.311035 378.058044 -787.938660	0.187 -0.351 0.169
ttt_random_ammo	2266.866699 342.862427 -788.971008	1.351 -0.774 -0.338
ttt_random_ammo	2228.991699 337.933105 -788.594116	1.155 0.029 1.390
ttt_random_ammo	2231.296387 372.498718 -789.205811	0.270 -0.351 0.272
ttt_random_ammo	2108.137451 350.629822 -789.101135	0.070 0.176 0.018
ttt_random_ammo	2073.160889 348.696991 -790.999512	0.074 0.706 0.020
ttt_random_ammo	1858.226685 346.031281 -790.303284	0.047 0.528 -0.023
ttt_random_ammo	1837.513062 343.765869 -790.409607	0.148 0.880 0.119
ttt_random_ammo	1810.598755 344.307922 -790.634521	0.046 0.352 -0.026
ttt_random_ammo	1681.162354 351.762878 -790.669312	0.212 0.705 0.199
ttt_random_ammo	1677.485962 372.304504 -790.918152	0.148 -1.054 0.120
ttt_random_ammo	1448.190430 348.831177 -789.019775	0.046 -0.528 -0.029
ttt_random_ammo	1409.382080 353.059723 -790.345581	1.212 1.621 -0.017
ttt_random_ammo	1363.719482 348.610229 -789.498047	-0.189 6.513 1.790
ttt_random_ammo	1312.641357 349.343811 -787.645996	0.188 0.001 0.170
ttt_random_ammo	1259.454224 353.882019 -788.321716	0.082 1.232 0.034
ttt_random_ammo	1215.979248 352.961670 -784.553345	2.140 2.741 2.595
ttt_random_ammo	1172.136719 354.677917 -789.031982	0.048 4.933 -0.019
ttt_random_ammo	1125.266724 344.857117 -783.720886	0.400 -8.837 -88.956
ttt_random_ammo	1032.009033 348.821045 -786.739990	0.702 85.542 -90.067
ttt_random_ammo	1453.678711 365.658386 -789.053040	1.411 -2.792 1.664
ttt_random_ammo	1406.019043 369.129822 -790.296387	0.859 -0.008 -1.528
ttt_random_ammo	1361.877197 366.201660 -790.577576	0.098 -0.527 0.055
ttt_random_ammo	1313.948242 365.721313 -788.164490	0.089 0.000 0.044
ttt_random_ammo	1258.619751 366.364288 -788.683899	0.187 -1.055 0.169
ttt_random_ammo	1217.524902 367.134277 -785.168091	0.098 0.000 0.055
ttt_random_ammo	1169.828979 374.281525 -787.958740	0.066 -0.352 0.011
ttt_random_ammo	1123.543457 367.114899 -789.363770	0.148 1.057 0.120
ttt_random_ammo	1068.236328 350.193176 -788.642090	0.211 24.996 0.200
ttt_random_ammo	-159.848770 335.569580 -790.723328	0.098 0.605 0.055
ttt_random_ammo	-224.741074 333.960419 -790.012939	0.132 0.088 0.100
ttt_random_ammo	-156.751251 369.899323 -790.386475	0.119 -0.704 0.083
ttt_random_ammo	-218.412521 372.140564 -790.004761	0.062 0.528 0.006
ttt_random_ammo	729.995361 227.957291 -790.445679	0.042 -0.703 -0.024
ttt_random_ammo	695.732544 228.723572 -789.075562	0.920 0.011 1.067
ttt_random_ammo	531.052612 228.544205 -789.660461	0.047 0.523 -0.021
ttt_random_ammo	486.842346 212.702103 -788.751160	0.046 1.760 -0.026
ttt_random_ammo	4739.358398 494.440765 -775.614807	0.271 -0.001 -0.273
ttt_random_ammo	4724.428711 492.858246 -775.672180	0.046 0.000 -0.030
ttt_random_ammo	4706.534668 491.912750 -775.633362	-0.076 -0.000 0.026
ttt_random_ammo	4737.437500 -498.030823 -775.606201	0.802 0.008 0.923
ttt_random_ammo	4726.009277 -497.192383 -775.653198	0.049 0.000 -0.017
ttt_random_ammo	4711.890137 -497.555176 -775.610779	0.401 0.002 0.433
ttt_random_ammo	4925.233398 165.464111 -879.528687	0.047 0.000 -0.029
ttt_random_ammo	4955.078125 158.408035 -879.494385	-0.072 -0.000 0.019
ttt_random_ammo	4922.978516 -192.287369 -879.488037	0.100 0.000 0.057
ttt_random_ammo	4955.140137 -187.244217 -879.488037	0.101 0.000 0.057
ttt_random_ammo	4556.846680 206.730133 -919.575012	1.462 0.034 1.766
ttt_random_ammo	4554.597656 187.699661 -919.677307	0.046 0.000 -0.033
ttt_random_ammo	4560.642090 164.398453 -919.614624	0.274 0.001 0.277
ttt_random_ammo	4559.661133 89.760292 -919.605652	0.924 0.011 1.071
ttt_random_ammo	4562.333984 107.493729 -919.632690	0.081 0.000 0.033
ttt_random_ammo	4563.985840 -93.274429 -918.988220	0.076 0.352 0.025
ttt_random_ammo	4563.884277 -109.531181 -918.893677	0.046 0.176 -0.028
ttt_random_ammo	4557.194824 -152.065948 -918.427551	0.046 0.429 -0.023
ttt_random_ammo	4556.935547 -173.293274 -918.786499	0.119 -0.350 0.083
ttt_random_ammo	4554.809082 -202.320984 -918.862854	0.048 0.528 -0.019
ttt_random_ammo	4056.192383 -379.314148 -1047.629028	0.097 0.000 0.055
ttt_random_ammo	4055.247314 -435.698425 -1047.563477	1.173 0.029 1.412
ttt_random_ammo	3982.973877 440.572296 -1046.363037	0.119 1.056 0.083
ttt_random_ammo	3941.308350 440.399933 -1045.601196	0.166 -0.526 0.142
ttt_random_ammo	3631.059326 -145.030441 -1046.287231	0.066 0.176 0.011
ttt_random_ammo	3626.299561 -99.680420 -1046.120239	0.211 0.001 0.198
ttt_random_ammo	3626.758545 -50.253235 -1047.119995	0.066 0.440 0.011
ttt_random_ammo	3625.200928 14.067693 -1045.367798	1.063 1.767 1.240
ttt_random_ammo	3626.780762 74.009041 -1044.130493	0.056 5.484 -0.004
ttt_random_ammo	3622.320557 138.214233 -1044.374512	0.166 4.677 0.142
ttt_random_ammo	3659.995850 -137.352875 -1046.991455	0.088 -0.316 -0.086
ttt_random_ammo	3666.295654 -97.297508 -1045.794312	0.047 0.000 -0.034
ttt_random_ammo	3667.288818 -53.240837 -1044.789795	0.165 -4.825 0.141
ttt_random_ammo	3668.216309 5.808465 -1047.477661	0.046 -2.370 -0.033
ttt_random_ammo	3664.642822 65.279457 -1045.557861	0.090 -2.462 0.043
ttt_random_ammo	3667.766846 136.956940 -1045.343384	1.140 -2.059 1.373
ttt_random_ammo	3862.875000 -135.007660 -1047.660034	0.047 0.000 -0.023
ttt_random_ammo	3852.263184 -76.068642 -1044.955322	0.046 0.000 -0.025
ttt_random_ammo	3851.857910 -12.792184 -1044.874512	0.047 0.000 -0.023
ttt_random_ammo	3857.427246 45.628986 -1045.613892	0.100 0.698 0.046
ttt_random_ammo	3858.493896 90.112526 -1046.391113	0.269 -0.173 0.275
ttt_random_ammo	3859.861572 136.355484 -1046.475830	0.045 -0.167 -0.021
ttt_random_ammo	3893.058838 -127.383911 -1044.974854	0.089 0.000 0.043
ttt_random_ammo	3911.514893 -78.427795 -1047.259644	1.243 0.547 1.459
ttt_random_ammo	3892.199219 -23.283550 -1045.105225	0.056 0.176 -0.004
ttt_random_ammo	3896.256592 40.994652 -1046.812622	0.073 3.757 0.018
ttt_random_ammo	3898.216309 94.911362 -1045.204224	0.119 4.914 0.082
ttt_random_ammo	3897.116455 137.213348 -1046.629517	0.059 0.000 0.001
ttt_random_ammo	3117.186768 -192.201416 -916.343567	0.070 2.365 0.018
ttt_random_ammo	3159.979492 -192.832748 -918.398438	0.046 1.404 -0.023
ttt_random_ammo	3125.971924 148.321777 -914.945557	0.045 -2.093 -0.024
ttt_random_ammo	3165.762451 151.839127 -915.772888	0.046 -0.176 -0.025
ttt_random_ammo	3125.135742 296.410156 -882.494873	-0.045 0.086 -2.216
ttt_random_ammo	3065.459473 360.496399 -881.184326	-1.303 -0.223 1.579
ttt_random_ammo	3129.792236 364.854919 -881.847717	-0.618 0.134 0.748
ttt_random_ammo	3068.423584 297.027008 -882.544861	0.321 -0.017 -0.375
ttt_random_ammo	3067.229980 -355.091339 -882.273560	0.046 -1.049 0.024
ttt_random_ammo	3115.598877 -357.603882 -881.596313	0.136 1.756 -0.103
ttt_random_ammo	3115.661621 -303.899200 -881.451294	1.280 0.383 1.551
ttt_random_ammo	3069.299072 -298.147400 -879.114868	0.047 -0.176 -0.032
ttt_random_ammo	2480.872070 -332.308197 -918.452637	0.068 -0.432 0.040
ttt_random_ammo	2530.376953 -326.930817 -919.605225	1.059 0.014 1.235
ttt_random_ammo	2626.571289 -324.618927 -919.662354	0.046 -0.000 0.025
ttt_random_ammo	2572.310303 -315.739899 -919.617493	0.211 0.001 0.199
ttt_random_ammo	2483.802490 -366.089783 -917.167297	0.271 -1.303 -0.273
ttt_random_ammo	2525.169189 -360.902893 -919.667236	0.046 0.000 -0.028
ttt_random_ammo	2569.619873 -356.865356 -919.636536	0.070 0.000 0.018
ttt_random_ammo	2621.038086 -370.085938 -919.488464	-1.980 12.637 2.400
ttt_random_ammo	3399.729248 105.904427 -790.508362	-0.215 0.991 0.203
ttt_random_ammo	3398.260986 65.785461 -790.074280	0.313 -0.587 -0.001
ttt_random_ammo	3396.635986 -59.674248 -790.554932	0.188 0.001 0.170
ttt_random_ammo	3396.130615 -96.041847 -787.626953	0.147 1.583 -0.119
ttt_random_ammo	3442.242188 -94.744514 -790.103271	0.107 0.517 0.068
ttt_random_ammo	3441.735352 97.824150 -789.044373	0.147 2.111 -0.118
ttt_random_ammo	337.106873 -74.362984 -517.960815	0.078 -0.000 -0.027
ttt_random_ammo	393.289886 -98.433090 -519.581116	-0.004 1.329 1.979
ttt_random_ammo	331.207764 78.743019 -516.788086	0.057 0.000 -0.003
ttt_random_ammo	407.224701 112.502373 -517.241638	-0.741 -0.183 0.847
ttt_random_ammo	1512.848633 121.382492 -501.644745	0.047 0.000 -0.029
ttt_random_ammo	1582.432129 119.897003 -501.988953	0.067 0.000 0.012
ttt_random_ammo	1519.085327 -102.128426 -502.000275	0.137 0.000 0.104
ttt_random_ammo	1630.913696 -106.196175 -502.565857	0.480 0.003 0.528
ttt_random_ammo	-2750.780762 -92.949371 -662.593628	0.030 -1.331 1.263
ttt_random_ammo	-2751.433594 92.169685 -661.387024	-1.151 1.703 -0.052
ttt_random_ammo	-2753.551758 -65.620331 -661.526306	-1.063 0.827 -0.037
ttt_random_ammo	-2761.221436 61.626793 -661.103882	0.082 -0.149 0.034
ttt_random_ammo	-2732.008301 536.666260 -790.896240	0.044 0.178 0.022
ttt_random_ammo	-2654.149658 520.906250 -790.329651	0.052 0.176 -0.011
ttt_random_ammo	-2707.106689 518.023071 -791.516663	-0.147 3.477 -0.703
ttt_random_ammo	-2765.984863 448.952423 -790.673096	0.076 -0.000 -0.025
ttt_random_ammo	-2814.427002 455.154633 -791.297119	0.058 -0.352 0.000
ttt_random_ammo	-2862.013916 418.656677 -790.425110	0.046 -0.347 -0.025
ttt_random_ammo	-2649.581787 -543.174683 -787.862488	1.134 1.829 -1.362
ttt_random_ammo	-2729.999268 -538.892334 -789.401184	0.242 0.353 0.237
ttt_random_ammo	-2749.004883 -487.963562 -781.529968	0.046 -0.176 -0.023
ttt_random_ammo	-2811.291504 -428.521729 -789.871216	1.318 -0.100 1.494
ttt_random_ammo	-2853.650635 -429.997742 -789.566650	0.062 0.528 0.005
ttt_random_ammo	4169.196777 -24.513741 -897.981873	0.063 1.553 -6.194
ttt_random_ammo	4427.830078 21.052471 -899.511780	-0.066 -5.593 5.983
ttt_random_ammo	4422.764648 -22.813543 -899.911804	0.054 0.603 -5.816
ttt_random_ammo	4323.720703 -119.548843 -897.363220	-0.091 2.388 6.604
ttt_random_ammo	4396.357910 -120.142693 -900.730103	-0.091 -1.532 6.627
ttt_random_ammo	4639.395020 -36.906113 -773.233215	1.605 1.493 -1.816
ttt_random_ammo	-2955.761475 237.432770 -791.568359	0.964 0.023 1.144
ttt_random_ammo	-2954.886230 196.327652 -791.648743	0.115 -0.000 -0.044
ttt_random_ammo	-2956.294189 149.532059 -791.622925	1.094 -0.014 -1.253
ttt_random_ammo	-2956.108887 104.535698 -791.633972	0.286 -0.001 -0.262
ttt_random_ammo	-2957.032227 63.184292 -791.594604	1.294 -0.027 -1.527
ttt_random_ammo	-2958.091309 32.602139 -791.639038	0.202 -0.001 -0.156
ttt_random_ammo	-2958.251709 -0.453876 -791.640930	0.181 -0.000 -0.129
ttt_random_ammo	-2959.205811 -36.441540 -791.650940	0.114 -0.000 -0.041
ttt_random_ammo	-2958.225342 -71.298424 -791.603027	1.445 -0.031 -1.710
ttt_random_ammo	-2958.706787 -102.758453 -791.608887	1.536 -0.026 -1.819
ttt_random_ammo	-2959.338623 -134.279510 -791.633972	0.286 -0.001 -0.261
ttt_random_ammo	-2959.933350 -164.872681 -791.669189	0.072 -0.000 0.023
ttt_random_ammo	-2960.532471 -195.467117 -791.638916	0.184 -0.000 -0.133
ttt_random_ammo	-2961.149414 -226.962891 -791.627686	0.426 -0.002 -0.436
ttt_random_ammo	-2961.691650 -254.855972 -791.664368	0.076 -0.000 0.014
ttt_random_ammo	-2962.272461 -284.550018 -791.657349	0.088 -0.000 -0.005
ttt_random_ammo	-2962.908691 -316.947845 -791.626892	0.552 -0.004 -0.590
ttt_random_ammo	-2963.944092 -338.617950 -791.579285	1.102 -0.025 -1.305
ttt_random_ammo	-2964.210205 -361.115387 -791.626892	0.551 -0.004 -0.589
ttt_random_ammo	-2964.508301 -386.310730 -791.642822	0.165 -0.000 -0.108
ttt_random_ammo	-2964.850830 -415.987823 -791.607056	1.514 -0.026 -1.793
ttt_random_ammo	-2965.154053 -440.307709 -791.632263	0.325 -0.001 -0.310
ttt_random_ammo	-2955.883057 263.892242 -791.633728	0.257 -0.001 -0.227
ttt_random_ammo	-2954.204346 286.726318 -791.629089	0.419 0.002 0.426
ttt_random_ammo	-2953.280029 314.736542 -791.642639	0.148 -0.000 -0.088
ttt_random_ammo	-2952.306641 343.524353 -791.628967	0.414 0.002 0.421
ttt_random_ammo	-2951.601074 369.622009 -791.596375	1.359 0.029 1.607
ttt_random_ammo	-2950.861572 396.603180 -791.633728	0.289 0.001 0.264
ttt_random_ammo	2830.542969 -519.332581 -919.648804	0.123 -0.000 -0.053
ttt_random_ammo	2845.864746 -518.829468 -919.607117	1.485 -0.026 -1.754
ttt_random_ammo	3046.968750 -524.674561 -919.594910	1.264 0.026 1.482
ttt_random_ammo	3020.788086 -523.576477 -919.671631	0.072 -0.000 0.024
ttt_random_ammo	3074.665283 -391.757874 -919.669128	0.074 -0.000 0.020
ttt_random_ammo	3138.401367 -392.222412 -919.620789	1.570 0.028 1.833
ttt_random_ammo	3168.243652 -302.746613 -919.592468	1.298 0.027 1.535
ttt_random_ammo	3163.841797 -355.179138 -919.610291	1.531 -0.026 -1.808
ttt_random_ammo	3412.935547 -173.049896 -919.614685	1.514 -0.025 -1.774
ttt_random_ammo	3432.074463 -177.958664 -919.637207	0.222 -0.001 -0.182
ttt_random_ammo	2807.068848 -234.831604 -663.653015	0.107 0.000 0.030
ttt_random_ammo	2802.239014 -108.000053 -663.657410	0.093 -0.000 -0.011
ttt_random_ammo	2805.440918 129.952682 -663.661987	0.083 0.000 -0.004
ttt_random_ammo	2804.948975 243.783997 -663.630554	0.332 -0.001 -0.320
ttt_random_ammo	2496.645996 -191.669464 -663.556885	0.074 0.232 0.005
ttt_random_ammo	2522.087646 -191.768570 -663.646423	0.098 -0.000 -0.024
ttt_random_ammo	2547.505859 -192.292206 -663.558044	0.812 -0.021 -0.964
ttt_random_ammo	2443.553223 -163.922745 -663.605591	1.493 -0.028 -1.755
ttt_random_ammo	2335.868896 -164.786209 -663.616211	1.622 0.030 1.899
ttt_random_ammo	2266.785889 -338.149109 -663.655029	0.083 0.000 0.001
ttt_random_ammo	2140.728271 -338.240723 -663.650696	0.093 0.000 0.015
ttt_random_ammo	1605.319946 -336.797821 -663.634949	0.180 -0.000 -0.132
ttt_random_ammo	1493.814453 -338.898071 -663.659546	0.075 -0.000 0.012
ttt_random_ammo	1781.428955 -293.057983 -615.674133	0.066 -0.000 -0.034
ttt_random_ammo	1906.581177 -285.938538 -615.671631	0.067 0.000 -0.031
ttt_random_ammo	1247.710571 -120.144737 -663.591553	1.557 -0.031 -1.874
ttt_random_ammo	1370.056519 -118.900597 -663.614502	1.606 -0.027 -1.885
ttt_random_ammo	1243.421631 120.655296 -663.640564	0.145 0.000 0.085
ttt_random_ammo	1363.631470 119.716583 -663.611816	1.641 0.031 1.935
ttt_random_ammo	1779.122070 285.378479 -615.616272	1.223 0.018 1.413
ttt_random_ammo	1911.265381 280.389893 -615.642456	0.122 0.000 0.056
ttt_random_ammo	2331.015625 164.514053 -663.642334	0.121 0.000 0.055
ttt_random_ammo	2444.983887 171.419235 -663.671570	0.067 -0.000 0.031
ttt_random_ammo	2261.184082 335.591461 -663.676758	0.066 -0.000 -0.035
ttt_random_ammo	2147.102051 335.182251 -663.529053	0.404 0.017 0.481
ttt_random_ammo	1612.314819 336.301575 -663.617737	0.989 0.012 1.128
ttt_random_ammo	1492.088501 335.658997 -663.669189	0.068 0.000 -0.027
ttt_random_ammo	1004.695740 248.606354 -663.622070	0.608 -0.005 -0.662
ttt_random_ammo	1126.551392 244.500549 -663.676758	0.066 -0.000 -0.035
ttt_random_ammo	679.123413 -152.070297 -663.650757	0.096 0.000 0.019
ttt_random_ammo	559.448120 -150.683304 -663.642517	0.134 -0.000 -0.071
ttt_random_ammo	258.251709 -363.501221 -663.602356	1.413 -0.032 -1.659
ttt_random_ammo	373.010498 -342.407684 -663.627136	0.369 -0.002 -0.367
ttt_random_ammo	-77.252312 -255.528702 -631.671692	0.068 0.000 -0.029
ttt_random_ammo	39.781666 -257.261627 -631.586487	1.218 0.026 1.433
ttt_random_ammo	-269.014130 -350.033020 -663.635010	0.199 0.001 0.154
ttt_random_ammo	-149.757217 -338.934174 -663.630127	0.276 -0.001 -0.252
ttt_random_ammo	-341.036957 -253.900620 -631.653809	-0.085 -0.000 0.003
ttt_random_ammo	-474.146484 -253.678009 -631.655151	0.087 0.000 0.005
ttt_random_ammo	-654.625061 -338.526520 -663.655151	0.086 0.000 0.004
ttt_random_ammo	-540.264954 -353.171051 -663.621887	0.644 0.005 0.705
ttt_random_ammo	-381.864502 157.413376 -631.662048	0.075 0.000 -0.015
ttt_random_ammo	-493.428619 157.501694 -631.648621	0.104 0.000 0.030
ttt_random_ammo	-529.620667 208.667740 -663.679382	0.066 -0.000 -0.037
ttt_random_ammo	-593.603760 231.013931 -663.631653	0.258 0.001 0.229
ttt_random_ammo	-146.780121 353.197723 -663.638306	-0.146 -0.000 0.087
ttt_random_ammo	-272.876495 341.930481 -663.671631	0.068 0.000 -0.029
ttt_random_ammo	-83.179924 256.619568 -631.625427	-0.283 -0.001 0.260
ttt_random_ammo	-23.038725 285.770935 -631.575562	-1.373 -0.029 1.616
ttt_random_ammo	261.406586 351.847168 -663.668030	-0.069 -0.000 -0.026
ttt_random_ammo	323.648712 363.467865 -663.623413	-0.304 -0.001 0.287
ttt_random_ammo	-1819.123901 -296.848267 -663.652893	0.086 -0.000 -0.005
ttt_random_ammo	-1944.041260 -303.027985 -663.650696	0.090 -0.000 -0.012
ttt_random_ammo	-1939.830444 -184.201569 -535.626587	0.323 0.001 0.312
ttt_random_ammo	-1944.490601 -238.398544 -535.652893	0.086 0.000 0.005
ttt_random_ammo	-1958.947510 242.095200 -535.574768	1.034 0.024 1.213
ttt_random_ammo	-1957.519409 190.143967 -535.655090	0.081 0.000 -0.002
ttt_random_ammo	-1632.218750 216.727402 -535.610046	1.585 0.024 1.865
ttt_random_ammo	-1671.465332 242.876450 -535.659851	-0.361 -0.003 0.295
ttt_random_ammo	-1650.395264 -222.824951 -535.659668	0.075 0.000 -0.013
ttt_random_ammo	-1617.189575 -194.373032 -535.619995	0.607 0.005 0.661
ttt_random_ammo	-1227.064819 -261.978058 -519.638733	0.162 0.000 0.107
ttt_random_ammo	-1266.631470 -300.540955 -519.626587	0.321 0.001 0.308
ttt_random_ammo	-1242.396484 79.574265 -519.652954	0.091 0.000 0.012
ttt_random_ammo	-1241.726807 55.804123 -519.573853	1.210 0.028 1.451
ttt_random_ammo	-1242.846680 28.460411 -519.619507	0.776 0.007 0.868
ttt_random_ammo	-1246.777710 -91.794548 -519.621643	0.597 0.005 0.648
ttt_random_ammo	-1248.840454 -72.577126 -519.636780	0.174 0.000 0.123
ttt_random_ammo	-1248.765381 -43.096996 -519.618958	0.922 0.010 1.045
ttt_random_ammo	-1611.123779 507.406250 -663.652893	0.088 0.000 0.007
ttt_random_ammo	-1626.515991 558.450073 -663.619141	0.741 0.007 0.825
ttt_random_ammo	-1350.204590 565.234741 -663.659607	0.076 0.000 -0.012
ttt_random_ammo	-1358.264526 496.902435 -663.628113	0.295 0.001 0.277
ttt_random_ammo	-2792.585693 -24.371668 -914.146851	85.193 162.604 142.138
ttt_random_ammo	-2794.224609 -4.851846 -914.027161	85.193 163.879 141.018
ttt_random_ammo	-2808.651367 -13.124750 -913.002319	85.169 164.717 139.252
ttt_random_ammo	-2802.084961 -33.206005 -913.402527	85.714 177.650 149.737
ttt_random_ammo	-2790.322754 -34.995010 -914.309326	85.148 162.232 141.344
ttt_random_ammo	-2804.469238 12.197353 -913.317810	1.417 -57.696 -93.437
ttt_random_ammo	-2799.209229 32.290833 -915.963989	4.092 0.204 0.499
ttt_random_ammo	-2800.448975 -79.865654 -915.825317	3.461 -2.926 -0.065
ttt_random_ammo	-2801.757813 -139.922958 -915.751648	3.416 -2.923 0.174
ttt_random_ammo	-1850.695923 -537.853333 -661.251282	89.652 -60.089 -95.449
ttt_random_ammo	-1845.966064 -541.191101 -661.240295	0.810 129.067 90.381
ttt_random_ammo	-1853.096924 540.504028 -661.288574	-0.000 -91.722 -90.000
ttt_random_ammo	-2772.459717 109.699982 -917.868530	5.607 1.342 0.177
ttt_random_ammo	-1721.031128 509.122833 -660.387085	-89.834 27.542 19.351
ttt_random_ammo	-1731.079102 497.229858 -653.542419	-1.611 -137.492 179.997
ttt_random_ammo	-1739.257202 486.496613 -661.213501	0.719 85.084 90.389
ttt_random_ammo	-2731.815918 425.699768 -919.616211	1.590 0.029 1.870
ttt_random_ammo	-2729.275879 449.840363 -919.661926	0.082 0.000 -0.005
ttt_random_ammo	-2732.083740 367.216644 -919.671631	0.072 0.000 -0.024
ttt_random_ammo	-2724.359131 286.350952 -919.637146	0.227 0.001 0.188
ttt_random_ammo	-2728.644775 119.018707 -919.586304	1.157 0.026 1.359
ttt_random_ammo	-2726.723389 46.789143 -919.599487	1.373 0.032 1.618
ttt_random_ammo	-2725.510498 -34.580826 -919.655212	0.097 0.000 0.017
ttt_random_ammo	-2724.072998 -130.568619 -919.637085	0.222 0.001 0.181
ttt_random_ammo	-2723.288574 -220.564621 -919.628967	0.417 0.002 0.424
ttt_random_ammo	-2722.275879 -316.561005 -919.666748	0.077 0.000 -0.016
ttt_random_ammo	-2786.603271 74.589439 -916.917908	3.693 -5.080 0.073
ttt_random_ammo	-2768.499756 -8.126374 -918.101501	3.084 -1.329 -0.094
ttt_random_ammo	-2767.297852 -55.859863 -918.184204	3.144 -2.207 -0.157
ttt_random_ammo	-2767.307373 -115.405624 -918.199280	2.740 -2.369 -0.173
ttt_random_ammo	-2767.300049 -176.210007 -918.180542	3.235 -2.289 -0.163
ttt_random_ammo	-2766.106689 -240.216949 -918.274353	4.055 -2.353 0.909
ttt_random_ammo	-2765.544434 -285.090424 -918.306519	4.040 -2.242 0.746
ttt_random_ammo	-2769.900391 -342.428864 -918.045593	4.200 -3.439 1.662
ttt_random_ammo	-2762.048584 79.251732 -918.543457	4.057 1.395 0.690
ttt_random_ammo	-2760.724365 154.913773 -918.637756	4.057 1.343 0.697
ttt_random_ammo	-2765.398682 263.835999 -918.303284	4.055 -2.220 0.365
ttt_random_ammo	-2770.459961 342.367554 -917.997375	4.102 -3.225 1.726
ttt_random_ammo	-2765.897217 202.343750 -918.310608	3.410 -2.248 2.395
ttt_random_ammo	-1842.467651 542.274719 -655.441589	0.941 -106.237 -129.955
ttt_random_ammo	-1735.905029 493.811707 -653.524170	-1.211 -137.068 179.977
ttt_random_ammo	-1840.498901 535.358765 -653.514893	-0.720 128.519 -179.771
ttt_random_ammo	-1828.438477 544.567139 -659.758423	-65.624 4.511 89.513
ttt_random_ammo	-1842.291382 525.981140 -660.339966	-89.333 34.755 -175.776
ttt_random_ammo	-2810.824463 114.798012 -915.156311	3.624 1.369 0.061
ttt_random_ammo	-2805.196289 148.526031 -915.529541	3.590 -0.522 0.107
weapon_zm_rifle	5134.472168 163.636154 -916.378479	5.149 87.569 80.625
weapon_zm_rifle	5146.676758 -83.054634 -914.223572	3.204 88.498 66.094
weapon_zm_rifle	-2861.483154 581.494873 -659.438110	4.289 -10.843 107.771
weapon_zm_rifle	-2662.089600 454.782440 -771.615051	2.227 13.140 69.130
weapon_zm_rifle	-2655.474854 -454.670502 -770.150452	0.287 0.247 -94.123
weapon_zm_rifle	-2853.019531 572.311401 -664.693298	3.924 -178.245 67.710
weapon_zm_rifle	2222.416260 -604.260925 -1240.792480	3.618 23.968 65.672
weapon_zm_rifle	710.244324 145.188065 -664.784058	3.364 -2.008 65.526
weapon_zm_rifle	2464.272217 40.286854 -792.782959	3.272 -90.829 66.016
weapon_zm_rifle	2457.947266 481.819275 -904.097046	3.512 -90.438 70.261
weapon_ttt_glock	-1648.626099 31.920925 -529.992065	-0.825 28.632 91.516
weapon_zm_mac10	2485.497559 -349.246643 -919.191284	0.748 -131.166 86.778
weapon_zm_mac10	3911.237061 -495.801086 -1040.702393	0.226 -142.651 -88.549
weapon_zm_mac10	-5100.332520 -15.090714 -919.120056	-0.365 -47.364 87.509
weapon_zm_mac10	-5099.309570 30.348055 -919.114014	-0.380 -145.795 87.590
weapon_zm_mac10	-3754.202881 122.184700 -1013.076843	-5.054 -101.886 -90.280
weapon_zm_mac10	-235.091461 -2.609787 -470.739716	0.524 -147.244 -88.176
weapon_zm_mac10	-1639.298584 -292.524628 -660.206970	32.933 -136.216 -59.946
weapon_zm_mac10	707.088928 70.543617 -663.124878	-0.372 161.790 87.817
weapon_zm_mac10	2358.451660 -67.915138 -663.132324	-0.472 -108.190 88.003
weapon_zm_mac10	2537.724121 123.158318 -663.137878	-0.652 1.606 87.812
weapon_zm_mac10	3109.374268 2.979891 -918.715454	-0.623 -39.606 -88.634
weapon_zm_mac10	-2664.117920 -21.095007 -663.180420	-0.254 78.949 87.623
weapon_zm_mac10	-2606.443848 -163.724213 -662.689575	-0.080 160.176 -88.222
weapon_zm_mac10	2164.193359 -624.856567 -1265.999512	-0.867 90.906 -83.928
weapon_zm_pistol	-2512.766113 67.145523 -513.019714	0.663 -35.511 -89.096
weapon_zm_pistol	4003.135742 34.621288 -918.942993	0.842 -100.308 90.182
weapon_zm_pistol	-3760.101563 -2.836971 -383.236603	-0.474 -22.699 -88.060
weapon_zm_pistol	-754.844971 290.154968 -519.020447	0.210 84.269 -89.816
weapon_zm_pistol	1945.140137 -54.037891 -503.016724	0.077 83.552 -89.805
weapon_zm_pistol	507.415039 486.203857 -791.228271	-0.380 -20.708 -89.146
weapon_zm_pistol	602.994019 486.025330 -791.138184	1.147 -19.391 -88.804
weapon_zm_pistol	2550.181641 -1.963626 -518.916016	0.794 31.309 90.289
weapon_zm_pistol	-728.811462 324.834290 -662.895874	0.018 -84.839 89.837
weapon_ttt_confgrenade	2450.543213 349.827148 -917.346313	16.113 -29.927 -101.594
weapon_ttt_confgrenade	2608.725098 58.916008 -661.852234	14.819 -26.117 -90.292
weapon_ttt_confgrenade	2614.913818 -55.641926 -661.900696	15.355 -25.928 -89.385
weapon_ttt_confgrenade	2654.033936 -254.290009 -917.694580	39.272 64.260 -89.999
weapon_ttt_confgrenade	-3688.085449 267.701996 -1045.477295	-34.567 157.523 99.693
weapon_ttt_confgrenade	-2803.791992 -23.482813 -913.440430	38.801 115.636 101.139
weapon_ttt_confgrenade	-2964.030029 2.833061 -789.629639	39.703 -22.362 -91.328
weapon_ttt_confgrenade	2419.485352 -117.119278 -662.058594	-36.259 34.150 -87.162
weapon_ttt_confgrenade	1240.448730 346.783051 -789.743347	-38.290 38.164 -94.007
weapon_ttt_confgrenade	-203.330856 334.802704 -790.105591	-37.204 36.666 -86.538
weapon_zm_shotgun	-1538.169556 281.503723 -516.454590	-0.282 -5.712 -83.846
weapon_zm_shotgun	-1885.956421 306.633209 -642.001099	-1.546 8.928 96.444
weapon_zm_shotgun	-1102.125732 496.450836 -659.589478	-0.265 -10.926 -83.776
weapon_zm_shotgun	3333.065430 157.905807 -898.095032	-1.612 11.677 97.186
weapon_zm_shotgun	3137.072510 -6.303107 -918.779846	-0.505 -10.917 -85.928
weapon_zm_shotgun	5177.996094 -75.944603 -918.964661	-0.437 -112.279 -84.034
weapon_zm_shotgun	-4264.841309 90.587204 -918.966125	-0.341 -176.399 -83.548
weapon_zm_shotgun	4609.421387 196.685303 -879.531860	-0.364 98.490 82.896
weapon_zm_shotgun	-2074.439453 251.349060 -535.405029	-0.433 -80.889 84.097
weapon_zm_shotgun	1529.276123 -81.744759 -503.017670	-0.065 121.379 -83.561
weapon_zm_shotgun	2329.324463 2.097471 -519.013306	-0.354 171.100 -83.103
weapon_zm_shotgun	-225.376282 552.734741 -790.902893	-0.442 -49.714 -84.141
weapon_zm_shotgun	3107.084961 -355.407837 -883.177002	0.304 1.405 -82.508
weapon_zm_shotgun	2454.285889 194.896805 -919.416992	-0.438 -22.243 83.988
weapon_zm_shotgun	-2797.192871 -84.010391 -621.838135	-0.480 89.577 -84.747
weapon_zm_shotgun	2336.125732 -608.617798 -1269.156860	0.383 -160.272 -84.692
weapon_ttt_famas	-2501.538574 -67.613655 -513.348755	0.572 14.671 86.495
weapon_ttt_famas	2617.559326 10.224279 -641.497314	0.793 97.828 -94.002
weapon_ttt_famas	2330.285156 61.604160 -515.237976	-0.000 24.081 88.806
weapon_zm_revolver	1431.784546 1.065503 -663.030518	1.187 -113.274 -87.209
weapon_zm_revolver	573.737732 -137.318802 -663.130981	1.789 5.818 -85.100
weapon_ttt_aug	-2113.798340 62.671574 -515.450317	0.354 9.226 87.201
weapon_ttt_aug	-2118.102783 -59.709633 -516.348694	0.209 7.460 87.182
weapon_ttt_aug	3478.681152 232.370865 -904.265686	-0.389 92.551 89.773
weapon_ttt_aug	2462.589600 463.545471 -899.548035	-0.795 86.739 -87.241
weapon_ttt_sg552	3481.978516 -202.673386 -894.459167	0.349 93.690 85.115
