# Trouble in Terrorist Town weapon/ammo placement overrides
# For map: ttt_torre_entel
# Exported by: Kopa
setting:	replacespawns 1
ttt_random_weapon	318.000000 -114.779999 7581.000000	0.000 0.000 0.000
ttt_random_weapon	-156.369003 -212.028000 7625.069824	0.000 0.000 0.000
ttt_random_weapon	-458.070007 -154.205002 7545.069824	0.000 0.000 0.000
ttt_random_weapon	-360.602997 272.042999 7545.069824	0.000 0.000 0.000
ttt_random_weapon	-421.428009 429.204010 7144.870117	0.000 0.000 0.000
ttt_random_weapon	-626.935974 -83.074303 7144.870117	0.000 0.000 0.000
ttt_random_weapon	-118.802002 277.947998 7144.870117	0.000 0.000 0.000
ttt_random_weapon	13.668100 572.929016 7144.870117	0.000 0.000 0.000
ttt_random_weapon	208.401001 34.715000 7144.870117	0.000 0.000 0.000
ttt_random_weapon	-272.806000 -450.170990 6567.870117	0.000 0.000 0.000
ttt_random_weapon	-400.312988 -443.460999 6567.870117	0.000 0.000 0.000
ttt_random_weapon	-350.855988 -386.079010 6567.870117	0.000 0.000 0.000
ttt_random_weapon	-350.838013 -214.417999 6567.870117	0.000 0.000 0.000
ttt_random_weapon	-230.612000 -248.365997 6567.870117	0.000 0.000 0.000
ttt_random_weapon	-312.955994 -86.670601 6567.870117	0.000 0.000 0.000
ttt_random_weapon	168.188004 548.794983 6200.169922	0.000 0.000 0.000
ttt_random_weapon	498.808014 78.171501 6200.169922	0.000 0.000 0.000
ttt_random_weapon	256.546997 -461.436005 6200.169922	0.000 0.000 0.000
ttt_random_weapon	-320.598999 -471.433014 6200.169922	0.000 0.000 0.000
ttt_random_weapon	-615.379028 55.407501 6200.169922	0.000 0.000 0.000
ttt_random_weapon	-239.669006 518.520020 6200.169922	0.000 0.000 0.000
ttt_random_weapon	-50.140499 354.938995 6200.169922	0.000 0.000 0.000
ttt_random_weapon	49.819801 202.679001 6200.169922	0.000 0.000 0.000
ttt_random_weapon	655.648010 -142.776993 5801.370117	0.000 0.000 0.000
ttt_random_weapon	-61.549099 -728.570007 5801.370117	0.000 0.000 0.000
ttt_random_weapon	-793.202026 -86.622902 5801.370117	0.000 0.000 0.000
ttt_random_weapon	-549.895020 485.519989 5801.370117	0.000 0.000 0.000
ttt_random_weapon	-381.286987 35.272999 5801.370117	0.000 0.000 0.000
ttt_random_weapon	13.132600 -295.153992 5801.370117	0.000 0.000 0.000
ttt_random_weapon	243.324005 -9.946320 5801.370117	0.000 0.000 0.000
ttt_random_weapon	46.790001 277.997986 5801.370117	0.000 0.000 0.000
ttt_random_weapon	-149.979996 256.971008 5801.370117	0.000 0.000 0.000
ttt_random_weapon	-110.037003 320.445007 5801.370117	0.000 0.000 0.000
ttt_random_weapon	-232.524002 262.127014 6200.169922	0.000 0.000 0.000
ttt_random_weapon	-356.696014 477.979004 6789.370117	0.000 0.000 0.000
ttt_random_weapon	-542.812988 -316.809998 6789.370117	0.000 0.000 0.000
ttt_random_weapon	-150.154007 -237.091003 6789.370117	0.000 0.000 0.000
ttt_random_weapon	486.500000 -73.094101 6789.370117	0.000 0.000 0.000
ttt_random_weapon	245.768005 466.744995 6789.370117	0.000 0.000 0.000
ttt_random_weapon	462.950989 238.712997 6965.870117	0.000 0.000 0.000
ttt_random_weapon	163.037994 -212.212006 6965.870117	0.000 0.000 0.000
ttt_random_weapon	-388.571014 -79.393997 6965.870117	0.000 0.000 0.000
ttt_random_weapon	-84.316200 -284.601013 7144.870117	0.000 0.000 0.000
ttt_random_weapon	-16.627501 19.833401 7837.069824	0.000 0.000 0.000
ttt_random_weapon	-20.272100 14.516800 8045.069824	0.000 0.000 0.000
ttt_random_weapon	-25.097500 4.590450 8247.070313	0.000 0.000 0.000
ttt_random_weapon	-24.470600 -13.443600 8466.070313	0.000 0.000 0.000
ttt_random_weapon	-5.732450 -16.371401 8682.070313	0.000 0.000 0.000
ttt_random_weapon	-29.635099 56.909199 8682.070313	0.000 0.000 0.000
ttt_random_weapon	-68.203400 -59.996899 8682.070313	0.000 0.000 0.000
ttt_random_weapon	-140.716995 -95.162102 5250.370117	0.000 0.000 0.000
ttt_random_weapon	-150.951996 155.570999 5250.680176	0.000 0.000 0.000
ttt_random_weapon	29.739500 152.947998 5250.680176	0.000 0.000 0.000
ttt_random_weapon	-1649.630005 585.434021 2723.370117	0.000 0.000 0.000
ttt_random_weapon	112.116997 -63.352299 98.372597	0.000 0.000 0.000
ttt_random_weapon	107.695999 -119.008003 98.372597	0.000 0.000 0.000
ttt_random_weapon	117.663002 -180.559006 98.372597	0.000 0.000 0.000
ttt_random_weapon	125.689003 -167.658005 6200.169922	0.000 0.000 0.000
ttt_random_weapon	218.988007 -135.626007 6789.370117	0.000 0.000 0.000
ttt_random_weapon	-312.182007 91.963600 6789.370117	0.000 0.000 0.000
ttt_random_weapon	-305.279999 -95.344002 6789.370117	0.000 0.000 0.000
ttt_random_weapon	-168.617004 199.270996 6567.870117	0.000 0.000 0.000
ttt_random_weapon	-158.360992 264.962006 6567.870117	0.000 0.000 0.000
ttt_random_weapon	-531.168030 141.557999 6689.370117	0.000 0.000 0.000
ttt_random_weapon	-342.059998 -521.315002 6632.669922	0.000 0.000 0.000
ttt_random_weapon	-138.453003 -329.442993 6633.669922	0.000 0.000 0.000
ttt_random_weapon	190.350006 1638.569946 98.373497	0.000 0.000 0.000
ttt_random_weapon	33.234798 1651.050049 98.373497	0.000 0.000 0.000
ttt_random_weapon	473.747986 1636.369995 98.373497	0.000 0.000 0.000
ttt_random_weapon	592.515991 1636.530029 98.373497	0.000 0.000 0.000
ttt_random_weapon	866.528992 1637.359985 98.373497	0.000 0.000 0.000
ttt_random_weapon	-224.059998 1637.660034 98.373497	0.000 0.000 0.000
ttt_random_weapon	-322.117004 1638.670044 98.373497	0.000 0.000 0.000
ttt_random_weapon	-635.841003 1642.239990 98.373497	0.000 0.000 0.000
ttt_random_weapon	-826.534973 1642.989990 98.373497	0.000 0.000 0.000
ttt_random_weapon	-1109.650024 1634.640015 98.373497	0.000 0.000 0.000
ttt_random_weapon	-1219.410034 1626.579956 98.373497	0.000 0.000 0.000
ttt_random_weapon	-1510.890015 1623.390015 98.373497	0.000 0.000 0.000
ttt_random_weapon	-1508.119995 561.507019 98.373497	0.000 0.000 0.000
ttt_random_weapon	-735.675415 100.094040 7136.714844	1.706 4.699 -92.985
ttt_random_weapon	-732.101196 147.357056 7136.725586	1.584 4.090 -93.263
ttt_random_weapon	-722.636230 206.553574 7136.698730	1.888 7.109 -92.568
ttt_random_weapon	-701.018494 257.391815 7136.727539	1.566 4.681 -93.305
ttt_random_weapon	-735.330811 57.280617 7136.730957	1.524 4.676 -93.401
ttt_random_weapon	-476.625183 531.796570 7136.697754	1.903 4.715 -92.534
ttt_random_weapon	-441.628693 562.684692 7136.714355	1.712 4.700 -92.972
ttt_random_weapon	-410.554596 578.929565 7136.724121	1.604 4.686 -93.218
ttt_random_weapon	210.765152 205.377426 7136.738281	1.362 3.569 -94.412
ttt_random_weapon	171.574203 234.501297 7176.599121	1.673 4.764 -93.059
ttt_random_weapon	273.664429 225.111023 7200.479004	1.861 4.777 -92.629
ttt_random_weapon	-590.029358 204.650787 7536.901855	1.862 4.712 -92.628
ttt_random_weapon	-565.901672 248.004242 7536.909180	1.781 4.705 -92.814
ttt_random_weapon	-524.816467 318.942108 7536.932617	1.516 4.674 -93.420
ttt_random_weapon	-418.626282 427.990265 7536.921387	1.644 4.691 -93.126
ttt_random_weapon	-361.404938 462.037476 7536.908203	1.794 4.706 -92.782
ttt_random_weapon	471.721863 -73.483795 7536.901855	1.862 4.712 -92.628
ttt_random_weapon	456.689545 -140.851410 7536.898926	1.895 4.713 -92.552
ttt_random_weapon	438.755463 -179.229126 7536.913574	1.730 4.700 -92.931
ttt_random_weapon	417.247314 -226.629257 7536.906738	1.809 4.708 -92.750
ttt_random_weapon	-428.813354 -423.925262 7536.903320	1.846 4.710 -92.664
ttt_random_weapon	-483.758484 -351.631042 7536.912598	1.742 4.702 -92.903
ttt_random_weapon	-549.841003 -295.513733 7536.835449	2.239 4.154 -92.889
ttt_random_weapon	289.525879 -566.485535 6957.704102	1.830 4.710 -92.700
ttt_random_weapon	244.912552 -590.677124 6957.723145	1.613 4.688 -93.198
ttt_random_weapon	207.686508 -606.346924 6957.711426	1.748 4.703 -92.889
ttt_random_weapon	85.743835 -630.898743 6957.705078	1.815 4.709 -92.734
ttt_random_weapon	36.929871 -644.767029 6957.709961	1.249 4.145 -93.801
ttt_random_weapon	23.804087 -647.709656 6959.880371	-0.047 3.488 -92.843
ttt_random_weapon	-97.861214 -652.657593 6957.707031	1.794 4.707 -92.783
ttt_random_weapon	-135.612137 -648.439270 6957.708984	1.773 4.706 -92.830
ttt_random_weapon	-176.838501 -655.827759 6957.721680	1.630 4.691 -93.158
ttt_random_weapon	-455.649750 -517.836304 6957.711426	1.748 4.703 -92.889
ttt_random_weapon	-502.174438 -492.241364 6957.706055	1.806 3.389 -92.756
ttt_random_weapon	-507.750519 -483.233307 6957.732422	1.512 4.468 -93.429
ttt_random_weapon	-693.594421 -218.707321 6957.709473	1.767 4.705 -92.845
ttt_random_weapon	-712.966797 -181.444763 6957.704590	1.823 4.710 -92.717
ttt_random_weapon	-720.750549 -140.723816 6957.726074	1.581 4.684 -93.272
ttt_random_weapon	-23.622816 684.194336 6957.729004	1.549 4.679 -93.344
ttt_random_weapon	32.387264 684.014526 6957.723145	1.617 4.689 -93.189
ttt_random_weapon	72.311401 671.329834 6957.740234	1.420 4.658 -93.640
ttt_random_weapon	359.498474 533.348877 6957.702637	1.846 4.711 -92.665
ttt_random_weapon	406.648529 495.518463 6957.714844	1.706 4.699 -92.985
ttt_random_weapon	425.734558 472.576813 6957.706543	1.801 4.708 -92.767
ttt_random_weapon	344.558533 553.501709 6957.697754	1.903 4.715 -92.534
ttt_random_weapon	587.027588 -130.977219 6957.702637	1.846 4.711 -92.665
ttt_random_weapon	589.175903 -171.734619 6957.725586	1.588 4.685 -93.254
ttt_random_weapon	581.657532 -184.830139 6957.696777	1.911 4.716 -92.514
ttt_random_weapon	533.904602 -297.369598 6957.698242	1.894 4.714 -92.553
ttt_random_weapon	532.993896 -318.577087 6957.694336	1.938 4.716 -92.452
ttt_random_weapon	515.519653 -355.780060 6957.737793	1.451 4.664 -93.569
ttt_random_weapon	439.067200 -429.904449 6957.694336	1.938 4.716 -92.452
ttt_random_weapon	412.218323 -464.717743 6957.708496	1.780 4.706 -92.815
ttt_random_weapon	382.494293 -487.412537 6957.706055	1.808 4.709 -92.751
ttt_random_weapon	-216.427658 -365.751160 7022.184082	1.808 4.774 -92.751
ttt_random_weapon	-254.225739 -313.224243 7022.196289	1.023 -1.078 -93.810
ttt_random_weapon	-223.981384 -347.691101 7022.186523	1.780 4.772 -92.815
ttt_random_weapon	-252.254608 361.491669 7136.739258	1.432 4.661 -93.611
ttt_random_weapon	-339.799408 323.740417 7136.691895	1.967 4.716 -92.388
ttt_random_weapon	-382.173645 267.945160 7136.713867	1.717 4.700 -92.958
ttt_random_weapon	-430.876221 206.689072 7136.724121	1.604 4.686 -93.218
ttt_random_weapon	-453.575104 128.261017 7136.691895	1.967 4.716 -92.387
ttt_random_weapon	-241.839752 -357.665253 7136.702637	1.846 4.711 -92.665
ttt_random_weapon	-328.006195 -322.607086 7136.695801	1.920 4.715 -92.493
ttt_random_weapon	-380.323608 -263.652252 7136.720703	1.639 4.691 -93.137
ttt_random_weapon	-403.120331 -223.758286 7136.711914	1.741 4.703 -92.903
ttt_random_weapon	-422.360168 -154.583435 7136.726563	1.573 4.683 -93.289
ttt_random_weapon	302.253845 -149.193909 7136.695313	1.929 4.716 -92.473
ttt_random_weapon	278.352234 -195.413086 7136.698242	1.894 4.714 -92.553
ttt_random_weapon	262.503174 -231.139236 7136.720703	1.644 4.691 -93.127
ttt_random_weapon	240.614487 -256.250275 7136.706055	1.808 4.708 -92.750
ttt_random_weapon	124.576332 -360.241669 7136.704102	1.830 4.710 -92.700
ttt_random_weapon	65.692787 -387.466522 7136.704102	1.830 4.710 -92.700
ttt_random_weapon	618.374451 -75.228134 7136.719727	1.653 4.301 -93.107
ttt_random_weapon	612.558167 -123.653519 7136.690918	1.976 4.717 -92.365
ttt_random_weapon	603.916565 -144.450363 7136.706543	1.801 4.708 -92.767
ttt_random_weapon	436.247620 -465.318665 7136.713867	1.717 4.700 -92.958
ttt_random_weapon	451.774323 -423.608215 7136.709473	1.767 4.705 -92.845
ttt_random_weapon	478.370880 -384.558563 7136.668457	2.063 4.867 -91.976
ttt_random_weapon	326.759308 -542.352905 7136.699219	1.886 4.714 -92.572
ttt_random_weapon	303.609802 -576.115784 7136.695801	1.920 4.715 -92.493
ttt_random_weapon	281.488892 -594.519409 7136.696777	1.912 4.716 -92.514
ttt_random_weapon	168.002945 -647.953064 7136.729492	1.543 4.679 -93.359
ttt_random_weapon	104.062149 -649.729248 7136.705078	1.523 0.416 -93.065
ttt_random_weapon	91.014374 -653.486389 7137.577148	-1.157 0.901 -59.402
ttt_random_weapon	218.098663 -614.571716 6781.228516	1.549 4.682 -93.345
ttt_random_weapon	177.921555 -638.341614 6781.193359	1.946 4.719 -92.434
ttt_random_weapon	123.749748 -649.170166 6781.227539	1.562 4.684 -93.314
ttt_random_weapon	-201.478912 -654.473389 6781.218262	1.668 4.697 -93.072
ttt_random_weapon	-247.652649 -639.646362 6781.223145	1.608 4.690 -93.209
ttt_random_weapon	-292.018524 -625.867065 6781.201660	1.852 4.714 -92.650
ttt_random_weapon	-529.407776 -471.335205 6781.196777	1.910 4.718 -92.517
ttt_random_weapon	-567.950562 -431.773468 6781.226074	1.576 4.686 -93.281
ttt_random_weapon	-604.173828 -410.943817 6781.201172	1.860 4.715 -92.631
ttt_random_weapon	-710.190674 -127.760330 6781.218750	1.663 4.697 -93.084
ttt_random_weapon	-726.383423 -77.736572 6781.237305	1.450 4.666 -93.570
ttt_random_weapon	-736.211975 -64.447304 6781.194824	1.928 4.718 -92.476
ttt_random_weapon	-671.386719 271.718170 6781.196777	1.910 4.718 -92.517
ttt_random_weapon	-662.511841 307.058685 6781.223145	1.612 4.691 -93.200
ttt_random_weapon	-629.391052 362.412781 6781.235840	1.467 4.670 -93.530
ttt_random_weapon	-398.973297 578.141235 6781.208984	1.773 4.708 -92.832
ttt_random_weapon	-400.420288 591.011475 6781.205566	1.807 4.711 -92.753
ttt_random_weapon	-353.371948 615.368164 6781.206543	1.800 4.710 -92.769
ttt_random_weapon	68.428917 656.874695 6781.345215	1.806 2.895 -86.267
ttt_random_weapon	114.984657 656.299500 6781.748535	1.348 -2.718 -94.137
ttt_random_weapon	167.438766 631.270081 6781.208984	1.773 4.708 -92.832
ttt_random_weapon	416.242676 467.054230 6781.199707	1.876 4.716 -92.594
ttt_random_weapon	463.935852 433.965851 6781.207031	1.793 4.709 -92.785
ttt_random_weapon	476.929840 399.357239 6781.198730	1.885 4.716 -92.575
ttt_random_weapon	601.188293 -48.037170 6781.217773	1.673 4.697 -93.061
ttt_random_weapon	597.477478 -97.053268 6781.208008	1.779 4.709 -92.817
ttt_random_weapon	595.465027 -129.039276 6781.196777	1.910 4.718 -92.517
ttt_random_weapon	476.411774 -392.432556 6781.195801	1.919 4.717 -92.496
ttt_random_weapon	456.775208 -436.753021 6781.209961	1.402 2.708 -93.391
ttt_random_weapon	445.982635 -446.523315 6781.163086	2.195 -2.339 -92.215
ttt_random_weapon	-222.417160 140.303329 6781.222656	1.616 4.691 -93.190
ttt_random_weapon	-256.245758 95.318398 6781.219238	1.653 4.696 -93.106
ttt_random_weapon	-271.119293 68.092567 6781.217285	1.678 4.699 -93.049
ttt_random_weapon	-167.639893 179.251923 6781.198242	1.893 4.717 -92.556
ttt_random_weapon	-110.670792 185.031006 6781.234863	1.479 3.596 -93.503
ttt_random_weapon	-60.974491 189.045822 6781.194336	1.937 4.719 -92.455
ttt_random_weapon	16.118826 177.417130 6781.229980	1.533 4.720 -93.380
ttt_random_weapon	561.155273 -81.821976 90.213211	1.726 4.926 -92.938
ttt_random_weapon	599.020264 -125.128372 90.210472	1.757 4.927 -92.867
ttt_random_weapon	610.499817 -141.343628 90.211037	1.751 4.927 -92.882
ttt_random_weapon	708.931396 -184.414749 90.219437	1.656 4.923 -93.099
ttt_random_weapon	754.319092 -161.102463 90.215752	1.698 4.925 -93.004
ttt_random_weapon	693.428101 -208.383423 90.226486	1.478 2.039 -93.822
ttt_random_weapon	750.873718 -110.844856 90.194778	1.934 4.924 -92.462
ttt_random_weapon	721.569946 -39.524845 90.210472	1.757 4.927 -92.867
ttt_random_weapon	734.244202 -74.619255 90.209312	1.770 4.927 -92.837
ttt_random_weapon	706.849609 0.091343 90.226913	1.571 4.917 -93.293
ttt_random_weapon	615.195129 76.394424 90.203644	1.834 4.930 -92.691
ttt_random_weapon	589.171509 44.540096 90.215263	1.703 4.926 -92.991
ttt_random_weapon	557.116882 27.654692 90.234421	1.486 4.910 -93.487
ttt_random_weapon	938.112061 820.405579 90.230949	1.526 4.913 -93.397
ttt_random_weapon	964.628601 766.906128 90.206886	1.798 4.929 -92.775
ttt_random_weapon	939.553162 703.422180 90.218109	1.671 4.924 -93.065
ttt_random_weapon	954.441528 650.671509 90.197914	1.899 4.927 -92.543
ttt_random_weapon	968.624084 556.888489 90.219872	1.651 4.923 -93.110
ttt_random_weapon	955.677002 598.364441 90.210472	1.757 4.927 -92.867
ttt_random_weapon	964.645142 538.204163 90.211594	1.745 4.927 -92.896
ttt_random_weapon	958.982605 483.139343 90.227234	1.568 4.917 -93.301
ttt_random_weapon	961.519958 462.777618 90.216721	1.687 4.924 -93.029
ttt_random_weapon	960.779114 1624.386475 90.223457	1.611 4.920 -93.203
ttt_random_weapon	974.454651 1548.938843 90.223457	1.611 4.920 -93.203
ttt_random_weapon	984.918152 1498.160034 90.242195	1.398 4.901 -93.689
ttt_random_weapon	-344.565155 300.863312 90.203072	1.812 5.715 -92.855
ttt_random_weapon	-343.877594 252.900253 90.231232	1.512 5.725 -93.472
ttt_random_weapon	-346.602631 211.204956 90.213280	1.703 5.717 -93.078
ttt_random_weapon	-238.586487 303.657349 90.172104	2.139 5.698 -92.191
ttt_random_weapon	-240.646255 232.204453 90.214317	1.692 5.719 -93.101
ttt_random_weapon	-241.012268 191.278732 90.214317	1.692 5.719 -93.101
ttt_random_weapon	137.303696 322.472870 90.231483	1.509 5.724 -93.477
ttt_random_weapon	200.452988 325.456207 90.215324	1.682 5.718 -93.123
ttt_random_weapon	254.009964 315.660492 90.189842	1.953 5.706 -92.566
ttt_random_weapon	207.244247 352.558289 5212.224609	1.583 5.721 -93.326
ttt_random_weapon	246.257233 346.397614 5212.185547	2.002 5.703 -92.465
ttt_random_weapon	282.185120 302.061859 5212.156250	2.309 5.660 -91.833
ttt_random_weapon	275.802155 270.461823 5212.233398	1.491 5.725 -93.514
ttt_random_weapon	-363.303162 -189.683044 5212.192383	1.926 5.709 -92.622
ttt_random_weapon	-381.102478 -150.763550 5212.187500	1.982 5.707 -92.506
ttt_random_weapon	-388.180695 -112.158134 5212.192383	1.926 5.709 -92.622
ttt_random_weapon	333.592499 -159.778198 5449.182129	2.033 5.705 -92.402
ttt_random_weapon	357.951172 -95.313377 5449.207031	1.771 5.715 -92.940
ttt_random_weapon	374.964478 -50.121609 5449.208008	1.783 4.733 -92.807
ttt_random_weapon	-268.064514 359.915344 5449.157715	2.294 5.679 -91.863
ttt_random_weapon	-239.906326 390.527649 5449.186035	1.992 5.709 -92.486
ttt_random_weapon	-213.623978 414.014679 5449.168945	2.172 5.688 -92.115
ttt_random_weapon	136.217926 397.090546 5449.229980	1.526 5.724 -93.443
ttt_random_weapon	198.490524 356.642242 5449.189941	1.953 5.706 -92.565
ttt_random_weapon	263.083008 300.447418 5449.201660	1.827 5.712 -92.824
ttt_random_weapon	288.521179 255.938202 5449.186035	1.992 5.709 -92.486
ttt_random_weapon	329.093018 171.007568 5449.190430	1.944 5.711 -92.585
ttt_random_weapon	238.906509 -288.955078 5449.162598	2.238 5.677 -91.980
ttt_random_weapon	222.694641 -326.927094 5449.167969	2.185 5.689 -92.089
ttt_random_weapon	171.728043 -367.860687 5449.187988	1.972 5.707 -92.526
ttt_random_weapon	139.854782 -386.215118 5449.206055	1.777 5.716 -92.926
ttt_random_weapon	-263.044922 -375.719513 5449.154785	2.324 5.661 -91.803
ttt_random_weapon	-323.139099 -346.648651 5449.203613	1.805 5.714 -92.869
ttt_random_weapon	-367.240387 -286.697357 5449.202148	1.820 5.715 -92.840
ttt_random_weapon	-415.588043 -230.435257 5449.187012	1.982 5.707 -92.506
ttt_random_weapon	-353.566467 -574.643127 5793.210938	1.747 4.705 -92.891
ttt_random_weapon	-214.156708 -642.204346 5793.211914	1.737 4.323 -92.914
ttt_random_weapon	-22.617493 -648.477234 5793.234375	1.483 4.673 -93.496
ttt_random_weapon	187.307434 -596.493530 5793.194824	1.928 4.718 -92.476
ttt_random_weapon	-677.642212 -119.911316 5793.194336	1.937 4.719 -92.455
ttt_random_weapon	-652.089600 -228.471695 5793.224609	1.592 4.688 -93.246
ttt_random_weapon	-630.379150 -317.579712 5793.221191	1.634 4.693 -93.150
ttt_random_weapon	-642.448975 238.740494 5793.188965	1.124 4.697 -93.320
ttt_random_weapon	-684.528870 117.438721 5793.208984	1.773 4.708 -92.832
ttt_random_weapon	-180.413132 639.593384 5793.233887	1.490 4.673 -93.480
ttt_random_weapon	-77.958496 643.966736 5793.218750	1.658 4.696 -93.095
ttt_random_weapon	19.331749 621.964844 5793.224609	1.592 4.688 -93.246
ttt_random_weapon	125.961250 595.754700 5793.220215	1.643 4.694 -93.128
ttt_random_weapon	590.611450 112.577988 5793.207031	1.793 4.709 -92.785
ttt_random_weapon	550.078247 258.915680 5793.197266	1.902 4.717 -92.536
ttt_random_weapon	493.101288 -325.026001 5793.200195	1.868 4.715 -92.613
ttt_random_weapon	536.538269 -217.586319 5793.204590	1.822 4.712 -92.719
ttt_random_weapon	578.791199 -256.077698 6192.037598	1.443 4.665 -93.586
ttt_random_weapon	623.908997 -121.559128 6192.011230	1.741 3.372 -92.904
ttt_random_weapon	-0.719851 -591.027527 6559.711426	1.745 4.926 -92.895
ttt_random_weapon	-8.127127 -494.248566 6559.705566	1.809 4.221 -92.748
ttt_random_weapon	18.472887 -326.738373 6559.689453	1.992 4.920 -92.330
ttt_random_weapon	43.646347 247.727448 6559.725586	1.583 4.917 -93.267
ttt_random_weapon	13.074616 341.511353 6559.706055	1.805 4.927 -92.758
ttt_random_weapon	15.949072 496.370209 6559.715332	1.698 4.924 -93.003
ttt_random_weapon	26.826897 578.717651 6559.721680	1.628 4.920 -93.163
ttt_random_weapon	524.828064 -174.040359 6559.731934	1.509 4.911 -93.435
ttt_random_weapon	492.463074 -303.375488 6559.736816	1.453 4.906 -93.563
ttt_random_weapon	341.872223 466.638824 6559.724121	1.602 4.918 -93.222
ttt_random_weapon	431.022919 398.132568 6559.733887	1.487 4.909 -93.487
ttt_random_weapon	167.899643 131.561829 7616.915039	1.712 4.699 -92.972
ttt_random_weapon	131.517334 177.855682 7616.923828	1.617 4.688 -93.189
ttt_random_weapon	88.390999 220.432632 7616.923828	1.617 4.688 -93.189
ttt_random_weapon	42.485100 234.497849 7616.939453	1.439 4.662 -93.596
ttt_random_weapon	113.747910 -164.636337 7616.918457	1.674 4.694 -93.059
ttt_random_weapon	-287.083069 -78.412376 7616.898438	1.903 4.715 -92.533
ttt_random_weapon	-259.614166 -145.265427 7616.911621	1.754 4.703 -92.874
ttt_random_weapon	-227.217880 -183.846619 7616.928223	1.563 4.681 -93.313
ttt_random_weapon	-287.924896 150.148911 7616.858887	2.346 7.653 -91.516
ttt_random_weapon	-216.730804 197.397079 7616.906738	1.808 4.708 -92.750
ttt_random_weapon	-190.950333 220.015182 7616.904785	1.830 4.710 -92.700
weapon_zm_shotgun	-387.789703 40.557774 5212.065430	-0.286 -8.944 -83.838
weapon_zm_shotgun	-401.384277 106.076027 5211.962402	-0.079 -8.954 -82.869
weapon_zm_shotgun	-397.229126 173.190399 5212.080566	-0.316 -8.942 -83.977
weapon_zm_shotgun	-387.703156 238.348083 5212.027344	-0.209 -8.948 -83.479
weapon_zm_shotgun	-341.160828 327.152283 5212.059570	-0.274 -8.944 -83.781
weapon_zm_shotgun	-272.494324 327.701385 5212.081543	-0.318 -8.942 -83.989
weapon_ttt_ak47	39.651714 693.050476 6191.729004	0.169 3.405 -88.687
weapon_ttt_ak47	128.698868 670.654907 6191.734375	0.138 5.029 -88.557
weapon_ttt_ak47	279.393768 588.961548 6191.748047	0.053 -34.620 -88.224
ttt_playerspawn	-405.179047 -243.857513 7540.276855	0.048 1.663 -0.047
ttt_playerspawn	-252.052658 -367.240082 7538.120605	0.059 0.739 -0.059
ttt_playerspawn	-65.748947 -407.752228 7537.678223	0.073 0.554 -0.073
ttt_playerspawn	149.603882 -344.288361 7537.924316	0.047 -0.370 -0.047
ttt_playerspawn	320.139465 -170.968582 7536.271484	0.046 -0.000 -0.046
ttt_playerspawn	341.739868 152.323685 7539.657227	0.065 -0.000 -0.065
ttt_playerspawn	116.493767 340.666077 7544.776855	-0.011 2.859 -0.037
ttt_playerspawn	-286.883087 365.666687 7541.932617	0.072 0.369 -0.072
ttt_playerspawn	-486.741180 164.300720 7542.210938	0.107 2.310 -0.107
ttt_playerspawn	-152.459213 312.706604 7140.910156	0.240 60.157 0.007
ttt_playerspawn	35.575607 301.301941 7139.156250	0.049 2.587 0.050
ttt_playerspawn	257.149353 -113.598610 7140.786621	-0.076 0.367 -0.077
ttt_playerspawn	-276.530914 -530.939453 7139.077637	-0.071 0.277 -0.071
ttt_playerspawn	46.905331 -270.332489 7138.365723	-0.064 0.046 -0.064
ttt_playerspawn	337.075684 -407.907410 7138.660645	-0.047 3.511 -0.048
ttt_playerspawn	23.557350 -573.803772 7142.095703	-0.063 -0.832 -0.063
ttt_playerspawn	187.458145 -496.527649 7139.055664	-0.067 0.185 -0.067
ttt_playerspawn	470.700195 192.072784 7139.198242	0.054 0.000 0.054
ttt_playerspawn	326.257721 398.460754 7139.771484	0.061 -0.092 0.061
ttt_playerspawn	110.457848 549.209045 7138.692383	0.045 11.365 0.046
ttt_playerspawn	219.328262 -122.382584 6958.383301	0.062 0.338 -0.062
ttt_playerspawn	228.695328 62.727409 6959.259766	0.048 -0.000 -0.048
ttt_playerspawn	154.738327 214.707031 6958.793945	0.026 -0.000 -0.024
ttt_playerspawn	-187.773453 251.386917 6958.939453	0.016 -0.092 -0.023
ttt_playerspawn	-324.439850 64.873024 6958.412598	0.050 0.832 -0.050
ttt_playerspawn	-237.317490 -185.538666 6958.799316	0.040 0.370 -0.041
ttt_playerspawn	4.214378 -262.107788 6957.702148	0.042 0.185 -0.042
ttt_playerspawn	5.575578 -307.990906 6784.984375	-0.052 1.386 0.052
ttt_playerspawn	-288.185608 -219.165451 6783.289063	-0.055 1.108 0.055
ttt_playerspawn	-379.618805 63.265865 6782.234863	0.062 0.092 -0.062
ttt_playerspawn	-213.273117 226.962158 6783.733887	0.051 -0.185 -0.051
ttt_playerspawn	74.044258 247.932190 6785.120605	0.029 0.554 -0.028
ttt_playerspawn	277.574951 26.260332 6783.543945	-0.038 1.392 0.039
ttt_playerspawn	-205.197189 478.514221 6559.019531	-0.078 -0.000 0.078
ttt_playerspawn	-350.363892 345.212067 6559.059570	0.039 0.000 0.039
ttt_playerspawn	166.578766 461.544281 6563.112793	-0.044 0.462 0.044
ttt_playerspawn	352.944702 272.284363 6564.545898	-0.074 -0.139 0.074
ttt_playerspawn	174.988831 -403.646820 6564.023926	-0.054 0.554 -0.054
ttt_playerspawn	117.326164 -235.977234 6562.228027	-0.063 0.554 -0.063
ttt_playerspawn	403.519196 -147.561127 6562.171875	-0.066 2.033 -0.066
ttt_playerspawn	314.968201 -252.559708 6560.976074	-0.069 0.323 -0.069
ttt_playerspawn	211.874557 -152.593079 91.053864	-0.007 -0.462 0.007
ttt_playerspawn	201.100739 -68.604942 92.542709	-0.007 0.462 0.007
ttt_playerspawn	428.896271 -124.134560 93.305229	-0.074 -0.000 0.074
ttt_playerspawn	844.718933 118.843880 93.436363	-0.047 -0.554 0.048
ttt_playerspawn	541.995605 298.130371 92.188004	-0.061 0.646 0.061
ttt_playerspawn	648.533081 925.857239 92.499046	-0.075 0.462 0.075
ttt_playerspawn	421.285217 1208.725342 94.227234	-0.070 0.185 0.070
ttt_playerspawn	-69.293030 1112.896851 94.263283	-0.057 0.092 0.057
ttt_playerspawn	29.079350 1341.360474 91.093674	-0.070 -0.277 0.070
ttt_playerspawn	-600.832031 1394.491455 90.790756	-0.048 0.277 0.048
ttt_playerspawn	-940.676758 1066.638550 90.849228	-0.061 -0.000 0.062
ttt_playerspawn	-1172.508423 1407.225708 91.117203	-0.068 -0.000 0.068
ttt_playerspawn	-1441.571045 784.855103 94.728973	-0.084 -1.063 0.084
ttt_playerspawn	-887.415466 526.784668 94.113152	-0.054 0.462 0.054
ttt_playerspawn	-621.959717 800.501404 89.544998	-0.054 -0.000 0.054
item_ammo_357_ttt	-726.761963 85.662193 6191.224609	0.995 -0.026 -0.622
item_ammo_357_ttt	-732.052185 131.087921 6191.214355	1.108 -0.031 -0.757
item_ammo_357_ttt	-714.154297 202.072296 6191.213867	1.117 -0.032 -0.769
item_ammo_357_ttt	-692.676758 267.560394 6191.229492	0.936 -0.023 -0.551
item_ammo_357_ttt	-653.576294 309.655273 6191.226563	0.972 -0.025 -0.595
item_ammo_357_ttt	-637.003479 395.673340 6191.221680	1.028 -0.027 -0.661
item_ammo_357_ttt	-299.612091 631.039673 6191.236816	0.855 -0.021 -0.453
item_ammo_357_ttt	-419.490540 572.565063 6191.212891	1.127 -0.034 -0.781
item_ammo_357_ttt	-138.250061 688.065186 6191.231934	0.910 -0.023 -0.519
item_ammo_357_ttt	-351.116455 614.500610 6191.201660	1.256 -0.045 -0.936
item_ammo_357_ttt	569.811401 287.365234 6191.237793	0.843 -0.021 -0.440
item_ammo_357_ttt	521.361511 356.967773 6191.227539	0.958 -0.024 -0.577
item_ammo_357_ttt	441.965454 448.114471 6191.232910	0.897 -0.022 -0.504
item_ammo_357_ttt	592.133972 195.790573 6191.224609	0.995 -0.026 -0.622
item_box_buckshot_ttt	-391.735443 319.889740 5211.491699	-0.579 -0.004 0.692
item_box_buckshot_ttt	-386.496063 278.944672 5211.468750	1.558 -0.024 -0.399
item_box_buckshot_ttt	-393.520355 213.349319 5211.498535	-0.397 -0.001 0.474
item_box_buckshot_ttt	-390.075439 143.940109 5211.469727	-1.029 -0.027 1.300
item_box_buckshot_ttt	-392.660156 87.085823 5211.419434	0.946 -0.009 0.135
item_box_buckshot_ttt	-349.001923 41.124802 5211.410645	0.704 -0.010 0.403
item_box_buckshot_ttt	-359.164856 91.997643 5211.440430	2.441 -0.019 -1.203
item_box_buckshot_ttt	-366.661133 128.986008 5211.465820	1.464 -0.049 -0.371
item_box_buckshot_ttt	-369.446106 167.206116 5211.417480	0.877 -0.009 0.204
item_box_buckshot_ttt	-343.654724 298.562866 5211.458496	-0.029 -0.015 0.705
item_box_buckshot_ttt	-316.819580 307.270874 5211.476074	-0.883 -0.020 1.115
item_box_buckshot_ttt	-288.126617 308.982513 5211.493652	-0.521 -0.003 0.623
item_box_buckshot_ttt	-270.497681 309.893524 5211.462402	0.853 -0.009 0.061
item_ammo_smg1_ttt	18.278339 648.404114 6191.201172	0.170 -0.005 0.102
item_ammo_smg1_ttt	55.654171 647.885803 6191.313965	-0.274 0.012 -0.236
item_ammo_smg1_ttt	103.577667 642.417175 6191.261719	-0.180 -0.025 -0.331
item_ammo_smg1_ttt	138.288239 647.982056 6191.335938	-0.245 -1.701 -0.062
item_ammo_smg1_ttt	152.986633 633.857605 6204.563965	0.095 -158.488 -179.804
item_ammo_smg1_ttt	234.120667 591.496033 6196.709473	-88.370 9.510 -6.451
weapon_zm_rifle	-594.464417 429.292114 6189.931641	3.585 13.238 65.062
weapon_zm_rifle	-726.066589 179.685287 6189.949707	3.190 12.087 64.872
weapon_zm_rifle	-643.142822 355.141754 6189.928223	3.593 13.241 65.040
weapon_zm_rifle	-200.195862 669.307495 6189.985840	3.460 13.204 65.374
weapon_zm_rifle	-383.640900 593.733582 6189.989746	3.451 13.205 65.396
ttt_random_ammo	-42.000000 -18.000000 5369.000000	0.000 90.000 0.000
ttt_random_ammo	-42.000000 5.000000 5369.000000	0.000 90.000 0.000
ttt_random_ammo	-59.000000 5.000000 5369.000000	0.000 90.000 0.000
ttt_random_ammo	-59.000000 -18.000000 5369.000000	0.000 90.000 0.000
ttt_random_ammo	-79.000000 4.000000 5369.000000	0.000 90.000 0.000
ttt_random_ammo	-79.000000 -19.000000 5369.000000	0.000 90.000 0.000
ttt_random_ammo	-97.000000 4.000000 5369.000000	0.000 90.000 0.000
ttt_random_ammo	-97.000000 -19.000000 5369.000000	0.000 90.000 0.000
ttt_random_ammo	-112.000000 -20.000000 5369.000000	0.000 90.000 0.000
ttt_random_ammo	-112.000000 3.000000 5369.000000	0.000 90.000 0.000
ttt_random_ammo	-618.563843 368.244141 7135.889160	-0.262 -0.003 0.174
ttt_random_ammo	-599.279602 425.158417 7135.887695	-0.262 -0.003 0.181
ttt_random_ammo	-555.519409 453.815918 7135.875488	-0.279 0.003 -0.217
ttt_random_ammo	-305.649323 659.235352 7135.930176	-1.054 0.003 -0.945
ttt_random_ammo	-254.228195 661.693420 7135.901855	-0.279 -0.003 0.098
ttt_random_ammo	-203.461151 676.303162 7135.855957	-0.318 -0.003 0.260
ttt_random_ammo	204.770523 296.866058 7199.688965	1.587 -0.039 -1.895
ttt_random_ammo	184.497589 277.565430 7199.661621	0.183 -0.001 -0.164
ttt_random_ammo	206.071182 262.684998 7199.641113	0.058 0.000 0.001
ttt_random_ammo	-601.169006 143.595123 7536.107910	0.391 0.003 -0.087
ttt_random_ammo	-585.303650 175.261444 7536.049805	0.323 0.003 0.264
ttt_random_ammo	321.052216 -370.688446 7536.096191	-0.264 0.003 -0.143
ttt_random_ammo	294.836182 -414.979340 7536.129395	-0.924 -0.001 0.783
ttt_random_ammo	258.125336 -432.540466 7536.060547	-0.310 0.003 -0.252
ttt_random_ammo	235.155106 -447.374603 7536.183594	-0.901 -0.019 0.986
ttt_random_ammo	343.734711 -352.481079 7536.066895	-0.297 0.003 -0.239
ttt_random_ammo	-590.400208 -179.222351 7536.145996	1.477 0.027 1.598
ttt_random_ammo	-624.775452 -95.859978 7536.069824	0.282 -0.003 -0.222
ttt_random_ammo	-601.461304 -130.809036 7536.049316	0.323 -0.003 -0.264
ttt_random_ammo	-297.692444 -623.462402 6956.875488	-0.279 -0.003 0.217
ttt_random_ammo	-346.245148 -606.989319 6956.971191	-1.400 0.026 -1.522
ttt_random_ammo	-383.653687 -583.789551 6956.857910	-0.314 -0.003 0.255
ttt_random_ammo	-614.644653 -387.086761 6956.896973	-0.266 -0.003 0.134
ttt_random_ammo	-619.522644 -356.213013 6956.976074	-1.233 0.023 -1.347
ttt_random_ammo	-660.330872 -329.918030 6956.866211	-0.297 -0.003 0.239
ttt_random_ammo	-606.451660 -421.165039 6956.913574	0.895 -0.001 -0.748
ttt_random_ammo	-644.079041 -321.069763 6956.864258	-0.301 -0.003 0.243
ttt_random_ammo	-742.046753 -19.421890 6956.919922	0.085 0.379 0.376
ttt_random_ammo	-744.395020 15.700985 6956.862305	-0.305 -0.003 0.247
ttt_random_ammo	-743.274719 38.064121 6956.958496	1.004 -0.020 -1.081
ttt_random_ammo	-750.055664 -40.982903 6956.934570	-1.323 0.008 -1.282
ttt_random_ammo	174.545456 640.759033 6956.842773	-0.348 -0.003 0.285
ttt_random_ammo	243.973633 613.578125 6956.854004	-0.323 -0.003 0.264
ttt_random_ammo	284.957062 576.380005 6956.870117	-0.289 -0.003 0.230
ttt_random_ammo	204.206238 627.076477 6956.928223	-0.939 0.001 -0.800
ttt_random_ammo	271.844879 606.396423 6956.871582	-0.285 -0.003 0.226
ttt_random_ammo	503.775848 351.516968 6956.936523	1.775 0.033 1.926
ttt_random_ammo	569.867371 279.094482 6956.904297	-0.294 0.003 -0.066
ttt_random_ammo	587.231812 240.505096 6956.894043	-0.263 0.003 -0.152
ttt_random_ammo	495.943146 381.452515 6956.881836	0.263 0.003 0.188
ttt_random_ammo	511.747009 377.981659 6956.908203	0.421 -0.003 0.130
ttt_random_ammo	533.194153 319.202637 6956.923340	-0.679 0.002 0.471
ttt_random_ammo	546.652832 284.731964 6956.885742	-0.264 0.003 -0.187
ttt_random_ammo	367.857452 -473.533569 6956.965332	-1.594 0.029 -1.727
ttt_random_ammo	390.153290 -438.710571 6956.889160	-0.261 -0.003 0.175
ttt_random_ammo	408.697357 -422.120941 6956.855957	-0.318 -0.003 0.260
ttt_random_ammo	467.049683 -367.322998 6956.971680	-1.475 0.027 -1.610
ttt_random_ammo	481.478027 -340.809570 6956.859863	-0.309 -0.003 0.251
ttt_random_ammo	489.950409 -309.128021 6956.854004	-0.323 -0.003 0.264
ttt_random_ammo	502.269958 -293.107819 6956.983887	-0.714 0.017 -0.779
ttt_random_ammo	556.422974 -133.153244 6956.964844	-1.618 0.029 -1.753
ttt_random_ammo	554.338440 -159.128494 6956.890625	-0.261 -0.003 0.168
ttt_random_ammo	547.185791 -176.536865 6956.892578	-0.261 -0.003 0.161
ttt_random_ammo	-190.481049 -323.102753 6997.479004	0.671 0.006 0.764
ttt_random_ammo	-181.921219 -317.285919 6997.448730	0.064 0.000 0.011
ttt_random_ammo	-199.559235 -331.154602 6997.434570	0.048 0.000 -0.016
ttt_random_ammo	-265.967041 -348.330292 7061.626953	1.426 0.024 1.683
ttt_random_ammo	-262.090454 -337.444580 7061.602539	0.089 0.000 0.044
ttt_random_ammo	-277.111816 -351.873383 7061.599121	0.075 0.000 0.026
ttt_random_ammo	-444.305847 147.490417 7135.865723	-0.297 0.003 -0.239
ttt_random_ammo	-433.611115 171.226242 7135.910645	-0.353 0.003 0.029
ttt_random_ammo	-427.678009 185.266296 7135.919922	-0.555 0.002 0.309
ttt_random_ammo	-410.068054 227.653198 7135.847168	-0.337 0.003 -0.277
ttt_random_ammo	-399.914856 245.485153 7135.885742	-0.264 0.003 -0.187
ttt_random_ammo	-395.288788 253.710968 7135.926758	-0.836 0.000 0.671
ttt_random_ammo	-363.306061 297.755615 7135.907715	-0.317 0.003 -0.026
ttt_random_ammo	-342.987976 303.443176 7135.842285	-0.348 0.003 -0.285
ttt_random_ammo	-373.010468 281.822876 7135.861816	-0.305 0.003 -0.247
ttt_random_ammo	-300.638092 341.529114 7135.847168	-0.337 0.003 -0.277
ttt_random_ammo	-276.267975 350.872498 7135.894043	-0.262 0.003 -0.152
ttt_random_ammo	-324.629456 346.333923 7135.962891	0.798 -0.018 -1.613
ttt_random_ammo	-202.369263 388.014618 7135.896973	-0.265 0.003 -0.134
ttt_random_ammo	-211.559891 401.871552 7135.983398	-0.697 -0.017 0.756
ttt_random_ammo	-219.783585 360.257782 7135.880859	-0.270 0.003 -0.203
ttt_random_ammo	-183.298676 -395.185699 7135.894531	0.267 0.003 0.126
ttt_random_ammo	-272.571350 -362.079773 7135.861328	0.297 0.003 0.239
ttt_random_ammo	-339.812744 -306.280914 7135.881836	0.264 0.003 0.187
ttt_random_ammo	-365.164734 -279.152466 7135.863281	0.293 0.003 0.235
ttt_random_ammo	-393.553040 -241.718964 7135.891602	0.263 0.003 0.145
ttt_random_ammo	-418.953949 -205.501328 7135.871094	0.278 0.003 0.217
ttt_random_ammo	-454.233063 -143.833145 7135.903809	0.326 0.003 0.008
ttt_random_ammo	-441.125916 -178.981125 7135.912598	0.649 0.002 -0.434
ttt_random_ammo	139.100204 -322.373657 7135.910645	-0.350 -0.003 -0.027
ttt_random_ammo	105.423569 -340.172485 7135.857422	0.305 0.003 0.247
ttt_random_ammo	90.405327 -351.266663 7135.897461	0.276 0.003 0.101
ttt_random_ammo	232.773941 -275.399261 7135.878906	-0.273 -0.003 0.208
ttt_random_ammo	262.960999 -256.554901 7135.867188	0.285 0.003 0.226
ttt_random_ammo	286.823914 -232.616852 7135.882324	-0.268 -0.003 0.198
ttt_random_ammo	300.571747 -197.118073 7135.895508	-0.263 -0.003 0.144
ttt_random_ammo	338.550354 -138.847641 7135.892578	-0.261 -0.003 0.161
ttt_random_ammo	584.545227 -99.095711 7135.859375	0.301 0.003 0.243
ttt_random_ammo	565.516663 -157.646133 7135.859863	-0.309 -0.003 0.251
ttt_random_ammo	554.303894 -184.914764 7135.882324	-0.268 -0.003 0.198
ttt_random_ammo	484.491425 -347.207611 7135.866211	-0.297 -0.003 0.239
ttt_random_ammo	458.391632 -368.833313 7135.871582	-0.285 -0.003 0.226
ttt_random_ammo	439.365204 -412.976135 7135.915039	-0.425 -0.003 -0.135
ttt_random_ammo	406.112244 -468.392090 7135.915039	-0.425 -0.003 -0.135
ttt_random_ammo	272.524902 -557.183472 7135.973633	-1.219 0.023 -1.324
ttt_random_ammo	297.847229 -518.517212 7135.892578	-0.261 -0.003 0.160
ttt_random_ammo	303.946777 -506.688690 7135.853027	0.314 0.003 0.256
ttt_random_ammo	99.959953 -630.620544 7135.885254	0.261 0.003 0.175
ttt_random_ammo	139.455612 -611.726318 7135.888184	0.260 0.003 0.161
ttt_random_ammo	174.739044 -605.917725 7135.834961	0.353 0.003 0.289
ttt_random_ammo	-2.776762 -680.304138 6780.344727	-0.341 -0.003 0.280
ttt_random_ammo	-43.506248 -689.074890 6780.378418	-0.272 -0.003 0.207
ttt_random_ammo	-72.810074 -680.134216 6780.398438	-0.268 -0.003 0.122
ttt_random_ammo	-389.494629 -592.342102 6780.376953	-0.275 -0.003 0.212
ttt_random_ammo	-438.061340 -561.330872 6780.466797	-1.603 0.029 -1.744
ttt_random_ammo	-464.234528 -542.066040 6780.344727	-0.341 -0.003 0.280
ttt_random_ammo	-650.708191 -344.262787 6780.474609	-1.147 0.022 -1.247
ttt_random_ammo	-676.627441 -286.865875 6780.359863	-0.308 -0.003 0.250
ttt_random_ammo	-693.888611 -233.376434 6780.375000	-0.278 -0.003 0.216
ttt_random_ammo	-749.924194 67.775284 6780.468750	-1.484 0.027 -1.612
ttt_random_ammo	-735.480225 121.441025 6780.392090	-0.260 -0.003 0.159
ttt_random_ammo	-724.709534 150.556915 6780.363770	-0.300 -0.003 0.242
ttt_random_ammo	-545.557739 458.325287 6780.357422	-0.312 -0.003 0.254
ttt_random_ammo	-532.241211 493.178741 6780.399902	-0.272 -0.003 0.111
ttt_random_ammo	-514.129028 515.864136 6780.466797	-1.826 0.033 -1.997
ttt_random_ammo	-267.127045 652.468872 6780.361816	-0.304 -0.003 0.246
ttt_random_ammo	-228.155899 679.696289 6780.369629	-0.288 -0.003 0.229
ttt_random_ammo	-178.594772 680.896057 6780.369629	-0.288 -0.003 0.229
ttt_random_ammo	305.912567 559.222168 6780.361816	-0.304 -0.003 0.246
ttt_random_ammo	339.345490 553.527100 6780.371582	-0.284 -0.003 0.225
ttt_random_ammo	361.281708 524.589905 6780.360840	0.296 0.003 0.238
ttt_random_ammo	613.428223 206.735794 6780.355469	-0.317 -0.003 0.259
ttt_random_ammo	603.569031 179.149078 6780.342285	-0.346 -0.003 0.284
ttt_random_ammo	612.777527 120.227097 6780.376953	-0.275 -0.003 0.212
ttt_random_ammo	587.450806 246.410843 6780.365723	-0.296 -0.003 0.238
ttt_random_ammo	584.121277 -245.307358 6780.390625	-0.260 -0.003 0.167
ttt_random_ammo	557.817261 -296.160645 6780.463379	0.570 0.468 0.459
ttt_random_ammo	551.957153 -296.522949 6780.485352	-0.595 -0.540 -0.724
ttt_random_ammo	378.224396 -540.931763 6780.385742	-0.263 -0.003 0.186
ttt_random_ammo	319.420746 -556.978699 6780.383789	-0.265 -0.003 0.192
ttt_random_ammo	296.623932 -583.687073 6780.477051	-1.070 0.021 -1.166
ttt_random_ammo	-0.195713 209.816422 6780.349121	-0.331 -0.003 0.271
ttt_random_ammo	-41.717216 208.623688 6780.425781	-0.817 -0.000 -0.649
ttt_random_ammo	-82.636642 207.832748 6780.390625	-0.260 -0.003 0.167
ttt_random_ammo	-125.702118 201.205124 6780.422363	-0.657 -0.002 -0.445
ttt_random_ammo	-150.092834 200.183380 6780.468750	-1.718 0.029 -1.879
ttt_random_ammo	553.688843 -116.156860 89.351593	-0.329 -0.003 0.269
ttt_random_ammo	566.937988 -141.711624 89.398483	-0.274 0.003 -0.118
ttt_random_ammo	580.840942 -152.006271 89.416489	-0.487 -0.003 -0.214
ttt_random_ammo	733.079895 -205.380646 89.351372	-0.329 0.003 -0.269
ttt_random_ammo	749.112549 -192.138077 89.375427	-0.280 -0.003 0.217
ttt_random_ammo	734.738403 -230.769363 89.365814	-0.298 0.003 -0.239
ttt_random_ammo	791.197937 -80.659302 89.400093	-0.279 -0.003 0.106
ttt_random_ammo	768.264526 -49.342060 89.464882	-1.408 -0.026 1.507
ttt_random_ammo	751.027222 -27.936838 89.465927	-1.373 0.025 -1.474
ttt_random_ammo	741.855835 -10.826843 89.403030	-0.294 0.003 -0.075
ttt_random_ammo	638.537842 46.609135 89.375420	-0.280 -0.003 0.217
ttt_random_ammo	648.533752 68.460503 89.385864	-0.266 -0.003 0.186
ttt_random_ammo	581.338135 11.041755 89.392372	-0.265 -0.003 0.158
ttt_random_ammo	562.006409 65.966362 89.382484	-0.270 -0.003 0.198
ttt_random_ammo	913.443115 493.068817 89.404556	-0.301 -0.003 0.059
ttt_random_ammo	929.017273 553.625183 89.393822	-0.266 0.003 -0.150
ttt_random_ammo	912.128418 606.520264 89.390778	-0.264 -0.003 0.166
ttt_random_ammo	892.876343 769.833130 89.395393	-0.268 0.003 -0.141
ttt_random_ammo	908.883667 699.620422 89.453918	-1.700 0.030 -1.811
ttt_random_ammo	907.457642 665.119080 89.353745	-0.324 -0.003 0.265
ttt_random_ammo	940.585205 1601.469849 89.353745	-0.324 -0.003 0.265
ttt_random_ammo	942.928040 1564.544922 89.421310	-0.645 -0.002 -0.422
ttt_random_ammo	952.336609 1517.302979 89.382317	-0.270 0.003 -0.198
ttt_random_ammo	71.149544 1621.099731 89.348640	0.324 0.003 0.265
ttt_random_ammo	112.878304 1624.198486 89.411888	0.699 0.002 -0.493
ttt_random_ammo	174.445831 1621.499512 89.344154	0.334 0.003 0.274
ttt_random_ammo	196.588181 1620.817627 89.341858	0.339 0.003 0.278
ttt_random_ammo	440.298889 1618.314453 89.411278	0.631 0.002 -0.405
ttt_random_ammo	476.749786 1613.942627 89.372864	0.277 0.003 0.213
ttt_random_ammo	504.322388 1608.579712 89.372864	0.277 0.003 0.213
ttt_random_ammo	575.055115 1611.491089 89.395714	0.277 0.003 0.108
ttt_random_ammo	599.684448 1612.186890 89.395714	0.277 0.003 0.108
ttt_random_ammo	629.606995 1616.468506 89.334755	0.355 0.003 0.291
ttt_random_ammo	823.106323 1635.610229 89.361313	0.298 0.003 0.239
ttt_random_ammo	842.202393 1614.576172 89.355865	-0.320 -0.003 0.261
ttt_random_ammo	-330.711273 1610.199707 89.376480	0.272 0.003 0.203
ttt_random_ammo	-287.831055 1615.209473 89.389778	0.265 0.003 0.151
ttt_random_ammo	-232.085175 1609.872314 89.367226	0.287 0.003 0.227
ttt_random_ammo	-667.439270 1599.728882 89.398499	0.289 0.003 0.080
ttt_random_ammo	-625.004822 1610.397827 89.346413	0.329 0.003 0.269
ttt_random_ammo	-592.161255 1618.661011 89.369133	0.283 0.003 0.222
ttt_random_ammo	-861.895203 1620.480347 89.412949	0.851 0.000 -0.688
ttt_random_ammo	-823.278198 1620.278687 89.446648	1.687 -0.030 -1.854
ttt_random_ammo	-789.797729 1621.709229 89.348640	0.324 0.003 0.265
ttt_random_ammo	-1113.835938 1613.833862 89.444298	1.277 -0.024 -1.360
ttt_random_ammo	-1086.403442 1613.515869 89.341858	0.339 0.003 0.278
ttt_random_ammo	-1053.411011 1614.801025 89.378242	0.269 0.003 0.198
ttt_random_ammo	-1243.600952 1607.554932 89.401131	0.310 0.003 0.042
ttt_random_ammo	-1214.886963 1605.320068 89.367226	0.287 0.003 0.227
ttt_random_ammo	-1189.572266 1604.077271 89.392807	0.269 0.003 0.132
ttt_random_ammo	-1529.905396 1596.315186 89.372864	0.277 0.003 0.213
ttt_random_ammo	-1494.391479 1594.793213 89.408966	0.470 0.003 -0.194
ttt_random_ammo	-1463.914795 1595.445679 89.406967	0.407 0.003 -0.106
ttt_random_ammo	-1455.122314 556.435242 89.389771	0.265 0.003 0.151
ttt_random_ammo	-1474.939453 588.669434 89.341858	0.339 0.003 0.278
ttt_random_ammo	-1496.865356 605.431274 89.386627	0.263 0.003 0.167
ttt_random_ammo	-379.005554 268.345673 89.377060	-0.297 -0.003 0.212
ttt_random_ammo	-379.820190 235.307495 89.355606	-0.334 -0.003 0.269
ttt_random_ammo	-380.102203 205.025513 89.384079	-0.293 -0.003 0.183
ttt_random_ammo	-214.235886 272.646881 89.384079	-0.293 -0.003 0.183
ttt_random_ammo	-212.331985 237.434357 89.342361	-0.364 -0.003 0.297
ttt_random_ammo	-211.819443 218.100433 89.392403	-0.305 -0.003 0.129
ttt_random_ammo	135.615494 337.361572 89.373405	-0.301 -0.003 0.224
ttt_random_ammo	152.695313 344.861115 89.387459	-0.295 -0.003 0.165
ttt_random_ammo	175.813110 348.264008 89.451530	-1.763 0.029 -1.855
ttt_random_ammo	198.488464 348.256622 89.369652	-0.307 -0.003 0.235
ttt_random_ammo	231.968674 344.221863 89.365784	-0.314 -0.003 0.245
ttt_random_ammo	257.329407 340.076965 89.382355	-0.293 -0.003 0.191
ttt_random_ammo	150.878326 -170.259521 89.456779	-1.672 0.027 -1.768
ttt_random_ammo	138.920471 -150.948288 89.365784	-0.314 -0.003 0.245
ttt_random_ammo	137.595261 -121.931084 89.371544	-0.304 -0.003 0.229
ttt_random_ammo	132.565994 -98.490395 89.411537	-0.540 -0.003 -0.238
ttt_random_ammo	140.440643 -73.500061 89.469101	-1.091 0.020 -1.150
ttt_random_ammo	112.855240 -86.751701 89.375244	-0.299 -0.003 0.218
ttt_random_ammo	198.903412 327.619232 5211.396484	0.363 0.003 0.017
ttt_random_ammo	226.255539 317.823242 5211.361328	0.315 0.003 0.246
ttt_random_ammo	234.229248 300.349670 5211.358887	0.319 0.003 0.251
ttt_random_ammo	252.482132 281.640472 5211.397461	-0.327 -0.003 0.082
ttt_random_ammo	286.996979 243.067688 5211.395996	-0.318 -0.003 0.101
ttt_random_ammo	177.249390 350.324554 5211.348633	0.340 0.003 0.275
ttt_random_ammo	-342.002747 -171.057953 5211.442871	1.305 -0.023 -1.373
ttt_random_ammo	-348.243347 -146.012878 5211.374512	0.296 0.003 0.206
ttt_random_ammo	-355.471832 -127.205467 5211.406738	0.886 0.000 -0.687
ttt_random_ammo	-390.841034 -98.803284 5211.374512	0.296 0.003 0.207
ttt_random_ammo	-381.155518 -173.157593 5211.384766	0.298 0.003 0.155
ttt_random_ammo	-386.664368 -130.201828 5211.367188	0.305 0.003 0.231
ttt_random_ammo	339.465881 -31.754057 5448.382324	-0.293 -0.003 0.191
ttt_random_ammo	332.192657 -51.017654 5448.369629	-0.307 -0.003 0.235
ttt_random_ammo	329.530914 -68.391502 5448.415039	-0.652 -0.002 -0.386
ttt_random_ammo	325.509674 -94.206009 5448.351074	-0.344 -0.003 0.279
ttt_random_ammo	323.064240 -112.055641 5448.463867	-1.223 0.022 -1.284
ttt_random_ammo	321.487885 -143.073822 5448.457031	-1.514 0.026 -1.592
ttt_random_ammo	-249.699509 325.847504 5448.461914	-1.438 0.025 -1.520
ttt_random_ammo	-237.026657 343.161530 5448.396973	-0.326 -0.003 0.081
ttt_random_ammo	-226.445374 364.457367 5448.454102	-1.777 0.029 -1.879
ttt_random_ammo	-214.169312 382.757233 5448.380371	-0.294 -0.003 0.198
ttt_random_ammo	-197.784546 400.207886 5448.401855	-0.365 -0.003 0.012
ttt_random_ammo	297.752533 184.072220 5448.394043	-0.311 -0.003 0.114
ttt_random_ammo	298.208038 218.351212 5448.471191	-1.014 0.019 -1.070
ttt_random_ammo	248.432526 263.079315 5448.395508	-0.317 -0.003 0.100
ttt_random_ammo	226.068619 298.157990 5448.463867	-1.353 0.024 -1.431
ttt_random_ammo	205.735184 327.862488 5448.409668	-0.500 -0.003 -0.183
ttt_random_ammo	161.664215 347.109924 5448.460449	-1.338 0.024 -1.403
ttt_random_ammo	136.831573 369.884216 5448.424316	-1.115 0.003 -0.976
ttt_random_ammo	103.622513 396.374634 5448.382324	-0.293 -0.003 0.191
ttt_random_ammo	217.307571 -284.260437 5448.367676	-0.310 -0.003 0.240
ttt_random_ammo	192.127808 -305.347198 5448.472656	-0.906 0.018 -0.953
ttt_random_ammo	182.106750 -322.576019 5448.466797	-1.098 0.020 -1.152
ttt_random_ammo	169.334564 -333.444519 5448.472656	-0.939 0.018 -0.991
ttt_random_ammo	145.662033 -350.166321 5448.396973	-0.327 -0.003 0.080
ttt_random_ammo	127.465202 -364.229675 5448.470215	-1.079 0.020 -1.141
ttt_random_ammo	-410.926117 -198.005447 5448.373047	-0.301 -0.003 0.224
ttt_random_ammo	-372.358032 -240.963226 5448.413086	-0.596 -0.003 -0.312
ttt_random_ammo	-346.977997 -266.921295 5448.353516	-0.339 -0.003 0.274
ttt_random_ammo	-318.684418 -299.107910 5448.461914	-1.438 0.025 -1.521
ttt_random_ammo	-291.215240 -321.662476 5448.353516	-0.339 -0.003 0.274
ttt_random_ammo	-257.208618 -350.253296 5448.390625	-0.300 -0.003 0.143
ttt_random_ammo	-235.425064 -398.807678 5448.470703	-1.063 0.020 -1.123
ttt_random_ammo	133.934296 -619.611206 5792.379883	0.264 0.003 0.192
ttt_random_ammo	67.235786 -618.959778 5792.370605	0.277 0.003 0.216
ttt_random_ammo	35.884987 -637.928833 5792.450195	1.311 -0.025 -1.423
ttt_random_ammo	-82.008034 -650.878479 5792.375977	0.269 0.003 0.202
ttt_random_ammo	-130.164520 -647.166504 5792.399414	0.292 0.003 0.068
ttt_random_ammo	-157.783630 -651.300293 5792.356934	0.304 0.003 0.246
ttt_random_ammo	-264.739594 -625.315918 5792.336914	0.346 0.003 0.284
ttt_random_ammo	-306.338348 -604.793396 5792.377930	0.266 0.003 0.197
ttt_random_ammo	-323.644897 -593.975342 5792.370605	0.277 0.003 0.216
ttt_random_ammo	-553.006042 -435.844177 5792.392578	0.263 0.003 0.135
ttt_random_ammo	-598.238098 -366.437408 5792.400879	0.302 0.003 0.049
ttt_random_ammo	-652.465942 -284.600677 5792.386230	0.260 0.003 0.167
ttt_random_ammo	-649.532471 -252.308151 5792.432617	1.796 -0.033 -1.946
ttt_random_ammo	-672.932678 -192.677353 5792.411133	0.587 0.002 -0.354
ttt_random_ammo	-679.413940 -163.266205 5792.362793	0.292 0.003 0.234
ttt_random_ammo	-683.726563 187.963806 5792.378906	-0.272 -0.003 0.207
ttt_random_ammo	-681.711609 168.284729 5792.431641	-1.173 0.005 -1.095
ttt_random_ammo	-695.165894 97.568573 5792.359863	-0.308 -0.003 0.250
ttt_random_ammo	-657.023682 253.558441 5792.382324	-0.267 -0.003 0.197
ttt_random_ammo	-247.649582 623.638733 5792.384766	0.260 0.003 0.174
ttt_random_ammo	-209.956604 621.424927 5792.365234	0.288 0.003 0.229
ttt_random_ammo	-41.589439 641.949097 5792.413574	0.897 -0.001 -0.751
ttt_random_ammo	-134.777725 640.146667 5792.400879	0.300 0.003 0.051
ttt_random_ammo	45.660053 621.255432 5792.379883	0.264 0.003 0.192
ttt_random_ammo	192.886230 594.954529 5792.388672	-0.261 -0.003 0.174
ttt_random_ammo	560.156738 210.094894 5792.474609	-1.390 -0.025 1.519
ttt_random_ammo	516.385376 320.429749 5792.470703	-1.589 -0.029 1.734
ttt_random_ammo	526.301392 289.779144 5792.397949	-0.269 0.003 -0.121
ttt_random_ammo	587.625549 179.860611 5792.470215	-1.804 -0.033 1.976
ttt_random_ammo	598.285522 77.112686 5792.397949	0.284 -0.003 -0.084
ttt_random_ammo	590.127136 43.878345 5792.410645	0.533 -0.002 0.284
ttt_random_ammo	555.024719 -180.750046 5792.412109	0.653 0.002 -0.440
ttt_random_ammo	563.068298 -190.637192 5792.370605	0.277 0.003 0.216
ttt_random_ammo	541.394958 -234.017548 5792.334473	0.352 0.003 0.288
ttt_random_ammo	536.881226 -266.037720 5792.394043	0.267 0.003 0.124
ttt_random_ammo	491.125397 -366.848846 5792.383301	0.261 0.003 0.181
ttt_random_ammo	456.142334 -409.586578 5792.362793	0.292 0.003 0.234
ttt_random_ammo	607.522461 -194.777328 6191.174805	-0.278 -0.003 0.216
ttt_random_ammo	616.714783 -159.187210 6191.144531	-0.341 -0.003 0.280
ttt_random_ammo	559.912292 -292.990997 6191.161621	-0.304 -0.003 0.246
ttt_random_ammo	4.816081 -362.094208 6558.871582	-0.287 -0.003 0.226
ttt_random_ammo	-6.461925 -430.757996 6558.887207	-0.265 -0.003 0.179
ttt_random_ammo	-1.444757 -539.390930 6558.898438	-0.274 -0.003 0.118
ttt_random_ammo	65.768341 -600.112000 6558.979492	-0.741 0.017 -0.798
ttt_random_ammo	117.056946 -601.815186 6558.934570	-1.423 0.010 -1.401
ttt_random_ammo	23.307289 438.514618 6558.968262	-1.116 0.022 -1.191
ttt_random_ammo	37.042374 386.210205 6558.924316	1.783 -0.031 -1.902
ttt_random_ammo	51.106144 302.569550 6558.872559	0.277 0.003 0.213
ttt_random_ammo	71.610046 230.833725 6558.871582	-0.287 -0.003 0.226
ttt_random_ammo	30.800589 540.385559 6558.861816	-0.306 -0.003 0.247
ttt_random_ammo	78.129875 604.462585 6558.901367	-0.285 -0.003 0.091
ttt_random_ammo	528.870300 -254.813309 6558.876953	-0.277 -0.003 0.212
ttt_random_ammo	519.164734 -201.531235 6558.865723	-0.298 -0.003 0.239
ttt_random_ammo	525.527161 -128.195541 6558.867676	-0.294 -0.003 0.235
ttt_random_ammo	538.317749 -139.611664 6558.905762	-0.314 -0.003 0.037
ttt_random_ammo	487.222443 -339.124084 6558.848145	0.324 0.003 0.265
ttt_random_ammo	466.453857 -333.511444 6558.849121	-0.333 -0.003 0.273
ttt_random_ammo	489.829346 309.663361 6558.912109	1.593 -0.014 -1.612
ttt_random_ammo	458.625519 358.090912 6558.898438	-0.273 -0.003 0.119
ttt_random_ammo	408.231720 421.632904 6558.867676	-0.294 -0.003 0.235
ttt_random_ammo	300.364258 496.210724 6558.898438	-0.273 -0.003 0.119
ttt_random_ammo	34.786736 202.267990 7616.111328	-0.348 0.003 0.024
ttt_random_ammo	66.221008 182.840866 7616.070313	-0.289 0.003 -0.230
ttt_random_ammo	83.498451 176.377167 7616.096191	-0.264 0.003 -0.143
ttt_random_ammo	109.201653 157.027603 7616.176758	-1.309 -0.025 1.430
ttt_random_ammo	129.754608 145.697052 7616.054199	-0.323 0.003 -0.264
ttt_random_ammo	145.116852 114.759293 7616.086426	-0.264 0.003 -0.187
ttt_random_ammo	123.690048 -148.026230 7616.100586	0.292 -0.003 -0.069
ttt_random_ammo	154.401154 -109.641777 7616.103027	0.314 -0.003 -0.029
ttt_random_ammo	172.214188 -94.252037 7616.041016	-0.353 0.003 -0.289
ttt_random_ammo	100.536224 -182.660324 7616.058105	0.305 0.003 0.247
ttt_random_ammo	100.499756 -145.070389 7616.113281	0.647 -0.002 0.431
ttt_random_ammo	-193.428970 -217.641815 7616.171875	-1.520 0.028 -1.659
ttt_random_ammo	-194.001465 -183.343124 7616.093750	0.265 -0.003 -0.135
ttt_random_ammo	-222.086334 -153.352097 7616.088867	0.261 -0.003 -0.161
ttt_random_ammo	-275.277618 -120.034157 7616.087402	0.261 -0.003 -0.169
ttt_random_ammo	-311.440887 -95.037384 7616.065918	0.289 -0.003 -0.230
ttt_random_ammo	-297.159180 113.429443 7616.077148	0.270 0.003 0.203
ttt_random_ammo	-266.073303 138.726074 7616.093750	0.264 0.003 0.135
ttt_random_ammo	-240.317856 176.466248 7616.075684	0.272 0.003 0.208
ttt_random_ammo	-156.235733 234.152115 7616.105469	0.342 0.003 -0.017
weapon_ttt_g3sg1	481.842316 411.887421 6192.065918	-0.498 2.372 -87.617
weapon_ttt_g3sg1	589.130432 222.275375 6192.109375	-0.748 3.289 -87.555
