# Trouble in Terrorist Town weapon/ammo placement overrides
# For map: ttt_mc_community_pool_b5
# Exported by: Ahbiga
setting:	replacespawns 1
ttt_random_weapon	0.000000 3984.000000 122.000000	0.000 0.000 0.000
ttt_random_weapon	239.000000 4816.000000 122.373001	0.000 270.000 0.000
ttt_random_weapon	239.000000 4592.000000 122.373001	0.000 270.000 0.000
ttt_random_weapon	-240.000000 4592.000000 122.373001	0.000 270.000 0.000
ttt_random_weapon	-240.000000 4816.000000 122.373001	0.000 270.000 0.000
ttt_random_weapon	-496.000000 2960.000000 122.373001	0.000 0.000 0.000
ttt_random_weapon	-688.000000 2960.000000 122.373001	0.000 0.000 0.000
ttt_random_weapon	496.000000 2960.000000 122.373001	0.000 0.000 0.000
ttt_random_weapon	687.000000 2960.000000 122.373001	0.000 0.000 0.000
ttt_random_weapon	-816.000000 3280.000000 122.373001	0.000 270.000 0.000
ttt_random_weapon	-816.000000 3472.000000 122.373001	0.000 270.000 0.000
ttt_random_weapon	-816.000000 4288.000000 122.000000	0.000 270.000 0.000
ttt_random_weapon	-816.000000 4192.000000 122.000000	0.000 270.000 0.000
ttt_random_weapon	-816.000000 3904.000000 122.000000	0.000 270.000 0.000
ttt_random_weapon	-816.000000 3808.000000 122.000000	0.000 270.000 0.000
ttt_random_weapon	815.000000 4240.000000 122.000000	0.000 270.000 0.000
ttt_random_weapon	815.000000 4096.000000 122.000000	0.000 270.000 0.000
ttt_random_weapon	815.000000 3808.000000 122.000000	0.000 270.000 0.000
ttt_random_weapon	815.000000 3280.000000 122.373001	0.000 270.000 0.000
ttt_random_weapon	815.000000 3472.000000 122.373001	0.000 270.000 0.000
ttt_random_weapon	-688.000000 4352.000000 106.000000	0.000 270.000 0.000
ttt_random_weapon	-560.000000 4352.000000 106.000000	0.000 270.000 0.000
ttt_random_weapon	-304.000000 4352.000000 106.000000	0.000 270.000 0.000
ttt_random_weapon	-368.000000 4352.000000 106.000000	0.000 270.000 0.000
ttt_random_weapon	-496.000000 4352.000000 106.000000	0.000 270.000 0.000
ttt_random_weapon	560.000000 4352.000000 106.000000	0.000 270.000 0.000
ttt_random_weapon	496.000000 4352.000000 106.000000	0.000 270.000 0.000
ttt_random_weapon	368.000000 4352.000000 106.000000	0.000 270.000 0.000
ttt_random_weapon	304.000000 4352.000000 106.000000	0.000 270.000 0.000
ttt_random_weapon	240.000000 4352.000000 106.000000	0.000 270.000 0.000
ttt_random_weapon	112.000000 4944.000000 122.373001	0.000 180.000 0.000
ttt_random_weapon	-112.000000 4944.000000 122.373001	0.000 180.000 0.000
ttt_random_weapon	-625.000000 3312.000000 -549.627014	0.000 90.000 0.000
ttt_random_weapon	-832.000000 3581.000000 -549.627014	0.000 0.000 0.000
ttt_random_weapon	-807.000000 2849.000000 -517.627014	0.000 0.000 0.000
ttt_random_weapon	-80.000000 2560.000000 -485.627014	0.000 0.000 0.000
ttt_random_weapon	320.000000 2385.000000 -549.627014	0.000 0.000 0.000
ttt_random_weapon	447.000000 2384.000000 -549.627014	0.000 0.000 0.000
ttt_random_weapon	-912.000000 2384.000000 -549.627014	0.000 90.000 0.000
ttt_random_weapon	935.000000 2560.000000 -517.627014	0.000 0.000 0.000
ttt_random_weapon	360.000000 2880.000000 -533.627014	0.000 90.000 0.000
ttt_random_weapon	359.000000 2784.000000 -485.627014	0.000 90.000 0.000
ttt_random_weapon	-384.000000 3072.000000 -549.627014	0.000 0.000 0.000
ttt_random_weapon	-544.000000 1968.000000 74.372902	0.000 0.000 0.000
ttt_random_weapon	544.000000 1968.000000 74.372902	0.000 0.000 0.000
ttt_random_weapon	-688.000000 1680.000000 74.372902	0.000 0.000 0.000
ttt_random_weapon	-320.000000 1568.000000 74.372902	0.000 0.000 0.000
ttt_random_weapon	400.000000 1696.000000 74.372902	0.000 0.000 0.000
ttt_random_weapon	736.000000 1584.000000 74.372902	0.000 0.000 0.000
ttt_random_weapon	-640.000000 2064.000000 154.373001	0.000 0.000 0.000
ttt_random_weapon	-672.000000 2064.000000 154.373001	0.000 0.000 0.000
ttt_random_weapon	-729.000000 2621.000000 139.373001	0.000 0.000 0.000
ttt_random_weapon	-741.000000 2787.000000 139.373001	0.000 0.000 0.000
ttt_random_weapon	-545.000000 2725.000000 139.373001	0.000 0.000 0.000
ttt_random_weapon	-1022.940002 2239.770020 130.373001	0.000 0.000 0.000
ttt_random_weapon	-1183.979980 2080.320068 90.372902	0.000 0.000 0.000
ttt_random_weapon	-1312.739990 2080.110107 90.372902	0.000 0.000 0.000
ttt_random_weapon	-1602.619995 2079.620117 90.372902	0.000 0.000 0.000
ttt_random_weapon	752.000000 2768.000000 90.372902	0.000 0.000 0.000
ttt_random_weapon	528.000000 2768.000000 90.372902	0.000 0.000 0.000
ttt_random_weapon	448.000000 2064.000000 122.373001	0.000 0.000 0.000
ttt_random_weapon	750.916992 2081.330078 90.372902	0.000 0.000 0.000
ttt_random_weapon	-560.000000 3952.000000 -277.627014	0.000 0.000 0.000
ttt_random_weapon	560.000000 3216.000000 -277.627014	0.000 0.000 0.000
ttt_random_weapon	1392.000000 2704.000000 122.373001	0.000 90.000 0.000
ttt_random_weapon	1392.000000 3296.000000 122.373001	0.000 90.000 0.000
ttt_random_weapon	1392.000000 3488.000000 122.373001	0.000 90.000 0.000
ttt_random_weapon	943.000000 3088.000000 90.000000	0.000 90.000 0.000
ttt_random_weapon	1792.910034 3312.919922 90.372902	0.000 0.000 0.000
ttt_random_weapon	1792.000000 2800.000000 90.372902	0.000 0.000 0.000
ttt_random_weapon	1648.000000 2416.000000 90.372902	0.000 0.000 0.000
ttt_random_weapon	1744.000000 3872.000000 90.372902	0.000 0.000 0.000
ttt_random_weapon	-512.000000 2560.000000 -517.627014	0.000 0.000 0.000
ttt_random_weapon	915.000000 2624.000000 90.372902	0.000 0.000 0.000
ttt_random_weapon	915.000000 3489.000000 90.372902	0.000 0.000 0.000
ttt_random_weapon	-915.000000 2625.000000 90.372902	0.000 0.000 0.000
ttt_random_weapon	-916.000000 3488.000000 90.372902	0.000 0.000 0.000
ttt_random_weapon	-1649.150024 2416.020020 90.372902	0.000 0.000 0.000
ttt_random_weapon	-1796.000000 3440.000000 90.372902	0.000 0.000 0.000
ttt_random_weapon	912.000000 4160.000000 90.372902	0.000 0.000 0.000
ttt_random_weapon	1493.449951 4245.069824 90.372902	0.000 0.000 0.000
ttt_random_weapon	-916.140991 4098.040039 90.372902	0.000 0.000 0.000
ttt_random_weapon	-1492.280029 4240.080078 90.372902	0.000 0.000 0.000
ttt_random_weapon	-1744.000000 3872.000000 90.372902	0.000 0.000 0.000
ttt_random_weapon	-1393.000000 2704.000000 122.373001	0.000 90.000 0.000
ttt_random_weapon	-1393.000000 3296.000000 122.373001	0.000 90.000 0.000
ttt_random_weapon	-1393.000000 3488.000000 122.373001	0.000 90.000 0.000
ttt_random_weapon	-946.000000 3120.000000 90.000000	0.000 90.000 0.000
ttt_random_weapon	-116.000000 2935.000000 -513.000000	0.000 0.000 0.000
ttt_random_weapon	-143.878998 4031.729980 -437.627014	0.000 0.000 0.000
ttt_random_weapon	-351.752991 4032.959961 -437.627014	0.000 0.000 0.000
ttt_random_weapon	-525.000000 3872.000000 -549.627014	0.000 90.000 0.000
ttt_random_weapon	-448.679993 3056.340088 -485.627014	0.000 0.000 0.000
ttt_random_weapon	-304.000000 3042.000000 -485.627014	0.000 90.000 0.000
ttt_random_weapon	-337.000000 2768.000000 90.372902	0.000 90.000 0.000
ttt_random_weapon	-160.315994 2848.449951 90.372902	0.000 0.000 0.000
ttt_random_weapon	-159.259995 2687.889893 90.372902	0.000 0.000 0.000
ttt_random_weapon	361.000000 2816.000000 -533.627014	0.000 90.000 0.000
ttt_random_weapon	361.000000 2752.000000 -533.627014	0.000 90.000 0.000
ttt_random_weapon	358.000000 2848.000000 -485.627014	0.000 90.000 0.000
ttt_random_weapon	357.000000 2912.000000 -485.627014	0.000 90.000 0.000
ttt_random_weapon	396.051147 831.285950 81.206024	1.807 6.629 -92.752
ttt_random_weapon	347.699921 830.566711 81.141663	1.000 6.389 -93.492
ttt_random_weapon	296.548859 828.628113 81.215073	1.705 6.623 -92.986
ttt_random_weapon	244.373459 829.053284 81.194473	1.937 6.633 -92.454
ttt_random_weapon	273.390228 864.072754 81.141075	1.071 5.899 -93.243
ttt_random_weapon	343.070404 867.574585 81.199875	1.877 6.631 -92.594
ttt_random_weapon	232.148636 1153.891724 81.212479	1.735 6.625 -92.919
ttt_random_weapon	290.307922 1153.431152 81.211937	1.741 6.626 -92.905
ttt_random_weapon	337.612152 1153.030518 81.231361	1.521 6.606 -93.408
ttt_random_weapon	403.134460 1152.017944 81.217476	1.678 6.621 -93.048
ttt_random_weapon	360.985291 1116.408691 81.207275	1.793 6.628 -92.785
ttt_random_weapon	283.036011 1120.752319 81.203392	1.837 6.630 -92.684
ttt_random_weapon	-234.098740 1138.471924 81.217010	1.683 6.621 -93.036
ttt_random_weapon	-289.222626 1137.184814 81.215569	1.700 6.623 -92.999
ttt_random_weapon	-345.166473 1140.661499 81.226471	1.576 6.612 -93.281
ttt_random_weapon	-395.181732 1141.574829 81.197632	1.902 6.631 -92.536
ttt_random_weapon	-358.528107 1109.885498 81.241982	1.401 6.591 -93.683
ttt_random_weapon	-276.463684 1110.579346 81.210823	1.753 6.626 -92.876
ttt_random_weapon	-227.673355 834.483765 81.226135	1.580 6.613 -93.272
ttt_random_weapon	-286.752106 835.162109 81.197632	1.902 6.631 -92.536
ttt_random_weapon	-346.345367 841.520935 81.229774	1.539 6.608 -93.367
ttt_random_weapon	-394.067841 840.042542 81.236954	1.458 6.599 -93.553
ttt_random_weapon	-274.052704 877.744202 81.231613	1.518 6.606 -93.414
ttt_random_weapon	-356.254272 870.772095 81.209091	1.773 6.628 -92.831
ttt_random_weapon	186.512543 -629.088989 98.717484	1.678 6.200 -93.048
ttt_random_weapon	202.512146 -598.488586 98.704727	1.822 6.198 -92.719
ttt_random_weapon	172.333633 -373.099152 1.172707	2.134 5.695 -92.192
ttt_random_weapon	192.352325 -446.573547 1.190578	1.981 4.921 -92.354
ttt_random_weapon	196.029724 -498.494781 1.199413	1.882 4.926 -92.582
ttt_random_weapon	132.238708 -425.905334 1.219437	1.656 4.923 -93.099
ttt_random_weapon	131.498459 -473.797302 1.209892	1.764 4.928 -92.852
ttt_random_weapon	-1719.002075 2217.722900 81.189697	1.991 4.921 -92.331
ttt_random_weapon	-1724.340210 2246.988281 81.230156	1.535 4.914 -93.376
ttt_random_weapon	-1341.392700 2455.177734 81.201576	1.857 4.928 -92.638
ttt_random_weapon	-913.939575 3407.471436 129.155579	2.373 5.622 -91.455
ttt_random_weapon	-913.954163 3334.789063 129.196747	1.912 2.663 -92.513
ttt_random_weapon	-914.032043 3231.275879 129.238144	1.444 2.725 -93.584
ttt_random_weapon	-914.050537 3132.897949 129.221710	1.630 3.482 -93.158
ttt_random_weapon	-913.940491 3016.572510 129.210373	1.758 3.294 -92.865
ttt_random_weapon	-913.940430 2919.257813 129.209259	1.771 2.949 -92.836
ttt_random_weapon	-913.999634 2791.028320 129.226959	1.571 2.339 -93.294
ttt_random_weapon	-913.839844 2686.219238 129.225342	1.589 4.627 -93.252
ttt_random_weapon	-1757.813721 3904.356445 81.222313	1.623 4.921 -93.173
ttt_random_weapon	1739.254761 3904.083252 81.219872	1.651 4.923 -93.110
ttt_random_weapon	912.429138 2717.547607 129.212494	1.734 4.580 -92.920
ttt_random_weapon	912.341003 2818.952881 129.176163	2.030 5.964 -92.112
ttt_random_weapon	912.339966 2939.580811 129.181427	1.979 5.967 -92.238
ttt_random_weapon	912.341125 3054.171387 129.175064	2.040 5.965 -92.086
ttt_random_weapon	912.335205 3186.878174 129.216354	1.641 5.965 -93.077
ttt_random_weapon	912.334351 3319.568115 129.223907	1.567 5.961 -93.259
ttt_random_weapon	912.383789 3440.506348 129.210205	1.657 4.521 -92.978
ttt_random_weapon	334.977264 3219.588379 -558.872009	2.039 4.374 -92.184
ttt_random_weapon	-98.881325 4038.176270 -550.782349	1.676 4.924 -93.053
ttt_random_weapon	-225.535538 4046.259521 -549.344238	-4.176 1.158 -11.935
ttt_random_weapon	-196.849182 4024.698730 -550.801331	1.890 4.927 -92.563
ttt_random_weapon	-356.865784 4038.881592 -510.785736	1.715 4.926 -92.965
ttt_random_weapon	-316.429382 4039.756348 -550.787842	1.738 4.926 -92.910
ttt_random_weapon	-518.968994 3998.263672 -558.795593	1.798 5.714 -92.884
ttt_random_weapon	-516.332458 3967.519531 -558.790588	1.745 5.717 -92.993
ttt_random_weapon	-654.022705 3311.627930 -558.804321	1.890 5.712 -92.694
ttt_random_weapon	-676.280151 3358.589355 -558.795593	1.798 5.714 -92.884
ttt_random_weapon	1341.309570 2489.164307 81.212677	1.732 4.927 -92.924
ttt_random_weapon	1339.595459 2466.077393 81.190582	1.981 4.920 -92.354
ttt_random_weapon	-258.719940 3446.263916 -558.830811	2.172 5.688 -92.115
ttt_random_weapon	144.282394 3576.343018 -558.849487	2.369 5.663 -91.708
ttt_random_weapon	-65.236412 3808.163818 -558.834473	2.210 5.690 -92.035
weapon_ttt_knife	-237.000000 6055.000000 1669.000000	0.000 90.000 0.000
item_ammo_pistol_ttt	387.968079 672.172485 112.358803	0.027 0.031 0.004
item_ammo_pistol_ttt	416.364655 673.994568 112.418610	-0.070 -0.020 -0.021
item_ammo_pistol_ttt	438.211731 673.301880 112.368805	-0.114 -0.019 -0.034
item_ammo_pistol_ttt	278.147858 2797.707031 113.437683	-0.053 -0.020 -0.016
item_ammo_pistol_ttt	267.847626 2799.750244 113.328186	-0.149 -0.018 -0.045
item_ammo_pistol_ttt	-369.321838 2714.593018 88.390343	-0.095 -0.020 -0.029
item_ammo_pistol_ttt	-370.111877 2719.600830 160.480698	-0.555 0.515 -0.297
item_ammo_pistol_ttt	-380.737152 2857.075195 128.448334	0.593 0.090 -0.136
item_ammo_pistol_ttt	-362.748016 2819.613525 160.476120	-0.696 0.517 -0.372
item_ammo_pistol_ttt	-32.705589 2942.355469 -485.601379	0.294 -11.826 0.195
item_ammo_pistol_ttt	-461.949066 3069.648926 -495.643524	-0.124 -0.019 -0.038
item_ammo_pistol_ttt	-431.681702 3075.177979 -495.671814	-0.149 -0.018 -0.045
item_ammo_pistol_ttt	-818.182251 2257.037109 128.378250	-0.105 -0.020 -0.032
item_ammo_pistol_ttt	-819.505798 2294.989014 128.391968	-0.093 -0.020 -0.028
item_ammo_pistol_ttt	-784.255981 2262.496338 128.378250	-0.105 -0.020 -0.032
item_ammo_pistol_ttt	823.241211 2092.127686 128.342972	-0.136 -0.019 -0.041
item_ammo_pistol_ttt	813.266357 2090.683105 128.446243	-0.046 -0.020 -0.014
item_ammo_pistol_ttt	-1483.312256 3470.324707 112.404129	-0.083 -0.020 -0.025
item_ammo_pistol_ttt	-1482.003296 3579.073730 112.352112	-0.128 -0.019 -0.039
item_ammo_pistol_ttt	136.926300 4374.831055 80.423386	0.081 0.635 -0.023
item_ammo_pistol_ttt	147.513901 4374.577637 80.383553	-0.333 1.761 0.075
weapon_ttt_confgrenade	-389.691315 1262.472168 115.500809	1.774 0.184 -0.450
weapon_ttt_confgrenade	-381.601471 1279.928101 115.513695	1.620 0.138 -0.411
weapon_ttt_confgrenade	1019.864380 3811.989990 83.515732	1.595 0.147 -0.404
weapon_ttt_confgrenade	-668.890442 3249.440430 -492.991394	2.375 -1.715 -1.211
weapon_ttt_confgrenade	-676.795227 3236.840332 -492.948273	1.652 -1.838 -0.842
weapon_ttt_confgrenade	-638.196960 2285.796387 131.557617	1.093 0.138 -0.277
weapon_ttt_confgrenade	-608.481445 2289.137451 131.556229	1.110 0.137 -0.281
weapon_ttt_confgrenade	-603.811584 2267.022461 131.493912	1.856 0.201 -0.470
weapon_ttt_confgrenade	282.411987 2529.305908 181.496979	2.386 0.216 -0.752
weapon_ttt_confgrenade	293.639343 2510.505371 181.549759	1.562 0.248 -0.492
weapon_ttt_confgrenade	-538.144348 2867.694336 131.032196	1.981 -1.794 -1.010
weapon_ttt_confgrenade	-521.911743 2869.355469 131.012848	2.304 -1.713 -1.175
weapon_ttt_confgrenade	-450.970886 2794.912598 131.016159	1.147 -2.079 -0.246
weapon_ttt_confgrenade	-451.423859 2781.453857 131.087189	1.050 -1.865 -0.535
weapon_zm_shotgun	752.000000 4616.000000 108.460999	0.000 0.000 0.000
weapon_zm_shotgun	752.000000 4568.000000 108.460999	0.000 0.000 0.000
weapon_ttt_push	-1372.000000 3358.000000 -521.000000	0.000 0.000 0.000
weapon_ttt_ak47	-199.888229 2184.938232 120.862953	0.173 13.137 -87.240
weapon_ttt_ak47	-762.564880 4263.844727 80.898476	0.123 11.849 -87.631
weapon_ttt_ak47	274.258545 2770.093018 114.101669	-0.233 13.516 -89.961
weapon_ttt_ak47	767.238403 3002.374023 80.880226	0.149 11.848 -87.433
weapon_ttt_ak47	1753.895264 4271.324707 80.910789	0.106 11.849 -87.765
weapon_ttt_ak47	-483.816559 3154.776123 -495.123657	0.154 13.137 -87.386
weapon_ttt_ak47	-513.987183 3258.150635 -495.138367	0.175 13.137 -87.226
weapon_ttt_ak47	-1495.135864 2672.292480 80.881279	0.148 11.848 -87.445
weapon_ttt_ak47	1494.789673 3408.498047 80.916382	-0.226 13.939 -88.774
weapon_ttt_smokegrenade	192.000000 2464.000000 -522.265015	0.000 0.000 0.000
weapon_ttt_smokegrenade	96.000000 2497.000000 -522.265015	0.000 0.000 0.000
weapon_ttt_smokegrenade	-32.000000 2528.000000 -522.265015	0.000 0.000 0.000
weapon_ttt_smokegrenade	-382.350861 1231.553711 116.525642	0.634 0.009 -0.346
weapon_ttt_smokegrenade	-381.973114 1248.206665 116.534897	1.411 0.011 -1.220
weapon_ttt_smokegrenade	1036.364868 3811.428711 84.583656	2.866 -0.129 -2.961
weapon_ttt_smokegrenade	-627.316040 3251.408936 -491.872894	5.198 -0.261 -4.556
weapon_ttt_smokegrenade	-634.040222 3230.801758 -491.860535	4.402 -0.238 -3.930
weapon_ttt_smokegrenade	413.192169 2492.254395 84.558861	3.541 -0.113 -3.666
weapon_ttt_smokegrenade	437.468414 2493.411621 84.583733	2.867 -0.129 -2.963
weapon_ttt_smokegrenade	423.773743 2508.640869 84.595322	2.542 -0.130 -2.624
weapon_ttt_smokegrenade	194.512207 2517.958984 182.586639	0.161 -0.222 -0.028
weapon_ttt_smokegrenade	207.796478 2538.700439 182.573654	0.183 -0.215 -0.033
weapon_ttt_smokegrenade	-559.916077 2871.674561 132.161545	2.370 -0.185 -2.091
weapon_ttt_smokegrenade	-455.525757 2757.943848 132.084137	2.655 0.050 2.099
ttt_playerspawn	45.205963 1157.120117 81.603951	0.012 0.395 -0.012
ttt_playerspawn	142.637711 1064.137695 81.379013	0.009 -0.000 -0.009
ttt_playerspawn	164.708481 946.934875 82.388084	0.015 0.132 -0.015
ttt_playerspawn	70.935158 802.641907 81.573692	0.001 -1.103 -0.155
ttt_playerspawn	-64.485176 783.066162 83.555824	0.064 1.124 0.061
ttt_playerspawn	-187.131180 880.977417 81.251732	0.009 0.132 -0.009
ttt_playerspawn	-196.487442 985.766785 82.173134	0.012 -0.000 -0.012
ttt_playerspawn	-128.796722 1078.556519 81.261742	0.007 -0.000 -0.007
ttt_playerspawn	-59.724461 1134.892212 81.290184	0.015 -0.000 -0.015
ttt_playerspawn	129.167374 876.238403 82.482086	0.015 -0.066 -0.015
ttt_playerspawn	-529.927063 2384.695801 82.038673	-0.037 -0.264 0.037
ttt_playerspawn	-532.661011 2486.359619 84.349014	-0.041 -0.000 0.042
ttt_playerspawn	-437.672455 2411.925293 83.547951	-0.070 -0.132 0.071
ttt_playerspawn	1265.698608 2895.423096 84.480225	-0.086 -0.000 0.086
ttt_playerspawn	1121.983154 2840.871338 84.989731	-0.046 -0.000 0.046
ttt_playerspawn	1168.378784 2968.663818 84.159737	-0.075 -0.132 0.075
ttt_playerspawn	1071.046387 2996.252686 84.577393	-0.076 -0.000 0.076
ttt_playerspawn	1238.828857 3105.720703 82.148323	-0.034 0.264 0.034
ttt_playerspawn	1086.167114 3143.095703 81.650665	-0.073 -0.000 0.073
ttt_playerspawn	-1091.600586 2960.766602 84.577095	-0.065 -0.000 0.065
ttt_playerspawn	-1290.230835 2994.872314 84.291229	-0.055 -0.132 0.055
ttt_playerspawn	-1164.810913 3135.237061 81.682991	-0.066 0.066 0.067
ttt_playerspawn	-1254.323120 3214.133789 83.030022	-0.027 -0.132 0.027
ttt_playerspawn	-1064.226440 3190.445557 82.847305	-0.068 -0.388 0.068
ttt_playerspawn	-1135.605469 3306.264648 82.992615	-0.029 -0.660 0.029
ttt_playerspawn	-1202.963867 2988.422119 83.678978	-0.088 -0.000 0.088
ttt_playerspawn	-1131.192261 2890.869873 84.543251	-0.032 0.660 0.032
ttt_playerspawn	-1267.058594 2883.754883 81.533203	-0.040 -0.000 0.040
ttt_playerspawn	1209.488770 2805.713623 82.388962	-0.055 -0.000 0.055
ttt_playerspawn	1164.748901 3308.198486 82.962524	-0.085 -0.000 0.085
ttt_playerspawn	57.561813 913.240356 83.869774	0.012 -0.000 -0.012
ttt_playerspawn	-60.683933 901.034119 84.249931	0.010 -0.000 -0.010
ttt_playerspawn	72.375038 1019.926025 82.203354	0.014 0.132 -0.014
ttt_playerspawn	-75.266144 1004.874268 84.005638	0.005 -0.000 -0.005
ttt_playerspawn	0.250012 984.052490 81.943352	0.015 -0.000 -0.015
weapon_zm_molotov	-392.869904 682.729309 116.514069	0.356 0.002 -0.018
weapon_zm_molotov	-410.031433 679.469543 116.613022	2.028 -0.122 -2.089
weapon_zm_molotov	809.275635 3108.503418 116.524925	0.629 0.009 -0.358
weapon_zm_molotov	815.873901 3077.349609 116.535164	2.843 -0.017 -2.820
weapon_zm_molotov	1029.909668 3827.885010 84.556618	3.591 -0.099 -3.716
weapon_zm_molotov	-693.648315 3264.928955 -491.865265	4.748 -0.259 -4.241
weapon_zm_molotov	-588.667297 2065.299561 132.617950	1.881 -0.119 -1.937
weapon_zm_molotov	-599.442383 2072.956787 132.536102	1.665 0.008 -1.502
weapon_zm_molotov	-450.988678 2807.941406 132.144318	3.421 -0.222 -2.520
weapon_zm_molotov	-549.451416 2871.747070 132.134094	4.605 -0.252 -3.891
item_ammo_smg1_ttt	-172.784927 2167.620361 120.503990	-0.661 0.011 -0.499
item_ammo_smg1_ttt	-1196.139771 4175.620605 80.550407	-0.068 0.018 -0.059
item_ammo_smg1_ttt	-1171.823120 4184.429199 80.391678	0.110 -0.005 0.061
item_ammo_smg1_ttt	-715.208679 4282.939941 80.507050	-0.481 0.012 -0.383
item_ammo_smg1_ttt	-724.642761 4234.128418 80.432602	0.842 -0.001 0.553
item_ammo_smg1_ttt	283.016296 2706.989502 113.492546	-0.003 -0.029 0.119
item_ammo_smg1_ttt	273.458099 2731.010498 113.430595	0.753 -0.002 0.493
item_ammo_smg1_ttt	773.586853 3035.983398 80.507057	-0.481 0.012 -0.380
item_ammo_smg1_ttt	738.664612 3035.687988 80.526756	-0.193 0.016 -0.169
item_ammo_smg1_ttt	1781.200684 4249.862793 80.475647	0.561 -0.014 0.251
item_ammo_smg1_ttt	1758.906494 4238.268555 80.406563	0.212 -0.005 0.130
item_ammo_smg1_ttt	-492.184692 3128.426270 -463.547699	-0.022 -0.030 -0.010
item_ammo_smg1_ttt	-435.919952 3204.039551 -463.603210	0.136 -0.005 0.079
item_ammo_smg1_ttt	-516.838501 3228.400391 -495.498413	-0.799 -0.013 0.593
item_ammo_smg1_ttt	-462.492218 3225.342773 -495.479279	-0.222 0.015 -0.194
item_ammo_smg1_ttt	-388.656464 3229.372070 -527.506104	-0.030 -0.016 0.125
item_ammo_smg1_ttt	-451.166656 2173.532471 120.437057	1.099 0.002 0.724
item_ammo_smg1_ttt	-415.225647 2210.284668 120.426506	0.599 -0.003 0.390
item_ammo_smg1_ttt	-1328.040527 2597.246094 80.380989	0.071 -0.005 0.035
item_ammo_smg1_ttt	-1320.503052 2625.941895 80.500290	-0.840 0.012 -0.629
item_ammo_smg1_ttt	-1520.045288 2694.158203 80.394257	0.122 -0.005 0.069
item_ammo_smg1_ttt	-1523.875732 2643.604492 80.517456	-0.242 0.014 -0.211
item_ammo_smg1_ttt	1483.034302 2781.798584 112.430595	0.746 -0.002 0.488
item_ammo_smg1_ttt	1485.047363 2808.723145 112.475098	0.564 -0.014 0.255
item_ammo_smg1_ttt	1490.028687 2846.229248 112.524422	-0.205 0.015 -0.179
item_ammo_smg1_ttt	1515.013916 3395.316406 80.523888	-0.212 0.015 -0.185
item_ammo_smg1_ttt	1534.325562 3409.811523 80.480690	-0.090 -0.002 -0.174
item_ammo_smg1_ttt	8.071860 4372.840820 80.525009	-0.218 0.016 -0.188
item_ammo_smg1_ttt	6.815000 4346.351074 80.417976	-0.376 0.005 0.241
weapon_ttt_sipistol	71.000000 6138.000000 1633.459961	0.000 0.000 0.000
weapon_ttt_glock	382.671967 712.676758 113.112785	-0.826 25.813 91.584
weapon_ttt_glock	384.335907 745.070129 113.109100	-0.598 25.858 91.124
weapon_ttt_glock	276.127533 2825.551514 114.110687	-0.869 25.103 91.379
weapon_ttt_glock	-380.359955 2692.176514 129.107788	-0.626 25.307 90.997
weapon_ttt_glock	-380.440277 2705.832520 129.109589	-0.470 25.463 91.133
weapon_ttt_glock	-36.332527 2933.720459 -485.013336	-0.175 13.698 90.936
weapon_ttt_glock	-445.732513 3063.987793 -494.887604	-0.846 25.615 91.549
weapon_ttt_glock	-727.570374 2277.089844 129.107895	-0.524 25.862 90.974
weapon_ttt_glock	-694.143616 2278.563232 129.109406	-0.617 25.855 91.162
weapon_ttt_glock	822.151184 2062.442627 129.063965	0.678 43.333 90.197
weapon_ttt_glock	-1487.730835 3549.045166 113.105339	-0.381 25.666 90.664
weapon_ttt_glock	-1485.392822 3510.354980 113.110138	-0.695 25.653 91.263
weapon_ttt_glock	166.983475 4355.136230 96.607178	-0.066 24.631 90.754
ttt_random_ammo	-20.000000 4688.000000 113.000999	0.000 0.000 0.000
ttt_random_ammo	20.000000 4688.000000 113.000999	0.000 0.000 0.000
ttt_random_ammo	20.000000 4720.000000 113.000999	0.000 0.000 0.000
ttt_random_ammo	-20.000000 4720.000000 113.000999	0.000 0.000 0.000
ttt_random_ammo	352.000000 2960.000000 113.000999	0.000 0.000 0.000
ttt_random_ammo	256.000000 2960.000000 113.000999	0.000 0.000 0.000
ttt_random_ammo	-352.000000 2960.000000 113.000999	0.000 0.000 0.000
ttt_random_ammo	-256.000000 2960.000000 113.000999	0.000 0.000 0.000
ttt_random_ammo	-816.000000 3040.000000 113.000999	0.000 270.000 0.000
ttt_random_ammo	-816.000000 3136.000000 113.000999	0.000 270.000 0.000
ttt_random_ammo	-816.000000 4096.000000 113.000999	0.000 270.000 0.000
ttt_random_ammo	-816.000000 4000.000000 113.000999	0.000 270.000 0.000
ttt_random_ammo	815.000000 4000.000000 113.000999	0.000 270.000 0.000
ttt_random_ammo	815.000000 3904.000000 113.000999	0.000 270.000 0.000
ttt_random_ammo	815.000000 3136.000000 113.000999	0.000 270.000 0.000
ttt_random_ammo	815.000000 3040.000000 113.000999	0.000 270.000 0.000
ttt_random_ammo	-752.000000 3776.000000 -558.999023	0.000 0.000 0.000
ttt_random_ammo	-912.000000 3776.000000 -558.999023	0.000 0.000 0.000
ttt_random_ammo	-768.000000 2352.000000 -526.999023	0.000 0.000 0.000
ttt_random_ammo	-944.000000 2752.000000 -526.999023	0.000 0.000 0.000
ttt_random_ammo	-912.000000 2832.000000 -494.998993	0.000 0.000 0.000
ttt_random_ammo	464.000000 2592.000000 -558.999023	0.000 0.000 0.000
ttt_random_ammo	432.000000 2624.000000 -558.999023	0.000 0.000 0.000
ttt_random_ammo	359.000000 2880.000000 -494.998993	0.000 90.000 0.000
ttt_random_ammo	359.000000 2816.000000 -494.998993	0.000 90.000 0.000
ttt_random_ammo	359.000000 2752.000000 -494.998993	0.000 90.000 0.000
ttt_random_ammo	360.000000 2912.000000 -543.000000	0.000 90.000 0.000
ttt_random_ammo	360.000000 2848.000000 -543.000000	0.000 90.000 0.000
ttt_random_ammo	360.000000 2784.000000 -543.000000	0.000 90.000 0.000
ttt_random_ammo	-752.000000 2064.000000 145.001007	0.000 0.000 0.000
ttt_random_ammo	-784.000000 2064.000000 145.001007	0.000 0.000 0.000
ttt_random_ammo	-784.000000 2064.000000 177.000000	0.000 0.000 0.000
ttt_random_ammo	-752.000000 2064.000000 177.000000	0.000 0.000 0.000
ttt_random_ammo	-784.000000 2064.000000 113.000000	0.000 0.000 0.000
ttt_random_ammo	-752.000000 2064.000000 113.000000	0.000 0.000 0.000
ttt_random_ammo	-443.027008 2201.199951 121.000999	0.000 0.000 0.000
ttt_random_ammo	-203.412003 2157.919922 121.000999	0.000 0.000 0.000
ttt_random_ammo	-1439.949951 2081.260010 81.000603	0.000 0.000 0.000
ttt_random_ammo	-1776.689941 2160.520020 81.000603	0.000 0.000 0.000
ttt_random_ammo	-1777.829956 2321.050049 81.000603	0.000 0.000 0.000
ttt_random_ammo	-1424.569946 2320.889893 81.000603	0.000 0.000 0.000
ttt_random_ammo	639.929016 2824.199951 81.000603	0.000 0.000 0.000
ttt_random_ammo	528.000000 2671.000000 90.372902	0.000 0.000 0.000
ttt_random_ammo	752.000000 2671.000000 90.372902	0.000 0.000 0.000
ttt_random_ammo	656.000000 2064.000000 177.001007	0.000 0.000 0.000
ttt_random_ammo	240.000000 2064.000000 177.001007	0.000 0.000 0.000
ttt_random_ammo	-768.359009 2288.040039 129.001007	0.000 0.000 0.000
ttt_random_ammo	-671.960999 2255.840088 129.001007	0.000 0.000 0.000
ttt_random_ammo	112.000000 3472.000000 -286.998993	0.000 0.000 0.000
ttt_random_ammo	-112.000000 3472.000000 -286.998993	0.000 0.000 0.000
ttt_random_ammo	1392.000000 2816.000000 113.000999	0.000 90.000 0.000
ttt_random_ammo	1392.000000 3408.000000 113.000999	0.000 90.000 0.000
ttt_random_ammo	1392.000000 3600.000000 113.000999	0.000 90.000 0.000
ttt_random_ammo	943.000000 3200.000000 81.000000	0.000 90.000 0.000
ttt_random_ammo	1648.079956 3697.050049 81.000603	0.000 0.000 0.000
ttt_random_ammo	1791.260010 3248.689941 81.000603	0.000 0.000 0.000
ttt_random_ammo	1790.339966 2735.770020 81.000603	0.000 0.000 0.000
ttt_random_ammo	1567.209961 2416.310059 81.000603	0.000 0.000 0.000
ttt_random_ammo	1343.180054 2416.239990 81.000603	0.000 270.000 0.000
ttt_random_ammo	-1344.000000 2416.000000 81.000603	0.000 90.000 0.000
ttt_random_ammo	-1568.000000 2416.000000 81.000603	0.000 0.000 0.000
ttt_random_ammo	-1648.000000 3697.000000 81.000603	0.000 0.000 0.000
ttt_random_ammo	-1792.000000 3312.000000 81.000603	0.000 90.000 0.000
ttt_random_ammo	-1393.000000 2816.000000 113.000999	0.000 90.000 0.000
ttt_random_ammo	-1393.000000 3408.000000 113.000999	0.000 90.000 0.000
ttt_random_ammo	-1393.000000 3600.000000 113.000999	0.000 90.000 0.000
ttt_random_ammo	-946.000000 3232.000000 81.000000	0.000 90.000 0.000
ttt_random_ammo	144.000000 2864.000000 81.000603	0.000 0.000 0.000
ttt_random_ammo	144.000000 2624.000000 81.000603	0.000 0.000 0.000
ttt_random_ammo	288.000000 2608.000000 145.001007	0.000 0.000 0.000
ttt_random_ammo	37.000000 2933.000000 -522.000000	0.000 0.000 0.000
ttt_random_ammo	-176.507996 4033.060059 -550.999023	0.000 0.000 0.000
ttt_random_ammo	-47.418701 4034.169922 -478.998993	0.000 0.000 0.000
ttt_random_ammo	-63.345200 4034.889893 -550.999023	0.000 0.000 0.000
ttt_random_ammo	-95.951897 4034.110107 -510.998993	0.000 0.000 0.000
ttt_random_ammo	-190.587997 4033.179932 -510.998993	0.000 0.000 0.000
ttt_random_ammo	-224.050995 4037.300049 -478.998993	0.000 0.000 0.000
ttt_random_ammo	-367.747009 4035.320068 -550.999023	0.000 0.000 0.000
ttt_random_ammo	-320.169006 4025.860107 -510.998993	0.000 0.000 0.000
ttt_random_ammo	-346.876007 4029.850098 -478.998993	0.000 0.000 0.000
ttt_random_ammo	-438.200012 4033.590088 -510.998993	0.000 0.000 0.000
ttt_random_ammo	-482.053986 4030.219971 -550.999023	0.000 0.000 0.000
ttt_random_ammo	-473.592987 4032.570068 -478.998993	0.000 0.000 0.000
ttt_random_ammo	113.750999 4016.919922 -558.999023	0.000 0.000 0.000
ttt_random_ammo	-528.000000 3920.000000 -558.999023	0.000 90.000 0.000
ttt_random_ammo	-370.000000 2848.000000 89.000603	0.000 0.000 0.000
ttt_random_ammo	-368.295990 2815.919922 129.001007	0.000 0.000 0.000
ttt_random_ammo	-367.859009 2847.919922 161.001007	0.000 0.000 0.000
ttt_random_ammo	-368.007996 2688.000000 89.000603	0.000 0.000 0.000
ttt_random_ammo	-367.467987 2720.300049 129.001007	0.000 0.000 0.000
ttt_random_ammo	-367.171997 2688.060059 161.001007	0.000 0.000 0.000
ttt_random_ammo	556.630066 745.197083 112.370560	-0.090 -0.000 0.045
ttt_random_ammo	540.480164 744.714172 112.378273	-0.133 -0.000 0.101
ttt_random_ammo	526.548828 744.139832 112.323433	-0.046 -0.000 -0.033
ttt_random_ammo	514.202026 744.130371 112.374451	-0.109 -0.000 0.069
ttt_random_ammo	495.853333 743.184509 112.347580	-0.049 -0.000 -0.017
ttt_random_ammo	493.833588 761.033691 96.451904	-1.381 -0.032 1.672
ttt_random_ammo	512.492920 758.794312 96.338341	-0.046 -0.000 -0.025
ttt_random_ammo	528.902893 758.789368 96.376366	-0.121 -0.000 0.084
ttt_random_ammo	545.196899 759.589844 96.345314	-0.048 -0.000 -0.019
ttt_random_ammo	563.128357 759.990662 96.356308	-0.056 -0.000 -0.004
ttt_random_ammo	492.621063 1245.738403 112.362564	-0.066 -0.000 0.012
ttt_random_ammo	515.541626 1242.592529 112.343025	-0.047 -0.000 -0.021
ttt_random_ammo	533.226501 1243.924438 112.382072	-0.169 -0.001 0.145
ttt_random_ammo	557.542908 1240.731079 112.387764	-0.243 -0.001 0.238
ttt_random_ammo	564.083801 1226.850830 96.383987	0.237 0.001 0.231
ttt_random_ammo	537.283630 1225.552490 96.345322	-0.048 -0.000 -0.019
ttt_random_ammo	511.160034 1228.306274 96.387749	-0.241 -0.001 0.235
ttt_random_ammo	486.929413 1225.815796 96.366600	-0.076 -0.000 0.025
ttt_random_ammo	714.715088 1241.728027 112.362564	-0.066 -0.000 0.012
ttt_random_ammo	730.368652 1242.957275 112.458565	-1.170 -0.029 1.416
ttt_random_ammo	747.714478 1246.395020 112.408493	0.012 0.132 -0.106
ttt_random_ammo	768.932556 1243.427246 112.376358	-0.119 -0.000 0.083
ttt_random_ammo	790.368164 1241.984863 112.445099	-1.533 0.037 -1.855
ttt_random_ammo	783.172607 1224.920288 96.317459	0.047 -0.000 0.035
ttt_random_ammo	751.432739 1223.386719 96.453949	-1.210 -0.030 1.457
ttt_random_ammo	729.835876 1225.773804 96.358421	-0.059 -0.000 0.001
ttt_random_ammo	786.480835 742.299744 112.331055	-0.046 -0.000 -0.029
ttt_random_ammo	764.802002 743.760315 112.360504	-0.062 -0.000 0.006
ttt_random_ammo	745.925476 744.481934 112.439011	-1.665 -0.034 2.006
ttt_random_ammo	721.428589 742.266418 112.376358	-0.119 -0.000 0.083
ttt_random_ammo	717.611084 759.594788 96.335945	-0.046 -0.000 -0.026
ttt_random_ammo	745.605652 758.771240 96.333519	-0.046 -0.000 -0.028
ttt_random_ammo	763.006226 758.775391 96.376350	-0.118 -0.000 0.082
ttt_random_ammo	783.287964 756.320435 96.315468	-0.047 -0.000 -0.036
ttt_random_ammo	-491.815491 739.504883 112.335945	-0.046 -0.000 -0.026
ttt_random_ammo	-515.056885 744.715820 112.461227	-1.085 -0.028 1.313
ttt_random_ammo	-536.065308 740.888000 112.397659	-0.472 -0.003 0.520
ttt_random_ammo	-563.794128 746.508301 112.335945	-0.046 -0.000 -0.026
ttt_random_ammo	-568.142334 756.508728 96.389671	-0.274 -0.001 0.276
ttt_random_ammo	-539.821411 762.339355 96.338341	-0.046 -0.000 -0.025
ttt_random_ammo	-513.550110 759.221436 96.404221	-0.715 -0.007 0.816
ttt_random_ammo	-487.734283 758.409668 96.345329	-0.048 0.000 0.019
ttt_random_ammo	-716.846008 742.832275 112.343040	-0.047 0.000 0.021
ttt_random_ammo	-736.076050 743.841370 112.370560	-0.089 -0.000 0.044
ttt_random_ammo	-756.982971 740.778870 112.370560	-0.089 -0.000 0.044
ttt_random_ammo	-778.805054 743.588135 112.366600	-0.076 -0.000 0.025
ttt_random_ammo	-789.187073 758.900574 96.323433	-0.046 -0.000 -0.033
ttt_random_ammo	-762.091614 761.524780 96.370560	-0.089 -0.000 0.044
ttt_random_ammo	-738.669495 762.553406 96.472130	-0.683 -0.022 0.822
ttt_random_ammo	-713.549072 760.165833 96.338356	-0.046 0.000 0.025
ttt_random_ammo	-790.150513 1241.776733 112.391586	-0.310 -0.002 0.321
ttt_random_ammo	-767.259766 1239.437012 112.395607	-0.412 -0.003 0.447
ttt_random_ammo	-741.626953 1239.218872 112.393600	-0.360 -0.002 0.383
ttt_random_ammo	-710.174561 1244.539063 112.391335	-0.312 0.002 -0.323
ttt_random_ammo	-712.117126 1222.908936 96.426735	1.416 0.033 1.710
ttt_random_ammo	-742.805786 1221.432861 96.372498	-0.096 -0.000 0.053
ttt_random_ammo	-769.696655 1223.721436 96.442589	-1.682 -0.035 2.036
ttt_random_ammo	-792.278564 1223.757690 96.414337	-1.230 -0.018 1.443
ttt_random_ammo	-566.068909 1238.932617 112.358414	-0.059 -0.000 0.001
ttt_random_ammo	-539.766174 1240.674683 112.368591	-0.082 -0.000 0.034
ttt_random_ammo	-513.672485 1241.094604 112.333519	-0.046 -0.000 -0.028
ttt_random_ammo	-495.829895 1238.480835 112.340698	-0.047 -0.000 -0.023
ttt_random_ammo	-488.401001 1221.763916 96.357498	0.059 -0.000 -0.001
ttt_random_ammo	-513.589050 1224.198120 96.452354	-1.336 -0.033 1.615
ttt_random_ammo	-546.908875 1223.846436 96.343025	-0.047 -0.000 -0.021
ttt_random_ammo	-572.486267 1223.794678 96.343025	-0.047 -0.000 -0.021
ttt_random_ammo	140.786316 -146.041443 98.365364	0.074 -0.000 -0.024
ttt_random_ammo	102.806808 -207.352249 98.330307	0.045 -0.000 0.029
ttt_random_ammo	132.098999 -170.249603 98.435692	1.131 -0.028 -1.358
ttt_random_ammo	170.981293 -172.390991 98.361488	0.064 0.000 0.011
ttt_random_ammo	168.192581 -206.973312 98.322685	0.045 -0.000 0.032
ttt_random_ammo	-220.683746 -138.376007 98.451653	-1.179 -0.029 1.412
ttt_random_ammo	-199.720078 -75.580109 98.366547	-0.074 -0.000 0.025
ttt_random_ammo	-162.650162 -105.527115 98.327782	0.045 0.000 -0.030
ttt_random_ammo	-210.428314 -107.702713 98.364532	-0.069 -0.000 0.017
ttt_random_ammo	-174.352158 -136.390930 98.417725	1.509 0.036 1.813
ttt_random_ammo	-205.873291 -157.839294 98.332771	0.045 -0.000 0.027
ttt_random_ammo	-162.895157 -167.743469 98.420708	1.440 0.033 1.728
ttt_random_ammo	189.011276 -655.426331 97.869186	0.335 0.001 0.156
ttt_random_ammo	158.878723 -593.357117 97.919876	1.176 0.025 1.293
ttt_random_ammo	209.613205 -571.194946 97.925232	1.111 0.024 1.224
ttt_random_ammo	211.476501 -629.416077 97.905159	1.384 0.026 1.518
ttt_random_ammo	-168.766205 -431.547333 98.407928	1.617 -0.034 -1.937
ttt_random_ammo	-192.606552 -481.260895 98.346764	0.048 0.000 -0.017
ttt_random_ammo	-226.918350 -474.335541 98.389503	-0.259 -0.001 0.259
ttt_random_ammo	-210.022858 -446.653778 98.443863	-1.494 -0.034 1.798
ttt_random_ammo	-224.709274 -418.253693 98.347519	-0.048 -0.000 -0.017
ttt_random_ammo	411.172302 2056.636475 112.390381	0.451 0.003 0.494
ttt_random_ammo	376.857208 2052.816650 112.394554	0.896 0.010 1.037
ttt_random_ammo	335.659393 2060.404297 112.466621	0.590 0.020 0.712
ttt_random_ammo	544.750854 2066.716064 112.330330	0.046 0.000 -0.029
ttt_random_ammo	509.826538 2068.581787 112.383957	0.241 0.001 0.236
ttt_random_ammo	480.740540 2068.587402 112.361519	0.066 0.000 0.011
ttt_random_ammo	752.746826 2725.983887 80.342308	0.048 0.000 -0.021
ttt_random_ammo	734.843262 2693.048828 80.312012	0.048 0.000 -0.037
ttt_random_ammo	685.695679 2806.903564 80.332825	0.046 0.000 -0.028
ttt_random_ammo	608.440918 2821.056641 80.359543	0.063 0.000 0.006
ttt_random_ammo	496.145813 2717.508057 80.363487	0.071 -0.000 -0.018
ttt_random_ammo	544.330811 2736.470459 80.361534	0.066 -0.000 -0.011
ttt_random_ammo	-759.928101 2651.733643 129.394592	0.886 0.010 1.027
ttt_random_ammo	-737.425842 2665.943359 129.361496	0.063 0.000 0.010
ttt_random_ammo	-704.167053 2656.949219 129.353287	0.052 0.000 -0.008
ttt_random_ammo	-696.014954 2630.703125 129.342239	0.046 0.000 -0.021
ttt_random_ammo	-753.128113 2749.136475 129.332779	0.045 -0.000 0.027
ttt_random_ammo	-726.462952 2742.374512 129.342239	0.046 0.000 -0.021
ttt_random_ammo	-702.584167 2748.537354 129.365387	0.074 0.000 0.024
ttt_random_ammo	-683.602356 2786.109375 129.353287	0.052 0.000 -0.008
ttt_random_ammo	-562.262573 2792.269043 129.357452	0.057 0.000 -0.000
ttt_random_ammo	-581.593994 2764.730469 129.383835	0.228 -0.001 -0.221
ttt_random_ammo	-585.588989 2726.640869 129.325241	0.045 0.000 -0.031
ttt_random_ammo	-574.900391 2693.026367 129.386490	0.300 -0.002 -0.310
ttt_random_ammo	-1020.654358 2225.171143 120.370964	0.098 0.000 0.055
ttt_random_ammo	-1175.398071 2096.362061 80.447678	-1.512 -0.035 1.829
ttt_random_ammo	-1201.423340 2100.184570 80.370598	-0.092 -0.000 0.046
ttt_random_ammo	-1268.953613 2094.056152 80.368622	-0.083 -0.000 0.035
ttt_random_ammo	-1312.856079 2109.933838 80.335983	-0.047 -0.000 -0.027
ttt_random_ammo	-1423.247559 2102.357178 80.346840	0.050 -0.000 0.017
ttt_random_ammo	-1591.421753 2114.617432 80.335251	0.046 0.000 -0.027
ttt_random_ammo	-1615.844849 2115.096191 80.377731	0.151 -0.001 -0.123
ttt_random_ammo	-1735.549683 2292.426758 80.323471	-0.047 -0.000 -0.033
ttt_random_ammo	-1736.920288 2188.133057 80.462723	-1.055 -0.027 1.278
ttt_random_ammo	-1350.831055 2493.140137 80.333549	-0.046 -0.000 -0.028
ttt_random_ammo	-1394.255737 2757.397217 112.370918	0.098 -0.000 -0.055
ttt_random_ammo	-1401.079468 2865.702881 112.369148	0.089 0.000 0.044
ttt_random_ammo	-1383.017212 3234.418945 112.376190	0.131 0.000 0.098
ttt_random_ammo	-1394.557739 3349.664307 112.361519	0.066 0.000 0.011
ttt_random_ammo	-1401.468994 3449.240234 112.426437	1.337 0.032 1.605
ttt_random_ammo	-1394.862183 3556.271484 112.349030	0.050 -0.000 0.014
ttt_random_ammo	-1392.568726 3638.201660 112.361519	0.066 0.000 0.011
ttt_random_ammo	-952.680115 2643.555420 80.436279	1.156 -0.029 -1.391
ttt_random_ammo	-951.568787 2703.637695 80.317482	0.047 -0.000 0.035
ttt_random_ammo	-957.827271 2772.620605 80.383781	0.242 -0.001 -0.236
ttt_random_ammo	-948.882446 2841.641113 80.429573	1.334 -0.033 -1.611
ttt_random_ammo	-954.149048 2925.107178 80.385162	0.273 -0.001 -0.275
ttt_random_ammo	-947.997314 3000.279053 80.383766	0.244 -0.001 -0.239
ttt_random_ammo	-944.508118 3070.009521 80.335251	0.046 0.000 -0.027
ttt_random_ammo	-948.326721 3380.006836 80.365425	0.077 0.000 0.026
ttt_random_ammo	-942.953552 3500.593750 80.349037	0.051 0.000 -0.014
ttt_random_ammo	-1738.149902 3852.803467 80.322762	0.047 -0.000 0.033
ttt_random_ammo	-1704.824219 3866.189453 80.357513	0.060 0.000 0.001
ttt_random_ammo	-1712.721924 3886.499268 80.355453	0.057 -0.000 0.004
ttt_random_ammo	-1752.396851 3932.590820 80.461487	0.713 -0.022 -0.864
ttt_random_ammo	-1721.924072 3940.771484 80.445343	1.056 -0.027 -1.281
ttt_random_ammo	-1697.292847 3906.558594 80.314751	0.047 0.000 -0.036
ttt_random_ammo	-623.637939 4359.792969 96.325287	0.046 0.000 -0.031
ttt_random_ammo	-623.245300 4341.141113 96.357498	0.059 0.000 0.000
ttt_random_ammo	-430.285461 4351.064453 96.370926	0.097 -0.000 -0.054
ttt_random_ammo	-435.188354 4326.992676 96.363487	0.070 0.000 0.017
ttt_random_ammo	-238.046066 4361.018066 96.353333	0.054 -0.000 0.008
ttt_random_ammo	-239.317108 4340.541016 96.361519	0.066 -0.000 -0.011
ttt_random_ammo	-171.130173 4352.082031 95.872704	0.414 0.001 0.248
ttt_random_ammo	-181.408020 4328.754395 95.889099	1.706 0.029 1.872
ttt_random_ammo	-749.877930 4352.783203 96.346802	0.049 0.000 -0.017
ttt_random_ammo	-748.679199 4334.206055 96.420227	1.551 0.040 1.873
ttt_random_ammo	-818.610840 4225.585449 112.419556	1.526 -0.036 -1.842
ttt_random_ammo	-820.810181 4253.304688 112.332794	0.046 0.000 -0.028
ttt_random_ammo	-821.477600 4047.128662 112.394371	0.922 0.011 1.068
ttt_random_ammo	-816.627258 3840.939209 112.416130	1.509 -0.035 -1.811
ttt_random_ammo	-815.108948 3869.062012 112.392960	0.811 -0.008 -0.934
ttt_random_ammo	-815.616272 3410.673584 112.442200	1.055 0.027 1.269
ttt_random_ammo	-816.328064 3432.308838 112.374413	0.119 -0.000 -0.083
ttt_random_ammo	-822.036194 3504.736816 112.349030	0.050 -0.000 0.014
ttt_random_ammo	-810.109070 3530.528320 112.357491	0.059 -0.000 -0.000
ttt_random_ammo	-818.581848 3320.739502 112.416672	1.562 0.041 1.879
ttt_random_ammo	-809.418396 3352.363770 112.374374	-0.106 0.000 -0.066
ttt_random_ammo	-819.875122 3233.618896 112.363487	0.070 0.000 0.017
ttt_random_ammo	-621.730225 2954.111572 112.393829	1.226 -0.018 -1.439
ttt_random_ammo	-647.560364 2953.945068 112.409035	-0.941 -0.011 1.091
ttt_random_ammo	-725.598328 2961.348389 112.360504	-0.062 -0.000 0.006
ttt_random_ammo	-745.446472 2965.547363 112.445618	-1.583 -0.042 1.916
ttt_random_ammo	-532.280701 2951.230469 112.333519	-0.046 -0.000 -0.028
ttt_random_ammo	-562.865417 2962.177490 112.372505	-0.098 -0.000 0.055
ttt_random_ammo	821.308167 3447.663330 112.327827	0.046 0.000 -0.030
ttt_random_ammo	817.129822 3409.600098 112.357491	0.059 -0.000 -0.000
ttt_random_ammo	815.173218 3521.308594 112.374481	0.119 0.000 0.083
ttt_random_ammo	812.947632 3501.700439 112.361519	0.066 0.000 0.011
ttt_random_ammo	818.870361 3853.360840 112.377754	0.145 -0.001 -0.116
ttt_random_ammo	819.521484 4179.650879 112.414467	1.619 -0.036 -1.953
ttt_random_ammo	819.751343 4210.866211 112.353325	0.054 0.000 -0.008
ttt_random_ammo	811.032410 4288.386719 112.339989	0.046 -0.000 0.023
ttt_random_ammo	429.434814 4363.091797 96.332794	0.046 0.000 -0.028
ttt_random_ammo	430.551270 4336.905273 96.374435	0.117 -0.000 -0.080
ttt_random_ammo	1756.380249 3945.442871 80.441971	1.158 0.029 1.404
ttt_random_ammo	1730.815552 3945.170654 80.346825	0.049 0.000 -0.017
ttt_random_ammo	1762.218506 3840.750488 80.391258	0.543 0.004 0.606
ttt_random_ammo	1730.484497 3844.010742 80.390205	0.478 0.003 0.526
ttt_random_ammo	1681.246460 4265.314941 80.417023	1.624 0.036 1.962
ttt_random_ammo	1658.188721 4244.162109 80.454613	0.882 0.024 1.069
ttt_random_ammo	1521.652710 4249.389648 80.390259	0.470 0.003 0.517
ttt_random_ammo	1395.005249 3554.645264 112.353325	0.054 0.000 -0.008
ttt_random_ammo	1395.091431 3632.480225 112.330353	0.046 -0.000 0.029
ttt_random_ammo	1398.851196 3354.937256 112.389198	0.402 0.002 0.434
ttt_random_ammo	1403.115234 3234.672119 112.361526	0.065 0.000 0.011
ttt_random_ammo	1392.489136 2870.251465 112.353333	0.053 -0.000 0.008
ttt_random_ammo	1398.103638 2768.117432 112.357491	0.059 0.000 0.001
ttt_random_ammo	953.213501 3456.703369 80.359543	0.063 -0.000 -0.006
ttt_random_ammo	947.247803 3401.176514 80.391289	0.538 0.004 0.600
ttt_random_ammo	943.978943 3344.852051 80.421349	1.556 0.040 1.882
ttt_random_ammo	938.099609 3243.018066 80.374420	0.122 -0.000 -0.085
ttt_random_ammo	936.433899 3117.469482 80.466026	0.598 0.021 0.721
ttt_random_ammo	937.207336 3041.499512 80.388817	0.407 -0.002 -0.440
ttt_random_ammo	939.813965 3000.665283 80.372757	0.109 0.000 0.069
ttt_random_ammo	949.850098 2937.600098 80.351219	0.053 -0.000 0.011
ttt_random_ammo	944.649841 2842.818115 80.447838	1.025 0.027 1.242
ttt_random_ammo	945.859497 2779.454834 80.351219	0.052 -0.000 0.011
ttt_random_ammo	946.506470 2705.166260 80.365410	0.076 -0.000 -0.025
ttt_random_ammo	950.551086 2636.424561 80.440262	1.106 0.028 1.332
ttt_random_ammo	955.633728 2671.113037 80.357513	0.059 -0.000 -0.001
ttt_random_ammo	954.034729 2737.127441 80.340012	0.047 -0.000 0.023
ttt_random_ammo	953.888550 2809.168213 80.457748	0.793 -0.023 -0.961
ttt_random_ammo	953.018005 2886.389648 80.369179	0.089 0.000 0.043
ttt_random_ammo	964.514709 2986.811035 80.385361	0.277 0.001 0.279
ttt_random_ammo	962.477600 3083.032959 80.394165	0.953 0.011 1.106
ttt_random_ammo	959.532654 3167.780518 80.344604	0.048 -0.000 0.019
ttt_random_ammo	953.731506 3292.740479 80.325310	0.046 0.000 -0.032
ttt_random_ammo	338.283142 3197.046387 -559.629089	0.095 -0.000 -0.053
ttt_random_ammo	322.859650 3197.793945 -559.589661	1.652 0.034 1.984
ttt_random_ammo	327.092102 2724.921387 -559.533936	0.565 0.020 0.678
ttt_random_ammo	303.241913 2722.920166 -559.632751	0.079 0.000 0.032
ttt_random_ammo	279.586639 2723.441895 -559.653259	0.048 0.000 -0.017
ttt_random_ammo	248.681870 2723.502930 -559.655457	0.047 -0.000 0.019
ttt_random_ammo	335.313660 2941.371582 -559.554871	-1.448 -0.034 1.743
ttt_random_ammo	-114.310570 4030.302246 -511.681793	-0.047 -0.000 -0.035
ttt_random_ammo	-45.633728 4023.432861 -551.662354	0.047 0.000 -0.025
ttt_random_ammo	-242.282120 4027.588135 -551.673950	-0.047 -0.000 -0.032
ttt_random_ammo	-242.757141 4030.819092 -511.553497	-1.672 -0.036 2.032
ttt_random_ammo	-222.033279 4036.934082 -511.641541	-0.060 -0.000 0.001
ttt_random_ammo	-309.517181 4039.984375 -479.501892	-0.369 0.012 0.447
ttt_random_ammo	-346.493805 4030.260010 -551.590637	-0.972 -0.012 1.129
ttt_random_ammo	-290.832855 4044.221191 -511.505798	-0.179 2.825 -0.162
ttt_random_ammo	-484.868378 4043.161865 -511.588135	-1.102 -0.015 1.287
ttt_random_ammo	-442.814728 4035.765869 -551.681763	-0.047 -0.000 -0.035
ttt_random_ammo	-493.999268 3073.855957 -495.655457	0.048 0.000 -0.019
ttt_random_ammo	-514.123962 3082.798096 -495.660065	0.047 0.000 -0.023
ttt_random_ammo	-490.798828 3109.422852 -463.667206	0.046 0.000 -0.028
ttt_random_ammo	-725.764526 3229.939697 -559.651001	0.049 0.000 -0.014
ttt_random_ammo	-744.627014 3230.814941 -559.627258	0.103 0.000 0.063
ttt_random_ammo	-775.882141 3228.218750 -559.605530	0.907 0.010 1.052
ttt_random_ammo	-763.267395 3249.492676 -559.556091	0.932 0.025 1.111
ttt_random_ammo	-733.056885 3254.713867 -559.612183	0.333 -0.002 -0.351
ttt_random_ammo	-745.965698 3267.183105 -559.679932	0.045 -0.000 0.033
ttt_random_ammo	-617.882813 2066.177490 144.352036	-0.053 0.000 0.011
ttt_random_ammo	-655.620850 2069.083008 144.323456	-0.047 -0.000 -0.033
ttt_random_ammo	1350.400269 2439.796875 80.392303	0.717 -0.007 -0.818
ttt_random_ammo	689.455078 2055.699707 176.314713	0.047 0.000 -0.036
ttt_random_ammo	624.943787 2054.625488 176.476501	-0.592 -0.021 0.717
ttt_random_ammo	772.062073 2108.744385 80.317482	0.047 -0.000 0.035
ttt_random_ammo	743.092163 2111.967285 80.365425	0.076 0.000 0.025
ttt_random_ammo	-1801.853516 3635.474121 80.333549	-0.046 -0.000 -0.028
ttt_random_ammo	-1755.761108 3629.769287 80.466606	-0.986 -0.026 1.198
ttt_random_ammo	-1677.844727 3699.303223 80.380226	-0.153 -0.001 0.125
ttt_random_ammo	-1630.553101 3684.885742 80.360542	-0.063 -0.000 0.007
ttt_random_ammo	-1668.222900 3668.583008 80.349838	-0.051 -0.000 -0.014
ttt_random_ammo	-1487.940674 2824.064697 112.317421	0.047 0.000 -0.035
ttt_random_ammo	-1485.643799 2791.794189 112.451645	0.900 0.025 1.087
ttt_random_ammo	-1491.081177 2755.884766 112.346802	0.049 0.000 -0.017
ttt_random_ammo	-1485.396118 2609.569092 112.382561	0.205 0.001 0.191
ttt_random_ammo	-1484.212158 2571.750977 112.337631	0.046 -0.000 0.025
ttt_random_ammo	-1489.198120 2519.286377 112.335243	0.046 -0.000 0.026
ttt_random_ammo	1800.472290 3131.503662 80.391289	0.539 0.004 0.601
ttt_random_ammo	1808.757446 2928.716309 80.325310	0.046 0.000 -0.032
ttt_random_ammo	1819.645142 2867.509766 80.363503	0.071 0.000 0.018
ttt_random_ammo	1803.115479 2603.052490 80.388802	0.409 -0.003 -0.442
ttt_random_ammo	1805.966553 2672.211670 80.382324	0.217 -0.001 -0.205
ttt_random_ammo	1734.988281 2411.857178 80.365402	0.077 -0.000 -0.026
ttt_random_ammo	1488.650391 3464.769775 112.385361	0.273 0.001 0.276
ttt_random_ammo	1487.821167 3489.509521 112.339981	0.047 -0.000 0.023
ttt_random_ammo	1490.722168 3517.289307 112.466286	0.580 -0.020 -0.699
ttt_random_ammo	1488.506348 3544.846191 112.385384	0.271 0.001 0.273
ttt_random_ammo	1500.026489 3567.133545 112.346802	0.049 0.000 -0.017
ttt_random_ammo	1485.604126 3362.713867 112.349800	-0.050 -0.000 -0.014
ttt_random_ammo	1484.167847 3339.404297 112.359520	0.062 -0.000 -0.005
ttt_random_ammo	1486.963989 3308.477783 112.431564	1.288 0.031 1.552
ttt_random_ammo	1489.780396 3277.843506 112.422676	1.403 -0.032 -1.686
ttt_random_ammo	1491.202637 3246.777832 112.386436	0.311 -0.002 -0.322
ttt_random_ammo	-228.284317 3456.813965 -559.646729	0.052 0.000 -0.008
ttt_random_ammo	-224.292374 3438.386719 -559.623840	0.129 0.000 0.097
ttt_random_ammo	-236.128723 3418.212158 -559.662415	0.045 0.000 -0.025
ttt_random_ammo	194.451340 3571.207031 -559.655457	0.047 -0.000 0.019
ttt_random_ammo	159.494019 3544.890381 -559.620544	0.161 0.001 0.137
ttt_random_ammo	133.375092 3542.930908 -559.606689	0.666 0.006 0.758
ttt_random_ammo	-83.074852 3784.203369 -559.641663	-0.057 -0.000 0.000
ttt_random_ammo	-109.250298 3806.635986 -559.641663	-0.058 -0.000 0.001
ttt_random_ammo	-101.656136 3839.973389 -559.639526	-0.061 -0.000 0.005
ttt_random_ammo	78.213272 2890.711426 80.346832	0.049 0.000 -0.017
ttt_random_ammo	78.180016 2870.363770 80.382492	0.217 0.001 0.205
ttt_random_ammo	78.780663 2851.610107 80.393608	0.831 0.009 0.957
ttt_random_ammo	-77.647522 2644.637207 80.392174	0.624 0.005 0.704
ttt_random_ammo	-80.903206 2670.664795 80.420113	1.609 0.036 1.949
ttt_random_ammo	-84.728096 2696.656738 80.361542	0.067 0.000 0.012
weapon_ttt_dual_elites	-1195.084229 4197.896484 79.954575	2.031 0.167 -0.056
weapon_ttt_dual_elites	-1214.842651 4191.562012 80.001297	1.957 0.155 -0.067
weapon_ttt_dual_elites	-361.717529 3233.370361 -527.967773	1.880 0.142 -0.073
weapon_ttt_dual_elites	-424.400574 2184.235840 119.960442	1.966 0.158 -0.054
weapon_ttt_dual_elites	-455.306000 2211.288330 119.951241	1.977 0.158 -0.051
weapon_ttt_dual_elites	-1356.158691 2611.208496 80.007568	1.948 0.154 -0.068
weapon_ttt_dual_elites	1486.312012 2733.791992 111.962669	1.963 0.154 -0.054
weapon_ttt_dual_elites	1484.485718 2760.813477 112.074577	1.830 0.140 -0.084
weapon_ttt_dual_elites	43.012444 4354.647949 95.542297	1.939 0.142 -0.069
weapon_ttt_revolver	396.135986 1304.753906 113.977859	9.002 26.267 74.753
weapon_ttt_revolver	415.254364 1301.366089 113.970978	8.816 26.346 75.175
weapon_ttt_revolver	975.437317 4047.501221 81.985657	9.215 26.166 74.266
weapon_ttt_revolver	983.265198 4027.397705 81.964668	8.648 26.409 75.557
weapon_ttt_revolver	-286.449097 2954.911865 114.009361	9.590 25.392 73.743
weapon_ttt_revolver	-304.433807 2953.639404 113.966164	8.612 25.926 75.734
weapon_ttt_revolver	-323.036957 2956.011475 114.001045	9.399 25.499 74.135
weapon_ttt_revolver	-336.822052 3135.042969 -525.989746	9.611 25.384 73.700
weapon_ttt_revolver	-345.441833 3141.608643 -526.018433	8.969 24.714 74.991
weapon_ttt_revolver	336.535461 3862.709229 -558.006165	9.165 25.471 74.713
weapon_ttt_revolver	339.147583 3836.792969 -557.992249	9.397 80.202 74.364
weapon_ttt_revolver	1490.448364 2510.854736 113.998772	9.347 25.536 74.241
weapon_ttt_revolver	1491.796509 2535.743896 113.999557	9.077 27.086 75.210
weapon_ttt_revolver	173.607773 4328.982910 97.487572	8.845 25.826 75.626
weapon_ttt_revolver	-740.787415 2594.862549 130.996597	9.224 25.441 74.599
weapon_ttt_revolver	-585.259521 2798.532227 130.981140	8.898 25.582 75.226
item_ammo_revolver_ttt	383.300873 1294.843506 112.411133	0.265 0.097 0.103
item_ammo_revolver_ttt	383.415192 1267.605225 112.332489	0.450 0.065 0.055
item_ammo_revolver_ttt	389.506561 1243.250122 112.344437	0.453 0.062 0.050
item_ammo_revolver_ttt	-998.445007 3945.947754 80.362083	0.456 0.058 0.043
item_ammo_revolver_ttt	-1002.000610 3927.460449 80.426582	0.469 0.054 0.017
item_ammo_revolver_ttt	-997.275146 3909.190674 80.342522	0.452 0.062 0.051
item_ammo_revolver_ttt	815.962769 3346.472656 112.381416	0.461 0.058 0.035
item_ammo_revolver_ttt	819.834106 3328.355225 112.391533	0.463 0.057 0.031
item_ammo_revolver_ttt	818.823120 3311.527588 112.382751	0.461 0.057 0.034
item_ammo_revolver_ttt	987.214539 4070.375000 80.348183	0.454 0.062 0.049
item_ammo_revolver_ttt	1005.330261 4071.913574 80.394997	0.463 0.055 0.030
item_ammo_revolver_ttt	1010.619446 4047.655518 80.358765	0.456 0.060 0.044
item_ammo_revolver_ttt	1027.285889 4063.228027 80.338600	0.452 0.065 0.053
item_ammo_revolver_ttt	-282.348511 2980.640869 80.365311	0.457 0.058 0.042
item_ammo_revolver_ttt	-302.042664 2977.622070 80.344437	0.453 0.062 0.050
item_ammo_revolver_ttt	-323.971558 2978.567139 80.336594	0.451 0.065 0.053
item_ammo_revolver_ttt	-314.282440 2989.431641 80.368431	0.458 0.057 0.041
item_ammo_revolver_ttt	-297.259552 2991.349854 80.357071	0.455 0.060 0.045
item_ammo_revolver_ttt	-380.718597 2816.892334 88.366623	1.206 0.760 -0.003
item_ammo_revolver_ttt	-372.560364 2827.054199 88.307571	0.446 0.080 0.065
item_ammo_revolver_ttt	-360.728882 2836.115479 88.362083	0.456 0.058 0.043
item_ammo_revolver_ttt	-45.271961 2899.992188 -559.658875	0.465 0.067 0.047
item_ammo_revolver_ttt	-28.351955 2893.449951 -559.604858	0.332 0.721 -0.345
item_ammo_revolver_ttt	-450.214844 3270.233643 -527.602722	0.464 0.057 0.029
item_ammo_revolver_ttt	-422.786835 3270.724365 -527.622681	0.460 0.058 0.037
item_ammo_revolver_ttt	-328.888855 3127.403320 -527.538025	0.644 -0.400 -0.235
item_ammo_revolver_ttt	-345.308472 3126.735352 -527.646362	0.455 0.062 0.046
item_ammo_revolver_ttt	-351.007721 3113.834473 -559.588379	-0.031 0.473 0.034
item_ammo_revolver_ttt	311.206757 3878.950195 -559.669006	0.464 0.070 0.051
item_ammo_revolver_ttt	307.965973 3856.895020 -559.603577	0.470 0.057 0.027
item_ammo_revolver_ttt	303.816589 3829.978516 -559.601379	0.471 0.057 0.026
item_ammo_revolver_ttt	828.625488 2319.989990 128.363434	0.832 -0.119 -0.020
item_ammo_revolver_ttt	819.608521 2302.422852 128.336594	0.451 0.065 0.053
item_ammo_revolver_ttt	-1813.172119 2985.712402 80.332497	0.450 0.065 0.055
item_ammo_revolver_ttt	-1790.322266 3010.086914 80.437485	0.471 0.054 0.013
item_ammo_revolver_ttt	-1780.504517 2985.864258 80.358765	0.456 0.060 0.044
item_ammo_revolver_ttt	-1808.295776 3062.559570 80.332497	0.450 0.065 0.055
item_ammo_revolver_ttt	-1781.866211 3045.168701 80.363708	0.457 0.058 0.043
item_ammo_revolver_ttt	-1768.572876 3067.232666 80.305099	0.445 0.080 0.066
item_ammo_revolver_ttt	1475.302002 2560.011230 112.448006	0.935 0.098 -0.638
item_ammo_revolver_ttt	1478.828003 2589.583984 112.399437	0.464 0.057 0.028
item_ammo_revolver_ttt	1490.073608 2613.496338 112.380066	0.460 0.058 0.035
item_ammo_revolver_ttt	1493.707397 2570.238770 112.396156	0.463 0.057 0.029
item_ammo_revolver_ttt	75.922081 4378.219727 80.433205	0.873 -0.001 -0.802
item_ammo_revolver_ttt	74.183060 4360.732422 80.411163	0.466 0.054 0.024
item_ammo_revolver_ttt	201.577271 4377.667480 80.426674	1.066 -0.385 -1.030
item_ammo_revolver_ttt	213.175323 4371.212402 80.310013	0.446 0.073 0.064
item_ammo_revolver_ttt	-712.178528 2605.635010 129.362518	0.467 0.060 0.039
item_ammo_revolver_ttt	-690.711853 2605.517578 129.381744	0.469 0.058 0.032
item_ammo_revolver_ttt	-589.514893 2821.339844 129.333054	0.464 0.066 0.050
item_ammo_revolver_ttt	-592.413574 2785.870605 129.324493	0.463 0.070 0.053
weapon_zm_revolver	813.742981 4043.199951 112.954002	0.000 0.000 0.000
weapon_zm_revolver	-980.723022 3922.471680 80.970535	1.927 -18.776 -85.922
weapon_zm_revolver	-977.892761 3946.364502 80.970665	2.038 -18.713 -85.729
weapon_zm_revolver	815.968262 3243.840332 112.970604	1.987 -20.569 -85.817
weapon_zm_revolver	814.591858 3220.697021 112.970596	1.979 -20.569 -85.832
weapon_zm_revolver	-380.292450 2793.889404 88.970757	2.127 -17.527 -85.574
weapon_zm_revolver	-364.353302 2807.074951 88.970734	2.108 -18.682 -85.607
weapon_zm_revolver	-73.981819 2889.268799 -559.029419	1.976 -19.134 -85.837
weapon_zm_revolver	-471.139130 3255.031982 -527.029419	1.942 -20.587 -85.897
weapon_zm_revolver	-443.321594 3258.103027 -527.029358	2.019 -20.555 -85.761
weapon_zm_revolver	819.722656 2284.634766 128.843872	2.296 -33.337 -84.395
weapon_zm_revolver	-1818.605469 2913.271240 80.970558	1.947 -18.775 -85.887
weapon_zm_revolver	-1783.363281 2922.582031 80.970673	2.048 -18.712 -85.711
weapon_zm_revolver	51.035454 4334.170410 96.340889	2.485 -22.266 -83.852
