# Trouble in Terrorist Town weapon/ammo placement overrides
# For map: ttt_goldenplixprison_v3
# Exported by: dduudu
setting:	replacespawns 1
ttt_playerspawn	1010.187866 95.316971 0.548973	-0.050 -0.000 0.050
ttt_playerspawn	1005.976135 -86.071678 0.554760	-0.044 -0.000 0.044
ttt_playerspawn	860.848145 93.088173 0.574274	0.041 -0.617 -0.041
ttt_playerspawn	854.166504 -77.066780 0.535071	-0.063 -0.000 0.063
ttt_playerspawn	705.479126 98.985886 0.537939	-0.061 -0.000 0.061
ttt_playerspawn	711.358765 -74.714088 0.517359	-0.081 -0.000 0.081
ttt_playerspawn	557.968384 103.746544 0.528846	-0.070 -0.000 0.069
ttt_playerspawn	558.905640 -75.385300 0.542437	-0.056 -0.000 0.056
ttt_playerspawn	380.943909 101.034805 0.574687	-0.136 0.676 -0.056
ttt_playerspawn	375.331665 -67.441315 0.572029	-0.027 -0.000 0.027
ttt_playerspawn	-681.973328 414.737396 160.568420	-0.031 -0.000 0.030
ttt_playerspawn	-683.531067 575.684814 160.528885	-0.069 -0.000 0.069
ttt_playerspawn	-568.865784 577.418396 160.576233	-0.023 -0.000 0.023
ttt_playerspawn	-572.015137 416.331024 160.522156	-0.076 -0.000 0.076
ttt_playerspawn	-1077.148193 1022.350952 160.545334	0.038 0.057 0.212
ttt_playerspawn	-960.592712 1020.066284 160.562958	0.033 0.044 0.150
ttt_playerspawn	-1384.873047 347.369568 14.832475	1.197 3.320 -0.017
ttt_playerspawn	-1390.336670 183.993683 22.182344	0.879 0.515 0.443
ttt_playerspawn	-1389.001099 18.960890 11.439274	-0.019 0.898 0.937
ttt_playerspawn	-1382.533691 680.477112 14.996775	-0.012 2.069 1.121
ttt_playerspawn	-1380.667480 828.290039 13.748288	-0.016 -1.029 -1.564
ttt_playerspawn	-1377.377563 993.131653 10.211024	-0.015 -0.905 -1.527
ttt_playerspawn	-492.683594 -76.402649 160.547394	-0.051 -0.000 0.051
ttt_playerspawn	-625.213745 -81.381187 160.554062	-0.045 -0.000 0.045
ttt_playerspawn	-1189.380371 -868.589478 0.554764	-0.087 0.227 -0.005
ttt_playerspawn	-1190.688477 -1040.171875 0.573469	-0.053 0.207 0.008
ttt_playerspawn	-1075.675659 -1037.755493 1.257801	-2.349 -0.155 0.046
ttt_playerspawn	-1069.502075 -876.317383 1.139495	-1.954 -0.184 0.007
ttt_playerspawn	-2355.736084 -95.665421 0.545413	0.031 -0.000 -0.032
ttt_playerspawn	-2240.782227 -87.695534 0.536019	-0.015 -0.224 0.122
ttt_playerspawn	-1794.429199 -89.321770 0.510105	-0.224 0.001 -0.043
ttt_playerspawn	-1688.232544 -92.309937 0.544425	0.000 -0.059 -0.147
weapon_ttt_smokegrenade	-2488.000000 2240.000000 -136.000000	0.000 0.000 0.000
weapon_ttt_smokegrenade	-464.000000 -688.000000 264.000000	0.000 0.000 0.000
weapon_ttt_smokegrenade	-472.000000 -672.000000 264.000000	0.000 0.000 0.000
item_ammo_357_ttt	-1144.000000 916.000000 482.000000	0.000 0.000 0.000
item_ammo_357_ttt	-1136.000000 916.000000 482.000000	0.000 0.000 0.000
item_ammo_357_ttt	-1160.000000 768.000000 482.000000	0.000 0.000 0.000
item_ammo_357_ttt	-1168.000000 768.000000 482.000000	0.000 0.000 0.000
item_ammo_revolver_ttt	-576.000000 48.000000 34.000000	0.000 0.000 0.000
item_ammo_revolver_ttt	-584.000000 48.000000 34.000000	0.000 0.000 0.000
item_ammo_revolver_ttt	-600.000000 48.000000 34.000000	0.000 0.000 0.000
item_ammo_revolver_ttt	-592.000000 48.000000 34.000000	0.000 0.000 0.000
item_ammo_revolver_ttt	492.000000 -514.000000 41.000000	0.000 90.000 0.000
item_ammo_revolver_ttt	490.000000 -523.000000 41.000000	0.000 75.000 0.000
item_ammo_revolver_ttt	493.000000 -533.000000 41.000000	0.000 105.000 0.000
item_ammo_revolver_ttt	492.000000 -543.000000 41.000000	0.000 87.500 0.000
item_ammo_revolver_ttt	493.000000 -553.000000 41.000000	0.000 105.000 0.000
item_ammo_revolver_ttt	-1653.000000 -1246.000000 41.275799	0.000 90.000 0.000
item_ammo_revolver_ttt	-1659.000000 -1232.000000 41.275799	0.000 30.000 0.000
item_ammo_revolver_ttt	-667.000000 648.000000 40.000000	0.000 270.000 0.000
item_ammo_revolver_ttt	-651.000000 645.000000 40.000000	0.000 255.000 0.000
item_ammo_pistol_ttt	-598.000000 640.000000 39.280102	0.000 0.000 0.000
item_ammo_pistol_ttt	-608.000000 640.000000 39.280102	0.000 0.000 0.000
ttt_random_weapon	-592.000000 184.000000 44.000000	0.000 0.000 0.000
ttt_random_weapon	-592.000000 248.000000 44.000000	0.000 0.000 0.000
ttt_random_weapon	848.000000 -320.000000 272.000000	0.000 270.000 0.000
ttt_random_weapon	448.000000 -384.000000 304.000000	0.000 180.000 0.000
ttt_random_weapon	-374.000000 -384.000000 304.000000	0.000 270.000 0.000
ttt_random_weapon	-1728.000000 -912.000000 16.000000	0.000 270.000 0.000
ttt_random_weapon	-1472.000000 -912.000000 16.000000	0.000 270.000 0.000
ttt_random_weapon	-848.000000 -464.000000 80.000000	0.000 270.000 0.000
ttt_random_weapon	-2144.000000 -832.000000 48.000000	0.000 0.000 0.000
ttt_random_weapon	-2208.000000 -1024.000000 48.000000	0.000 0.000 0.000
ttt_random_weapon	-2208.000000 -640.000000 50.000000	0.000 0.000 0.000
ttt_random_weapon	-2352.000000 1280.000000 54.000000	0.000 270.000 0.000
ttt_random_weapon	-2416.000000 -256.000000 24.000000	0.000 180.000 0.000
ttt_random_weapon	-1232.000000 944.000000 54.000000	0.000 270.000 0.000
ttt_random_weapon	-480.000000 1216.000000 16.000000	0.000 270.000 0.000
ttt_random_weapon	1104.000000 -592.000000 12.000000	0.000 270.000 0.000
ttt_random_weapon	1104.000000 -320.000000 12.000000	0.000 270.000 0.000
ttt_random_weapon	-2496.000000 2112.000000 240.000000	0.000 270.000 0.000
ttt_random_weapon	-2512.000000 2064.000000 80.000000	0.000 270.000 0.000
ttt_random_weapon	-1416.000000 2080.000000 80.000000	0.000 0.000 0.000
ttt_random_weapon	-2480.000000 1592.000000 112.000000	0.000 180.000 0.000
ttt_random_weapon	416.000000 704.000000 16.000000	0.000 270.000 0.000
ttt_random_weapon	416.000000 960.000000 16.000000	0.000 270.000 0.000
ttt_random_weapon	-352.000000 64.000000 16.000000	0.000 270.000 0.000
ttt_random_weapon	-448.000000 -1536.000000 24.000000	0.000 0.000 0.000
ttt_random_weapon	-336.000000 -448.000000 80.000000	0.000 270.000 0.000
ttt_random_weapon	-2371.000000 1840.000000 112.000000	0.000 180.000 0.000
ttt_random_weapon	-720.000000 960.000000 16.000000	0.000 270.000 0.000
ttt_random_weapon	-640.000000 -496.000000 432.000000	0.000 270.000 0.000
ttt_random_weapon	-704.000000 -496.000000 432.000000	0.000 270.000 0.000
ttt_random_weapon	352.000000 -800.000000 14.000000	0.000 270.000 0.000
ttt_random_weapon	352.000000 -640.000000 14.000000	0.000 270.000 0.000
ttt_random_weapon	1120.000000 -768.000000 144.000000	0.000 270.000 0.000
ttt_random_weapon	928.000000 -608.000000 272.000000	0.000 270.000 0.000
ttt_random_weapon	992.000000 -608.000000 272.000000	0.000 270.000 0.000
ttt_random_weapon	528.000000 -304.000000 272.000000	0.000 270.000 0.000
ttt_random_weapon	-592.000000 -608.000000 270.000000	0.000 270.000 0.000
ttt_random_weapon	-864.000000 -368.000000 272.000000	0.000 270.000 0.000
ttt_random_weapon	-1216.000000 64.000000 176.000000	0.000 270.000 0.000
ttt_random_weapon	-528.000000 1216.000000 16.000000	0.000 270.000 0.000
ttt_random_weapon	-952.000000 872.000000 54.000000	0.000 270.000 0.000
ttt_random_weapon	-2736.000000 -832.000000 48.000000	0.000 270.000 0.000
ttt_random_weapon	-1472.000000 2368.000000 80.000000	0.000 270.000 0.000
ttt_random_weapon	-584.000000 -320.000000 64.000000	0.000 0.000 0.000
ttt_random_weapon	-1168.000000 2144.000000 236.000000	0.000 270.000 0.000
ttt_random_weapon	672.000000 -960.000000 16.000000	0.000 270.000 0.000
ttt_random_weapon	-2400.000000 576.000000 16.000000	0.000 270.000 0.000
ttt_random_weapon	-2400.000000 448.000000 16.000000	0.000 270.000 0.000
ttt_random_weapon	352.000000 -720.000000 14.000000	0.000 270.000 0.000
ttt_random_weapon	432.000000 -720.000000 14.000000	0.000 270.000 0.000
ttt_random_weapon	432.000000 -640.000000 14.000000	0.000 270.000 0.000
ttt_random_weapon	432.000000 -800.000000 14.000000	0.000 270.000 0.000
ttt_random_weapon	512.000000 -720.000000 14.000000	0.000 270.000 0.000
ttt_random_weapon	-480.000000 768.000000 16.000000	0.000 270.000 0.000
ttt_random_weapon	-544.000000 768.000000 16.000000	0.000 270.000 0.000
ttt_random_weapon	-448.000000 -1472.000000 24.000000	0.000 0.000 0.000
ttt_random_weapon	-448.000000 -1408.000000 24.000000	0.000 0.000 0.000
ttt_random_weapon	-576.000000 -1408.000000 24.000000	0.000 0.000 0.000
ttt_random_weapon	-576.000000 -1472.000000 24.000000	0.000 0.000 0.000
ttt_random_weapon	-576.000000 -1536.000000 24.000000	0.000 0.000 0.000
ttt_random_weapon	416.000000 -840.000000 272.000000	0.000 270.000 0.000
ttt_random_weapon	608.000000 -840.000000 272.000000	0.000 270.000 0.000
ttt_random_weapon	512.000000 -840.000000 272.000000	0.000 270.000 0.000
ttt_random_weapon	-592.000000 216.000000 44.000000	0.000 0.000 0.000
ttt_random_weapon	-592.000000 152.000000 44.000000	0.000 0.000 0.000
ttt_random_weapon	-576.000000 64.000000 176.000000	0.000 270.000 0.000
ttt_random_weapon	-576.000000 128.000000 176.000000	0.000 270.000 0.000
ttt_random_weapon	-576.000000 864.000000 176.000000	0.000 270.000 0.000
ttt_random_weapon	-576.000000 800.000000 176.000000	0.000 270.000 0.000
ttt_random_weapon	-528.000000 432.000000 32.000000	0.000 270.000 0.000
ttt_random_weapon	-656.000000 432.000000 32.000000	0.000 270.000 0.000
ttt_random_weapon	-608.000000 768.000000 16.000000	0.000 270.000 0.000
ttt_random_weapon	-672.000000 768.000000 16.000000	0.000 270.000 0.000
ttt_random_weapon	512.000000 -640.000000 14.000000	0.000 270.000 0.000
ttt_random_weapon	512.000000 -800.000000 14.000000	0.000 270.000 0.000
ttt_random_weapon	-592.000000 432.000000 32.000000	0.000 270.000 0.000
ttt_random_weapon	-192.000000 -688.000000 272.000000	0.000 270.000 0.000
ttt_random_weapon	-80.000000 -688.000000 272.000000	0.000 270.000 0.000
ttt_random_weapon	-1072.000000 -1152.000000 32.000000	0.000 270.000 0.000
ttt_random_weapon	-1600.000000 448.000000 16.000000	0.000 270.000 0.000
ttt_random_weapon	-1600.000000 576.000000 16.000000	0.000 270.000 0.000
ttt_random_weapon	-800.000000 -24.000000 16.000000	0.000 0.000 0.000
ttt_random_weapon	-864.000000 -24.000000 16.000000	0.000 0.000 0.000
ttt_random_weapon	-1472.000000 2175.000000 80.000000	0.000 270.000 0.000
ttt_random_weapon	-1120.000000 2144.000000 236.000000	0.000 270.000 0.000
weapon_ttt_m16	-444.000000 -194.000000 42.000000	-90.000 270.000 0.000
weapon_ttt_m16	-444.000000 -178.000000 42.000000	-90.000 270.000 0.000
weapon_ttt_m16	-444.000000 -210.000000 42.000000	-90.000 270.000 0.000
weapon_ttt_m16	-444.000000 -150.000000 42.000000	-90.000 270.000 0.000
weapon_ttt_m16	-444.000000 -66.000000 42.000000	-90.000 270.000 0.000
weapon_ttt_m16	-444.000000 -50.000000 42.000000	-90.000 270.000 0.000
weapon_ttt_m16	-444.000000 10.000000 42.000000	-90.000 270.000 0.000
weapon_ttt_m16	-444.000000 106.000000 42.000000	-90.000 270.000 0.000
weapon_ttt_m16	-444.000000 62.000000 42.000000	-90.000 270.000 0.000
weapon_ttt_m16	-444.000000 46.000000 42.000000	-90.000 270.000 0.000
weapon_ttt_m16	-444.000000 206.000000 42.000000	-90.000 270.000 0.000
ttt_random_ammo	-452.000000 264.000000 20.000000	0.000 270.000 0.000
ttt_random_ammo	-604.000000 120.000000 35.000599	0.000 0.000 0.000
ttt_random_ammo	-580.000000 120.000000 35.372898	0.000 0.000 0.000
ttt_random_ammo	-604.000000 90.000000 35.000599	0.000 0.000 0.000
ttt_random_ammo	-580.000000 90.000000 35.372898	0.000 0.000 0.000
ttt_random_ammo	656.000000 -864.000000 2.000000	0.000 0.000 0.000
ttt_random_ammo	680.000000 -864.000000 2.000000	0.000 0.000 0.000
ttt_random_ammo	680.000000 -392.000000 4.000000	0.000 0.000 0.000
ttt_random_ammo	-532.000000 -208.000000 4.000000	0.000 0.000 0.000
ttt_random_ammo	-496.000000 -208.000000 4.000000	0.000 0.000 0.000
ttt_random_ammo	-1200.000000 1072.000000 4.000000	0.000 0.000 0.000
ttt_random_ammo	-1152.000000 1872.000000 68.000000	0.000 0.000 0.000
weapon_zm_rifle	-1160.000000 760.000000 485.000000	0.000 0.000 0.000
weapon_zm_rifle	-1157.000000 921.000000 489.000000	-78.500 90.000 -90.000
weapon_ttt_glock	-628.000000 640.000000 42.000000	0.000 0.000 0.000
weapon_zm_revolver	-584.000000 64.000000 36.000000	0.000 0.000 0.000
weapon_zm_revolver	-608.000000 64.000000 36.000000	0.000 0.000 0.000
weapon_zm_revolver	-647.000000 -204.000000 64.000000	0.000 0.000 0.000
weapon_zm_revolver	464.000000 -495.000000 40.000000	0.000 0.000 90.000
weapon_zm_revolver	447.000000 -492.000000 40.000000	0.000 345.000 90.000
weapon_zm_revolver	429.000000 -497.000000 40.000000	0.000 15.000 90.000
weapon_zm_revolver	414.000000 -493.000000 40.000000	0.000 0.000 90.000
weapon_zm_revolver	-1648.000000 -1227.000000 40.000000	0.000 345.000 90.000
weapon_zm_revolver	-676.000000 646.000000 38.000000	0.000 195.000 90.000
