# Trouble in Terrorist Town weapon/ammo placement overrides
# For map: ttt_magma_v2a
# Exported by: dduudu
setting:	replacespawns 1
ttt_playerspawn	-209.216660 -103.180397 -254.460266	-0.059 -0.000 0.059
ttt_playerspawn	-440.284241 -108.344978 -254.464996	-0.063 -0.000 0.063
ttt_playerspawn	-343.126984 146.203369 -254.473343	-0.072 -0.000 0.072
ttt_playerspawn	-141.257080 143.615433 -254.470093	-0.068 -0.000 0.068
ttt_playerspawn	-536.667786 405.343018 -254.483978	-0.082 -0.000 0.082
ttt_playerspawn	-48.400982 -0.051394 1.523296	-0.075 -0.000 0.075
ttt_playerspawn	-50.782246 -113.450897 1.534027	-0.064 -0.000 0.064
ttt_playerspawn	-176.534348 -111.175163 1.547365	-0.051 -0.000 0.051
ttt_playerspawn	-174.289917 0.077822 1.519745	-0.078 -0.000 0.078
ttt_playerspawn	-43.203720 100.907532 1.541513	-0.057 -0.000 0.057
ttt_playerspawn	-168.958557 103.062958 1.536942	-0.062 -0.000 0.062
ttt_playerspawn	-302.241364 1.830718 1.538812	-0.060 -0.000 0.060
ttt_playerspawn	-440.853119 0.337121 1.536669	-0.062 -1.166 0.065
ttt_playerspawn	-529.430420 108.958092 1.542388	-0.056 -0.000 0.056
ttt_playerspawn	-528.879456 -92.319305 1.575173	-0.024 -0.000 0.025
ttt_playerspawn	-527.287292 6.042090 1.525575	-0.073 -0.000 0.073
ttt_playerspawn	-617.918213 112.459518 1.556062	-0.043 -0.000 0.043
ttt_playerspawn	-621.836365 2.969251 1.548928	-0.050 -0.000 0.050
ttt_playerspawn	-622.075134 -89.529449 1.558003	-0.041 -0.000 0.041
ttt_playerspawn	1075.681274 893.979858 1.473134	-0.013 -0.000 0.013
ttt_playerspawn	1077.875366 1056.418945 1.454675	-0.014 -0.000 0.014
ttt_playerspawn	1070.595581 1199.433105 1.467258	-0.013 -0.000 0.013
ttt_playerspawn	769.027527 -1220.488281 1.528865	-0.069 -0.000 0.069
ttt_playerspawn	769.382263 -1103.996094 1.526687	-0.072 -0.000 0.072
ttt_playerspawn	773.652832 -975.883118 1.514759	-0.083 -0.000 0.083
ttt_playerspawn	645.319702 -798.220520 -254.404480	-0.014 -0.101 -0.000
ttt_playerspawn	520.232361 -798.302246 -254.464996	-0.063 -0.000 0.063
ttt_playerspawn	-125.184013 -588.867371 -254.482742	-0.081 -0.000 0.081
ttt_playerspawn	-122.875137 -689.116028 -254.471176	-0.069 -0.000 0.069
ttt_playerspawn	-105.101929 733.190857 -254.471146	-0.070 -0.000 0.069
ttt_playerspawn	-1346.920532 -553.639282 -254.457291	-0.055 -0.000 0.055
ttt_playerspawn	-1456.114136 -555.520081 -254.447113	-0.045 -0.000 0.045
ttt_playerspawn	-1563.027222 -551.152466 -254.453049	0.087 8.280 -0.081
ttt_playerspawn	-805.674805 -457.321106 -254.492188	-0.037 -0.000 0.037
ttt_playerspawn	-916.579407 -458.753662 -254.446136	-0.018 -0.000 0.019
ttt_playerspawn	-468.684601 1201.829834 1.538939	-0.089 0.020 0.089
ttt_playerspawn	-548.630188 1206.768555 1.537819	0.042 0.260 0.141
ttt_playerspawn	-209.216660 -103.180397 -254.460266	-0.059 -0.000 0.059
ttt_playerspawn	-440.284241 -108.344978 -254.464996	-0.063 -0.000 0.063
ttt_playerspawn	-343.126984 146.203369 -254.473343	-0.072 -0.000 0.072
ttt_playerspawn	-141.257080 143.615433 -254.470093	-0.068 -0.000 0.068
ttt_playerspawn	-536.667786 405.343018 -254.483978	-0.082 -0.000 0.082
ttt_playerspawn	-48.400982 -0.051394 1.523296	-0.075 -0.000 0.075
ttt_playerspawn	-50.782246 -113.450897 1.534027	-0.064 -0.000 0.064
ttt_playerspawn	-176.534348 -111.175163 1.547365	-0.051 -0.000 0.051
ttt_playerspawn	-174.289917 0.077822 1.519745	-0.078 -0.000 0.078
ttt_playerspawn	-43.203720 100.907532 1.541513	-0.057 -0.000 0.057
ttt_playerspawn	-168.958557 103.062958 1.536942	-0.062 -0.000 0.062
ttt_playerspawn	-302.241364 1.830718 1.538812	-0.060 -0.000 0.060
ttt_playerspawn	-440.853119 0.337121 1.536669	-0.062 -1.166 0.065
ttt_playerspawn	-529.430420 108.958092 1.542388	-0.056 -0.000 0.056
ttt_playerspawn	-528.879456 -92.319305 1.575173	-0.024 -0.000 0.025
ttt_playerspawn	-527.287292 6.042090 1.525575	-0.073 -0.000 0.073
ttt_playerspawn	-617.918213 112.459518 1.556062	-0.043 -0.000 0.043
ttt_playerspawn	-621.836365 2.969251 1.548928	-0.050 -0.000 0.050
ttt_playerspawn	-622.075134 -89.529449 1.558003	-0.041 -0.000 0.041
ttt_playerspawn	1075.681274 893.979858 1.473134	-0.013 -0.000 0.013
ttt_playerspawn	1077.875366 1056.418945 1.454675	-0.014 -0.000 0.014
ttt_playerspawn	1070.595581 1199.433105 1.467258	-0.013 -0.000 0.013
ttt_playerspawn	769.027527 -1220.488281 1.528865	-0.069 -0.000 0.069
ttt_playerspawn	769.382263 -1103.996094 1.526687	-0.072 -0.000 0.072
ttt_playerspawn	773.652832 -975.883118 1.514759	-0.083 -0.000 0.083
ttt_playerspawn	645.319702 -798.220520 -254.404480	-0.014 -0.101 -0.000
ttt_playerspawn	520.232361 -798.302246 -254.464996	-0.063 -0.000 0.063
ttt_playerspawn	-125.184013 -588.867371 -254.482742	-0.081 -0.000 0.081
ttt_playerspawn	-122.875137 -689.116028 -254.471176	-0.069 -0.000 0.069
ttt_playerspawn	-105.101929 733.190857 -254.471146	-0.070 -0.000 0.069
ttt_playerspawn	-1346.920532 -553.639282 -254.457291	-0.055 -0.000 0.055
ttt_playerspawn	-1456.114136 -555.520081 -254.447113	-0.045 -0.000 0.045
ttt_playerspawn	-1563.027222 -551.152466 -254.453049	0.087 8.280 -0.081
ttt_playerspawn	-805.674805 -457.321106 -254.492188	-0.037 -0.000 0.037
ttt_playerspawn	-916.579407 -458.753662 -254.446136	-0.018 -0.000 0.019
ttt_playerspawn	-468.684601 1201.829834 1.538939	-0.089 0.020 0.089
ttt_playerspawn	-548.630188 1206.768555 1.537819	0.042 0.260 0.141
weapon_ttt_ak47	553.810364 -1064.569336 0.873727	0.158 11.844 -87.363
item_box_buckshot_ttt	-873.000000 -640.000000 -254.705994	0.000 0.000 0.000
item_box_buckshot_ttt	-881.000000 -640.000000 -254.705994	0.000 0.000 0.000
item_box_buckshot_ttt	-889.000000 -640.000000 -254.705994	0.000 0.000 0.000
item_box_buckshot_ttt	-897.000000 -640.000000 -254.705994	0.000 0.000 0.000
item_box_buckshot_ttt	-905.000000 -640.000000 -254.705994	0.000 0.000 0.000
item_box_buckshot_ttt	1112.400024 -146.895996 1.293870	0.000 0.000 0.000
item_box_buckshot_ttt	1101.000000 -145.824997 1.293880	0.000 0.000 0.000
item_box_buckshot_ttt	412.114990 -18.604000 1.293880	0.000 0.000 0.000
item_box_buckshot_ttt	755.336975 734.523010 1.293880	0.000 0.000 0.000
item_box_buckshot_ttt	-87.943901 1608.349976 1.293880	0.000 0.000 0.000
item_box_buckshot_ttt	-303.890015 1161.670044 1.293880	0.000 0.000 0.000
item_box_buckshot_ttt	-947.518982 1256.760010 1.293880	0.000 0.000 0.000
item_box_buckshot_ttt	-960.288025 1254.530029 1.293880	0.000 0.000 0.000
item_box_buckshot_ttt	-975.471985 1252.979980 1.293880	0.000 0.000 0.000
item_box_buckshot_ttt	-997.020020 1252.420044 1.293870	0.000 0.000 0.000
item_box_buckshot_ttt	-873.000000 -640.000000 -254.705994	0.000 0.000 0.000
item_box_buckshot_ttt	-881.000000 -640.000000 -254.705994	0.000 0.000 0.000
item_box_buckshot_ttt	-889.000000 -640.000000 -254.705994	0.000 0.000 0.000
item_box_buckshot_ttt	-897.000000 -640.000000 -254.705994	0.000 0.000 0.000
item_box_buckshot_ttt	-905.000000 -640.000000 -254.705994	0.000 0.000 0.000
item_box_buckshot_ttt	1112.400024 -146.895996 1.293870	0.000 0.000 0.000
item_box_buckshot_ttt	1101.000000 -145.824997 1.293880	0.000 0.000 0.000
item_box_buckshot_ttt	412.114990 -18.604000 1.293880	0.000 0.000 0.000
item_box_buckshot_ttt	755.336975 734.523010 1.293880	0.000 0.000 0.000
item_box_buckshot_ttt	-87.943901 1608.349976 1.293880	0.000 0.000 0.000
item_box_buckshot_ttt	-303.890015 1161.670044 1.293880	0.000 0.000 0.000
item_box_buckshot_ttt	-947.518982 1256.760010 1.293880	0.000 0.000 0.000
item_box_buckshot_ttt	-960.288025 1254.530029 1.293880	0.000 0.000 0.000
item_box_buckshot_ttt	-975.471985 1252.979980 1.293880	0.000 0.000 0.000
item_box_buckshot_ttt	-997.020020 1252.420044 1.293870	0.000 0.000 0.000
weapon_ttt_smokegrenade	-201.884995 -382.282013 -250.264999	0.000 0.000 0.000
weapon_ttt_smokegrenade	-249.369995 78.702698 -250.264999	0.000 0.000 0.000
weapon_ttt_smokegrenade	12.040100 267.335999 5.734560	0.000 0.000 0.000
weapon_ttt_smokegrenade	-137.675995 885.598999 5.734550	0.000 0.000 0.000
weapon_ttt_smokegrenade	-922.465027 135.516006 -250.264999	0.000 0.000 0.000
weapon_ttt_smokegrenade	-1320.599976 -233.824005 -250.264999	0.000 0.000 0.000
weapon_ttt_smokegrenade	-1225.040039 -674.424988 -250.264999	0.000 0.000 0.000
weapon_ttt_smokegrenade	-732.508972 760.807007 -250.264999	0.000 0.000 0.000
weapon_ttt_smokegrenade	-331.946014 875.179016 5.734560	0.000 0.000 0.000
weapon_ttt_smokegrenade	-728.669006 1919.020020 5.734560	0.000 0.000 0.000
weapon_ttt_smokegrenade	-385.506989 1924.449951 5.734550	0.000 0.000 0.000
weapon_ttt_smokegrenade	-604.257996 2054.649902 136.522995	0.000 0.000 0.000
weapon_ttt_smokegrenade	-60.853001 1184.020020 5.734560	0.000 0.000 0.000
weapon_ttt_smokegrenade	-201.884995 -382.282013 -250.264999	0.000 0.000 0.000
weapon_ttt_smokegrenade	-249.369995 78.702698 -250.264999	0.000 0.000 0.000
weapon_ttt_smokegrenade	12.040100 267.335999 5.734560	0.000 0.000 0.000
weapon_ttt_smokegrenade	-137.675995 885.598999 5.734550	0.000 0.000 0.000
weapon_ttt_smokegrenade	-922.465027 135.516006 -250.264999	0.000 0.000 0.000
weapon_ttt_smokegrenade	-1320.599976 -233.824005 -250.264999	0.000 0.000 0.000
weapon_ttt_smokegrenade	-1225.040039 -674.424988 -250.264999	0.000 0.000 0.000
weapon_ttt_smokegrenade	-732.508972 760.807007 -250.264999	0.000 0.000 0.000
weapon_ttt_smokegrenade	-331.946014 875.179016 5.734560	0.000 0.000 0.000
weapon_ttt_smokegrenade	-728.669006 1919.020020 5.734560	0.000 0.000 0.000
weapon_ttt_smokegrenade	-385.506989 1924.449951 5.734550	0.000 0.000 0.000
weapon_ttt_smokegrenade	-604.257996 2054.649902 136.522995	0.000 0.000 0.000
weapon_ttt_smokegrenade	-60.853001 1184.020020 5.734560	0.000 0.000 0.000
item_ammo_357_ttt	-711.000000 -734.000000 -254.723999	0.000 0.000 0.000
item_ammo_357_ttt	-723.000000 -734.000000 -254.723999	0.000 0.000 0.000
item_ammo_357_ttt	-735.000000 -734.000000 -254.723999	0.000 0.000 0.000
item_ammo_357_ttt	-460.858002 2027.180054 127.100998	0.000 0.000 10.000
item_ammo_357_ttt	-469.997009 2029.819946 127.944000	0.000 0.000 10.000
item_ammo_357_ttt	-479.299011 2030.000000 128.000000	0.000 0.000 10.000
item_ammo_357_ttt	-711.000000 -734.000000 -254.723999	0.000 0.000 0.000
item_ammo_357_ttt	-723.000000 -734.000000 -254.723999	0.000 0.000 0.000
item_ammo_357_ttt	-735.000000 -734.000000 -254.723999	0.000 0.000 0.000
item_ammo_357_ttt	-460.858002 2027.180054 127.100998	0.000 0.000 10.000
item_ammo_357_ttt	-469.997009 2029.819946 127.944000	0.000 0.000 10.000
item_ammo_357_ttt	-479.299011 2030.000000 128.000000	0.000 0.000 10.000
item_ammo_357_ttt	964.259277 1239.219482 200.346405	0.454 0.040 0.049
item_ammo_357_ttt	966.220703 1274.591187 200.338684	0.452 0.067 0.052
item_ammo_revolver_ttt	-717.000000 -734.000000 -254.723999	0.000 0.000 0.000
item_ammo_revolver_ttt	-729.000000 -734.000000 -254.723999	0.000 0.000 0.000
item_ammo_revolver_ttt	-741.000000 -734.000000 -254.723999	0.000 0.000 0.000
item_ammo_revolver_ttt	-717.000000 -734.000000 -254.723999	0.000 0.000 0.000
item_ammo_revolver_ttt	-729.000000 -734.000000 -254.723999	0.000 0.000 0.000
item_ammo_revolver_ttt	-741.000000 -734.000000 -254.723999	0.000 0.000 0.000
item_ammo_smg1_ttt	-764.000000 -640.375977 -254.654999	0.000 0.000 0.000
item_ammo_smg1_ttt	-774.922974 -640.317017 -254.654999	0.000 0.000 0.000
item_ammo_smg1_ttt	-786.375977 -640.000000 -254.654999	0.000 0.000 0.000
item_ammo_smg1_ttt	-1026.000000 -734.000000 -254.654999	0.000 0.000 0.000
item_ammo_smg1_ttt	-1038.000000 -734.000000 -254.654999	0.000 0.000 0.000
item_ammo_smg1_ttt	-1050.000000 -734.000000 -254.654999	0.000 0.000 0.000
item_ammo_smg1_ttt	-995.908020 1228.630005 1.344720	0.000 0.000 0.000
item_ammo_smg1_ttt	-999.098999 1275.079956 1.344720	0.000 0.000 0.000
item_ammo_smg1_ttt	-982.794006 1274.640015 1.344730	0.000 0.000 0.000
item_ammo_smg1_ttt	-670.956970 2023.660034 1.344720	0.000 0.000 0.000
item_ammo_smg1_ttt	-144.643005 2002.550049 1.344720	0.000 0.000 0.000
item_ammo_smg1_ttt	663.702026 1173.969971 1.344720	0.000 0.000 0.000
item_ammo_smg1_ttt	741.775024 776.156006 1.344720	0.000 0.000 0.000
item_ammo_smg1_ttt	395.968994 -20.635700 1.344720	0.000 0.000 0.000
item_ammo_smg1_ttt	-714.927002 -292.467987 1.344720	0.000 0.000 0.000
item_ammo_smg1_ttt	-924.362000 94.170197 1.344720	0.000 0.000 0.000
item_ammo_smg1_ttt	-79.459602 875.273010 1.344720	0.000 0.000 0.000
item_ammo_smg1_ttt	-86.556503 846.927002 1.344720	0.000 0.000 0.000
item_ammo_smg1_ttt	-99.353203 863.783997 1.344720	0.000 0.000 0.000
item_ammo_smg1_ttt	1130.430054 1331.459961 1.344720	0.000 0.000 0.000
item_ammo_smg1_ttt	1131.479980 1308.270020 1.344730	0.000 0.000 0.000
item_ammo_smg1_ttt	1111.280029 1323.020020 1.344720	0.000 0.000 0.000
item_ammo_smg1_ttt	-764.000000 -640.375977 -254.654999	0.000 0.000 0.000
item_ammo_smg1_ttt	-774.922974 -640.317017 -254.654999	0.000 0.000 0.000
item_ammo_smg1_ttt	-786.375977 -640.000000 -254.654999	0.000 0.000 0.000
item_ammo_smg1_ttt	-1026.000000 -734.000000 -254.654999	0.000 0.000 0.000
item_ammo_smg1_ttt	-1038.000000 -734.000000 -254.654999	0.000 0.000 0.000
item_ammo_smg1_ttt	-1050.000000 -734.000000 -254.654999	0.000 0.000 0.000
item_ammo_smg1_ttt	-995.908020 1228.630005 1.344720	0.000 0.000 0.000
item_ammo_smg1_ttt	-999.098999 1275.079956 1.344720	0.000 0.000 0.000
item_ammo_smg1_ttt	-982.794006 1274.640015 1.344730	0.000 0.000 0.000
item_ammo_smg1_ttt	-670.956970 2023.660034 1.344720	0.000 0.000 0.000
item_ammo_smg1_ttt	-144.643005 2002.550049 1.344720	0.000 0.000 0.000
item_ammo_smg1_ttt	663.702026 1173.969971 1.344720	0.000 0.000 0.000
item_ammo_smg1_ttt	741.775024 776.156006 1.344720	0.000 0.000 0.000
item_ammo_smg1_ttt	395.968994 -20.635700 1.344720	0.000 0.000 0.000
item_ammo_smg1_ttt	-714.927002 -292.467987 1.344720	0.000 0.000 0.000
item_ammo_smg1_ttt	-924.362000 94.170197 1.344720	0.000 0.000 0.000
item_ammo_smg1_ttt	-79.459602 875.273010 1.344720	0.000 0.000 0.000
item_ammo_smg1_ttt	-86.556503 846.927002 1.344720	0.000 0.000 0.000
item_ammo_smg1_ttt	-99.353203 863.783997 1.344720	0.000 0.000 0.000
item_ammo_smg1_ttt	1130.430054 1331.459961 1.344720	0.000 0.000 0.000
item_ammo_smg1_ttt	1131.479980 1308.270020 1.344730	0.000 0.000 0.000
item_ammo_smg1_ttt	1111.280029 1323.020020 1.344720	0.000 0.000 0.000
item_ammo_smg1_ttt	-31.824253 -182.001022 -255.584946	0.263 -0.003 0.143
item_ammo_smg1_ttt	-1338.277832 126.245537 -255.579880	-0.418 0.004 0.269
item_ammo_smg1_ttt	-1320.901733 125.509499 -255.499634	0.810 0.011 0.601
item_ammo_smg1_ttt	-111.385803 -292.922791 -255.467972	0.362 1.365 -0.266
item_ammo_smg1_ttt	-93.739006 -292.211212 -255.498337	0.815 -0.011 -0.605
item_ammo_pistol_ttt	0.361324 -280.363007 137.279999	0.000 0.000 0.000
item_ammo_pistol_ttt	-576.513977 -276.584015 137.279999	0.000 0.000 0.000
item_ammo_pistol_ttt	-963.567017 -883.939026 1.280140	0.000 0.000 0.000
item_ammo_pistol_ttt	-977.424011 -883.169006 1.280140	0.000 0.000 0.000
item_ammo_pistol_ttt	317.303009 -998.304016 1.280140	0.000 0.000 0.000
item_ammo_pistol_ttt	306.402008 -1000.599976 1.280140	0.000 0.000 0.000
item_ammo_pistol_ttt	336.475006 -992.862976 1.280140	0.000 0.000 0.000
item_ammo_pistol_ttt	562.539978 -1114.319946 1.280140	0.000 0.000 0.000
item_ammo_pistol_ttt	563.992004 -1089.280029 1.280140	0.000 0.000 0.000
item_ammo_pistol_ttt	550.632019 -1102.630005 1.280140	0.000 0.000 0.000
item_ammo_pistol_ttt	343.761993 -651.343018 -254.720001	0.000 0.000 0.000
item_ammo_pistol_ttt	349.770996 -651.999023 -254.720001	0.000 0.000 0.000
item_ammo_pistol_ttt	359.750000 -652.033020 -254.720001	0.000 0.000 0.000
item_ammo_pistol_ttt	421.709991 -661.703979 -126.720001	0.000 0.000 0.000
item_ammo_pistol_ttt	411.230988 -662.534973 -126.720001	0.000 0.000 0.000
item_ammo_pistol_ttt	402.307007 -664.072021 -126.720001	0.000 0.000 0.000
item_ammo_pistol_ttt	-580.861023 -646.922974 -254.720001	0.000 0.000 0.000
item_ammo_pistol_ttt	-927.322998 -538.495972 -254.720001	0.000 0.000 0.000
item_ammo_pistol_ttt	-918.822998 -538.481018 -254.720001	0.000 0.000 0.000
item_ammo_pistol_ttt	-910.107971 -534.543030 -254.720001	0.000 0.000 0.000
item_ammo_pistol_ttt	-1596.869995 -351.467010 -224.000000	0.000 0.000 0.000
item_ammo_pistol_ttt	-1588.199951 -352.000000 -224.000000	0.000 0.000 0.000
item_ammo_pistol_ttt	-1328.000000 -278.809998 -220.000000	0.000 0.000 0.000
item_ammo_pistol_ttt	-1333.630005 -277.226990 -220.000000	0.000 0.000 0.000
item_ammo_pistol_ttt	-1070.000000 -640.000000 -254.720001	0.000 0.000 0.000
item_ammo_pistol_ttt	-1076.000000 -640.000000 -254.720001	0.000 0.000 0.000
item_ammo_pistol_ttt	-1082.000000 -640.000000 -254.720001	0.000 0.000 0.000
item_ammo_pistol_ttt	-1088.000000 -640.000000 -254.720001	0.000 0.000 0.000
item_ammo_pistol_ttt	-1094.000000 -640.000000 -254.720001	0.000 0.000 0.000
item_ammo_pistol_ttt	-1106.000000 -640.000000 -254.720001	0.000 0.000 0.000
item_ammo_pistol_ttt	-1100.000000 -640.000000 -254.720001	0.000 0.000 0.000
item_ammo_pistol_ttt	-930.453979 1049.130005 201.279999	0.000 0.000 0.000
item_ammo_pistol_ttt	31.556700 762.698975 201.279999	0.000 0.000 0.000
item_ammo_pistol_ttt	45.648499 763.689026 201.279999	0.000 0.000 0.000
item_ammo_pistol_ttt	51.896198 663.142029 201.279999	0.000 0.000 0.000
item_ammo_pistol_ttt	38.088799 663.572998 201.279999	0.000 0.000 0.000
item_ammo_pistol_ttt	21.417700 662.710999 201.279999	0.000 0.000 0.000
item_ammo_pistol_ttt	-154.636002 1172.000000 1.280140	0.000 0.000 0.000
item_ammo_pistol_ttt	-141.018997 1172.099976 1.280140	0.000 0.000 0.000
item_ammo_pistol_ttt	-127.732002 1171.420044 1.280140	0.000 0.000 0.000
item_ammo_pistol_ttt	-609.013000 2032.979980 1.280150	0.000 0.000 0.000
item_ammo_pistol_ttt	-633.551025 2006.229980 125.485001	0.000 0.000 0.000
item_ammo_pistol_ttt	-609.252991 1892.530029 -0.719868	0.000 0.000 0.000
item_ammo_pistol_ttt	-413.334991 741.179993 -254.720001	0.000 0.000 0.000
item_ammo_pistol_ttt	880.523987 -230.376007 1.280140	0.000 0.000 0.000
item_ammo_pistol_ttt	1073.750000 -177.925003 1.280140	0.000 0.000 0.000
item_ammo_pistol_ttt	-807.226990 1193.199951 1.280150	0.000 0.000 0.000
item_ammo_pistol_ttt	-797.351990 1192.300049 1.280140	0.000 0.000 0.000
item_ammo_pistol_ttt	-786.322998 1193.650024 1.280140	0.000 0.000 0.000
item_ammo_pistol_ttt	-775.719971 1190.060059 1.280140	0.000 0.000 0.000
item_ammo_pistol_ttt	-764.677979 1191.760010 1.280140	0.000 0.000 0.000
item_ammo_pistol_ttt	0.361324 -280.363007 137.279999	0.000 0.000 0.000
item_ammo_pistol_ttt	-576.513977 -276.584015 137.279999	0.000 0.000 0.000
item_ammo_pistol_ttt	-963.567017 -883.939026 1.280140	0.000 0.000 0.000
item_ammo_pistol_ttt	-977.424011 -883.169006 1.280140	0.000 0.000 0.000
item_ammo_pistol_ttt	317.303009 -998.304016 1.280140	0.000 0.000 0.000
item_ammo_pistol_ttt	306.402008 -1000.599976 1.280140	0.000 0.000 0.000
item_ammo_pistol_ttt	336.475006 -992.862976 1.280140	0.000 0.000 0.000
item_ammo_pistol_ttt	562.539978 -1114.319946 1.280140	0.000 0.000 0.000
item_ammo_pistol_ttt	563.992004 -1089.280029 1.280140	0.000 0.000 0.000
item_ammo_pistol_ttt	550.632019 -1102.630005 1.280140	0.000 0.000 0.000
item_ammo_pistol_ttt	343.761993 -651.343018 -254.720001	0.000 0.000 0.000
item_ammo_pistol_ttt	349.770996 -651.999023 -254.720001	0.000 0.000 0.000
item_ammo_pistol_ttt	359.750000 -652.033020 -254.720001	0.000 0.000 0.000
item_ammo_pistol_ttt	421.709991 -661.703979 -126.720001	0.000 0.000 0.000
item_ammo_pistol_ttt	411.230988 -662.534973 -126.720001	0.000 0.000 0.000
item_ammo_pistol_ttt	402.307007 -664.072021 -126.720001	0.000 0.000 0.000
item_ammo_pistol_ttt	-580.861023 -646.922974 -254.720001	0.000 0.000 0.000
item_ammo_pistol_ttt	-927.322998 -538.495972 -254.720001	0.000 0.000 0.000
item_ammo_pistol_ttt	-918.822998 -538.481018 -254.720001	0.000 0.000 0.000
item_ammo_pistol_ttt	-910.107971 -534.543030 -254.720001	0.000 0.000 0.000
item_ammo_pistol_ttt	-1596.869995 -351.467010 -224.000000	0.000 0.000 0.000
item_ammo_pistol_ttt	-1588.199951 -352.000000 -224.000000	0.000 0.000 0.000
item_ammo_pistol_ttt	-1328.000000 -278.809998 -220.000000	0.000 0.000 0.000
item_ammo_pistol_ttt	-1333.630005 -277.226990 -220.000000	0.000 0.000 0.000
item_ammo_pistol_ttt	-1070.000000 -640.000000 -254.720001	0.000 0.000 0.000
item_ammo_pistol_ttt	-1076.000000 -640.000000 -254.720001	0.000 0.000 0.000
item_ammo_pistol_ttt	-1082.000000 -640.000000 -254.720001	0.000 0.000 0.000
item_ammo_pistol_ttt	-1088.000000 -640.000000 -254.720001	0.000 0.000 0.000
item_ammo_pistol_ttt	-1094.000000 -640.000000 -254.720001	0.000 0.000 0.000
item_ammo_pistol_ttt	-1106.000000 -640.000000 -254.720001	0.000 0.000 0.000
item_ammo_pistol_ttt	-1100.000000 -640.000000 -254.720001	0.000 0.000 0.000
item_ammo_pistol_ttt	-930.453979 1049.130005 201.279999	0.000 0.000 0.000
item_ammo_pistol_ttt	31.556700 762.698975 201.279999	0.000 0.000 0.000
item_ammo_pistol_ttt	45.648499 763.689026 201.279999	0.000 0.000 0.000
item_ammo_pistol_ttt	51.896198 663.142029 201.279999	0.000 0.000 0.000
item_ammo_pistol_ttt	38.088799 663.572998 201.279999	0.000 0.000 0.000
item_ammo_pistol_ttt	21.417700 662.710999 201.279999	0.000 0.000 0.000
item_ammo_pistol_ttt	-154.636002 1172.000000 1.280140	0.000 0.000 0.000
item_ammo_pistol_ttt	-141.018997 1172.099976 1.280140	0.000 0.000 0.000
item_ammo_pistol_ttt	-127.732002 1171.420044 1.280140	0.000 0.000 0.000
item_ammo_pistol_ttt	-609.013000 2032.979980 1.280150	0.000 0.000 0.000
item_ammo_pistol_ttt	-633.551025 2006.229980 125.485001	0.000 0.000 0.000
item_ammo_pistol_ttt	-609.252991 1892.530029 -0.719868	0.000 0.000 0.000
item_ammo_pistol_ttt	-413.334991 741.179993 -254.720001	0.000 0.000 0.000
item_ammo_pistol_ttt	880.523987 -230.376007 1.280140	0.000 0.000 0.000
item_ammo_pistol_ttt	1073.750000 -177.925003 1.280140	0.000 0.000 0.000
item_ammo_pistol_ttt	-807.226990 1193.199951 1.280150	0.000 0.000 0.000
item_ammo_pistol_ttt	-797.351990 1192.300049 1.280140	0.000 0.000 0.000
item_ammo_pistol_ttt	-786.322998 1193.650024 1.280140	0.000 0.000 0.000
item_ammo_pistol_ttt	-775.719971 1190.060059 1.280140	0.000 0.000 0.000
item_ammo_pistol_ttt	-764.677979 1191.760010 1.280140	0.000 0.000 0.000
item_ammo_pistol_ttt	1142.700928 865.439636 200.347626	-0.132 -0.019 -0.040
item_ammo_pistol_ttt	1127.474976 865.814758 200.380035	-0.104 -0.020 -0.031
item_ammo_pistol_ttt	1135.229004 865.141113 200.358597	-0.122 -0.019 -0.037
weapon_ttt_g3sg1	-132.285889 -291.347778 141.678680	-0.860 0.439 -87.777
ttt_random_weapon	-223.986740 820.887939 -241.187820	1.867 5.026 -92.616
ttt_random_weapon	258.521545 -616.155823 -244.908203	1.739 3.646 -92.909
ttt_random_weapon	-684.884399 121.172264 31.463938	6.993 177.767 -82.302
ttt_random_weapon	-34.511940 -172.488297 19.716764	5.630 173.575 -93.851
ttt_random_weapon	-157.774918 179.146194 33.056072	2.898 173.686 -89.238
ttt_random_weapon	953.679504 -127.749405 15.187150	4.841 -158.130 -97.094
ttt_random_weapon	1025.256104 -110.714157 12.981545	1.174 -160.386 -93.824
ttt_random_weapon	1087.027466 1309.281250 19.770348	5.125 173.348 -95.563
ttt_random_weapon	-176.585358 1974.171509 29.145468	-2.945 -177.299 -91.550
ttt_random_weapon	-147.513901 2020.369385 29.093981	6.009 -165.590 -99.841
ttt_random_weapon	-52.531418 810.284973 215.736343	-3.952 173.277 -81.282
ttt_random_weapon	894.282959 872.895752 228.695267	-1.854 166.427 -98.364
ttt_random_weapon	894.664246 890.893066 224.163818	-0.721 170.004 -96.108
ttt_random_weapon	-830.173706 -713.605164 -241.639542	3.869 178.132 -86.625
ttt_random_weapon	-937.302368 -703.169861 -239.705292	5.067 -176.613 -98.440
ttt_random_weapon	-1240.584961 -724.042908 -240.785385	2.945 176.751 -94.078
weapon_zm_sledge	-388.149994 12.118800 4.857760	0.000 0.000 0.000
weapon_zm_sledge	-1143.069946 -401.201996 -251.141998	0.000 0.000 0.000
weapon_zm_sledge	-1351.410034 501.420013 -251.141998	0.000 0.000 0.000
weapon_zm_sledge	-388.149994 12.118800 4.857760	0.000 0.000 0.000
weapon_zm_sledge	-1143.069946 -401.201996 -251.141998	0.000 0.000 0.000
weapon_zm_sledge	-1351.410034 501.420013 -251.141998	0.000 0.000 0.000
weapon_ttt_smg	1136.652466 886.233582 205.681458	5.029 0.156 0.914
weapon_ttt_smg	910.796509 -161.722794 5.596754	5.077 0.205 0.580
weapon_ttt_m16	-352.903992 -281.855011 141.682999	0.000 0.000 0.000
weapon_ttt_m16	-481.132996 259.114990 5.682850	0.000 0.000 0.000
weapon_ttt_m16	921.403015 -225.848999 5.682850	0.000 0.000 0.000
weapon_ttt_m16	747.343994 760.500000 5.682850	0.000 0.000 0.000
weapon_ttt_m16	-753.469971 2011.550049 5.682840	0.000 0.000 0.000
weapon_ttt_m16	-62.348801 942.645996 205.682999	0.000 0.000 0.000
weapon_ttt_m16	-927.690002 -885.210999 5.682850	0.000 0.000 0.000
weapon_ttt_m16	662.888000 -998.739990 5.682850	0.000 0.000 0.000
weapon_ttt_m16	372.408997 -723.200989 -250.317001	0.000 0.000 0.000
weapon_ttt_m16	-526.474976 -606.146973 -250.317001	0.000 0.000 0.000
weapon_ttt_m16	-1606.739990 -10.780800 -250.317001	0.000 0.000 0.000
weapon_ttt_m16	-1091.640015 -615.560974 -250.317001	0.000 0.000 0.000
weapon_ttt_m16	-352.903992 -281.855011 141.682999	0.000 0.000 0.000
weapon_ttt_m16	-481.132996 259.114990 5.682850	0.000 0.000 0.000
weapon_ttt_m16	921.403015 -225.848999 5.682850	0.000 0.000 0.000
weapon_ttt_m16	747.343994 760.500000 5.682850	0.000 0.000 0.000
weapon_ttt_m16	-753.469971 2011.550049 5.682840	0.000 0.000 0.000
weapon_ttt_m16	-62.348801 942.645996 205.682999	0.000 0.000 0.000
weapon_ttt_m16	-927.690002 -885.210999 5.682850	0.000 0.000 0.000
weapon_ttt_m16	662.888000 -998.739990 5.682850	0.000 0.000 0.000
weapon_ttt_m16	372.408997 -723.200989 -250.317001	0.000 0.000 0.000
weapon_ttt_m16	-526.474976 -606.146973 -250.317001	0.000 0.000 0.000
weapon_ttt_m16	-1606.739990 -10.780800 -250.317001	0.000 0.000 0.000
weapon_ttt_m16	-1091.640015 -615.560974 -250.317001	0.000 0.000 0.000
weapon_ttt_tmp	-114.457184 667.684143 201.287201	0.138 -23.288 -89.002
weapon_ttt_mp5	812.356506 794.909607 13.594921	0.387 -13.053 -90.262
weapon_ttt_galil	-827.064514 2002.797729 17.833395	0.940 2.160 -87.430
weapon_zm_molotov	26.769400 296.457001 5.734560	0.000 0.000 0.000
weapon_zm_molotov	44.288799 762.781006 5.734560	0.000 0.000 0.000
weapon_zm_molotov	961.140015 803.943970 5.734560	0.000 0.000 0.000
weapon_zm_molotov	-1.341050 -300.674988 5.734560	0.000 0.000 0.000
weapon_zm_molotov	-722.575989 -279.226013 5.734560	0.000 0.000 0.000
weapon_zm_molotov	-1564.449951 -5.338820 -250.264999	0.000 0.000 0.000
weapon_zm_molotov	-1342.140015 72.152000 -250.264999	0.000 0.000 0.000
weapon_zm_molotov	-1045.520020 -152.447006 -250.264999	0.000 0.000 0.000
weapon_zm_molotov	26.769400 296.457001 5.734560	0.000 0.000 0.000
weapon_zm_molotov	44.288799 762.781006 5.734560	0.000 0.000 0.000
weapon_zm_molotov	961.140015 803.943970 5.734560	0.000 0.000 0.000
weapon_zm_molotov	-1.341050 -300.674988 5.734560	0.000 0.000 0.000
weapon_zm_molotov	-722.575989 -279.226013 5.734560	0.000 0.000 0.000
weapon_zm_molotov	-1564.449951 -5.338820 -250.264999	0.000 0.000 0.000
weapon_zm_molotov	-1342.140015 72.152000 -250.264999	0.000 0.000 0.000
weapon_zm_molotov	-1045.520020 -152.447006 -250.264999	0.000 0.000 0.000
weapon_ttt_sg550	979.949097 1208.546631 203.695786	0.362 -3.449 -89.823
ttt_random_ammo	295.506989 -1398.800049 1.000600	0.000 0.000 0.000
ttt_random_ammo	-840.341003 -1430.290039 1.000600	0.000 0.000 0.000
ttt_random_ammo	-702.046021 -1421.130005 1.000600	0.000 0.000 0.000
ttt_random_ammo	-614.132019 -1010.869995 3.000600	0.000 0.000 0.000
ttt_random_ammo	-615.432983 -1356.989990 3.000600	0.000 0.000 0.000
ttt_random_ammo	-615.518005 -1170.699951 3.000600	0.000 0.000 0.000
ttt_random_ammo	-534.802002 -618.421021 1.000610	0.000 0.000 0.000
ttt_random_ammo	-695.325012 -215.238998 1.000600	0.000 0.000 0.000
ttt_random_ammo	-751.482971 219.507996 1.000600	0.000 0.000 0.000
ttt_random_ammo	-240.477997 114.348000 1.000600	0.000 0.000 0.000
ttt_random_ammo	-322.345001 113.983002 1.000600	0.000 0.000 0.000
ttt_random_ammo	-431.911011 113.031998 1.000600	0.000 0.000 0.000
ttt_random_ammo	-229.317993 -93.871902 1.000590	0.000 0.000 0.000
ttt_random_ammo	-338.042999 -94.066200 1.000600	0.000 0.000 0.000
ttt_random_ammo	-432.697998 -88.108704 1.000600	0.000 0.000 0.000
ttt_random_ammo	-271.463013 602.286987 1.000600	0.000 0.000 0.000
ttt_random_ammo	-335.535004 636.224976 1.000600	0.000 0.000 0.000
ttt_random_ammo	-303.122009 883.883972 -254.998993	0.000 0.000 0.000
ttt_random_ammo	-303.170013 878.116028 -254.998993	0.000 0.000 0.000
ttt_random_ammo	-303.873993 870.622986 -254.998993	0.000 0.000 0.000
ttt_random_ammo	-353.966003 884.364014 -254.998993	0.000 0.000 0.000
ttt_random_ammo	-114.855003 887.840027 -254.998993	0.000 0.000 0.000
ttt_random_ammo	-234.641006 615.627991 -254.998993	0.000 0.000 0.000
ttt_random_ammo	-316.023987 586.447021 -254.998993	0.000 0.000 0.000
ttt_random_ammo	-347.592987 640.208984 -254.998993	0.000 0.000 0.000
ttt_random_ammo	-309.368988 26.063200 -254.998993	0.000 0.000 0.000
ttt_random_ammo	-307.248993 74.626198 -254.998993	0.000 0.000 0.000
ttt_random_ammo	-223.860992 -384.795990 -254.998993	0.000 0.000 0.000
ttt_random_ammo	-222.748001 -399.347992 -254.998993	0.000 0.000 0.000
ttt_random_ammo	-225.511002 -411.048004 -254.998993	0.000 0.000 0.000
ttt_random_ammo	-224.138000 -426.100006 -254.998993	0.000 0.000 0.000
ttt_random_ammo	224.472000 -596.851013 -254.998993	0.000 0.000 0.000
ttt_random_ammo	255.345001 -597.828979 -254.998993	0.000 0.000 0.000
ttt_random_ammo	328.227997 -603.835022 -126.999001	0.000 0.000 0.000
ttt_random_ammo	324.394012 -613.742004 -126.999001	0.000 0.000 0.000
ttt_random_ammo	847.931030 -855.627991 1.000600	0.000 0.000 0.000
ttt_random_ammo	776.530029 -1367.270020 1.000600	0.000 0.000 0.000
ttt_random_ammo	66.799797 -1438.880005 1.000600	0.000 0.000 0.000
ttt_random_ammo	-873.520020 -927.598999 1.000590	0.000 0.000 0.000
ttt_random_ammo	-499.949005 -824.193970 1.000600	0.000 0.000 0.000
ttt_random_ammo	-805.937988 1376.500000 1.000610	0.000 0.000 0.000
ttt_random_ammo	-756.556030 1922.819946 1.000600	0.000 0.000 0.000
ttt_random_ammo	-500.256989 1887.800049 -0.999400	0.000 0.000 0.000
ttt_random_ammo	-195.878006 1176.810059 1.000600	0.000 0.000 0.000
ttt_random_ammo	430.868988 1177.900024 1.000600	0.000 0.000 0.000
ttt_random_ammo	394.000000 885.000000 201.001007	0.000 0.000 0.000
ttt_random_ammo	394.000000 876.000000 201.001007	0.000 0.000 0.000
ttt_random_ammo	394.000000 866.000000 201.001007	0.000 0.000 0.000
ttt_random_ammo	394.000000 857.000000 201.001007	0.000 0.000 0.000
ttt_random_ammo	394.000000 848.000000 201.001007	0.000 0.000 0.000
ttt_random_ammo	394.000000 839.000000 201.001007	0.000 0.000 0.000
ttt_random_ammo	394.000000 829.000000 201.001007	0.000 0.000 0.000
ttt_random_ammo	394.000000 820.000000 201.001007	0.000 0.000 0.000
ttt_random_ammo	399.000000 464.000000 1.000600	0.000 0.000 0.000
ttt_random_ammo	398.000000 452.000000 1.000600	0.000 0.000 0.000
ttt_random_ammo	398.000000 438.000000 1.000620	0.000 0.000 0.000
ttt_random_ammo	398.000000 425.000000 1.000620	0.000 0.000 0.000
ttt_random_ammo	398.795013 409.835999 1.000600	0.000 0.000 0.000
ttt_random_ammo	861.580017 857.445007 201.001007	0.000 0.000 0.000
ttt_random_ammo	862.591980 872.916016 201.001007	0.000 0.000 0.000
ttt_random_ammo	860.103027 885.539978 201.001007	0.000 0.000 0.000
ttt_random_ammo	-242.162003 907.612000 201.001007	0.000 0.000 0.000
ttt_random_ammo	51.293598 850.950989 201.001007	0.000 0.000 0.000
ttt_random_ammo	50.386902 840.427002 201.001007	0.000 0.000 0.000
ttt_random_ammo	51.296600 825.981995 201.001007	0.000 0.000 0.000
ttt_random_ammo	-1.355320 664.403992 201.001007	0.000 0.000 0.000
ttt_random_ammo	-2.607080 652.817017 201.001007	0.000 0.000 0.000
ttt_random_ammo	-4.093200 674.406006 201.001007	0.000 0.000 0.000
ttt_random_ammo	-309.018158 700.389160 203.598404	-88.342 -49.597 66.345
ttt_random_ammo	-849.013000 285.782990 1.000590	0.000 0.000 0.000
ttt_random_ammo	-851.057983 258.997009 1.000600	0.000 0.000 0.000
ttt_random_ammo	-848.908020 224.645004 1.000600	0.000 0.000 0.000
ttt_random_ammo	-1568.609985 -460.631012 -225.000000	0.000 0.000 0.000
ttt_random_ammo	-1658.900024 -462.000000 -225.000000	0.000 0.000 0.000
ttt_random_ammo	-1566.520020 -352.915009 -225.000000	0.000 0.000 0.000
ttt_random_ammo	-1662.089966 -353.299988 -225.000000	0.000 0.000 0.000
ttt_random_ammo	-1657.079956 -258.208008 -225.000000	0.000 0.000 0.000
ttt_random_ammo	-1561.359985 -258.147003 -225.000000	0.000 0.000 0.000
ttt_random_ammo	-1569.989990 -159.283997 -225.000000	0.000 0.000 0.000
ttt_random_ammo	-1657.099976 -159.442001 -225.000000	0.000 0.000 0.000
ttt_random_ammo	-677.000000 546.723999 -229.000000	0.000 0.000 0.000
ttt_random_ammo	-675.791016 505.566010 -229.000000	0.000 0.000 0.000
ttt_random_ammo	-675.932007 469.841003 -229.000000	0.000 0.000 0.000
ttt_random_ammo	-675.984009 515.541016 -229.000000	0.000 0.000 0.000
ttt_random_ammo	-675.708984 460.092987 -229.000000	0.000 0.000 0.000
ttt_random_ammo	-674.513977 557.676025 -229.000000	0.000 0.000 0.000
ttt_random_ammo	295.506989 -1398.800049 1.000600	0.000 0.000 0.000
ttt_random_ammo	-840.341003 -1430.290039 1.000600	0.000 0.000 0.000
ttt_random_ammo	-702.046021 -1421.130005 1.000600	0.000 0.000 0.000
ttt_random_ammo	-614.132019 -1010.869995 3.000600	0.000 0.000 0.000
ttt_random_ammo	-615.432983 -1356.989990 3.000600	0.000 0.000 0.000
ttt_random_ammo	-615.518005 -1170.699951 3.000600	0.000 0.000 0.000
ttt_random_ammo	-534.802002 -618.421021 1.000610	0.000 0.000 0.000
ttt_random_ammo	-695.325012 -215.238998 1.000600	0.000 0.000 0.000
ttt_random_ammo	-751.482971 219.507996 1.000600	0.000 0.000 0.000
ttt_random_ammo	-240.477997 114.348000 1.000600	0.000 0.000 0.000
ttt_random_ammo	-322.345001 113.983002 1.000600	0.000 0.000 0.000
ttt_random_ammo	-431.911011 113.031998 1.000600	0.000 0.000 0.000
ttt_random_ammo	-229.317993 -93.871902 1.000590	0.000 0.000 0.000
ttt_random_ammo	-338.042999 -94.066200 1.000600	0.000 0.000 0.000
ttt_random_ammo	-432.697998 -88.108704 1.000600	0.000 0.000 0.000
ttt_random_ammo	-271.463013 602.286987 1.000600	0.000 0.000 0.000
ttt_random_ammo	-335.535004 636.224976 1.000600	0.000 0.000 0.000
ttt_random_ammo	-303.122009 883.883972 -254.998993	0.000 0.000 0.000
ttt_random_ammo	-303.170013 878.116028 -254.998993	0.000 0.000 0.000
ttt_random_ammo	-303.873993 870.622986 -254.998993	0.000 0.000 0.000
ttt_random_ammo	-353.966003 884.364014 -254.998993	0.000 0.000 0.000
ttt_random_ammo	-114.855003 887.840027 -254.998993	0.000 0.000 0.000
ttt_random_ammo	-234.641006 615.627991 -254.998993	0.000 0.000 0.000
ttt_random_ammo	-316.023987 586.447021 -254.998993	0.000 0.000 0.000
ttt_random_ammo	-347.592987 640.208984 -254.998993	0.000 0.000 0.000
ttt_random_ammo	-309.368988 26.063200 -254.998993	0.000 0.000 0.000
ttt_random_ammo	-307.248993 74.626198 -254.998993	0.000 0.000 0.000
ttt_random_ammo	-223.860992 -384.795990 -254.998993	0.000 0.000 0.000
ttt_random_ammo	-222.748001 -399.347992 -254.998993	0.000 0.000 0.000
ttt_random_ammo	-225.511002 -411.048004 -254.998993	0.000 0.000 0.000
ttt_random_ammo	-224.138000 -426.100006 -254.998993	0.000 0.000 0.000
ttt_random_ammo	224.472000 -596.851013 -254.998993	0.000 0.000 0.000
ttt_random_ammo	255.345001 -597.828979 -254.998993	0.000 0.000 0.000
ttt_random_ammo	328.227997 -603.835022 -126.999001	0.000 0.000 0.000
ttt_random_ammo	324.394012 -613.742004 -126.999001	0.000 0.000 0.000
ttt_random_ammo	847.931030 -855.627991 1.000600	0.000 0.000 0.000
ttt_random_ammo	776.530029 -1367.270020 1.000600	0.000 0.000 0.000
ttt_random_ammo	66.799797 -1438.880005 1.000600	0.000 0.000 0.000
ttt_random_ammo	-873.520020 -927.598999 1.000590	0.000 0.000 0.000
ttt_random_ammo	-499.949005 -824.193970 1.000600	0.000 0.000 0.000
ttt_random_ammo	-805.937988 1376.500000 1.000610	0.000 0.000 0.000
ttt_random_ammo	-756.556030 1922.819946 1.000600	0.000 0.000 0.000
ttt_random_ammo	-500.256989 1887.800049 -0.999400	0.000 0.000 0.000
ttt_random_ammo	-195.878006 1176.810059 1.000600	0.000 0.000 0.000
ttt_random_ammo	430.868988 1177.900024 1.000600	0.000 0.000 0.000
ttt_random_ammo	394.000000 885.000000 201.001007	0.000 0.000 0.000
ttt_random_ammo	394.000000 876.000000 201.001007	0.000 0.000 0.000
ttt_random_ammo	394.000000 866.000000 201.001007	0.000 0.000 0.000
ttt_random_ammo	394.000000 857.000000 201.001007	0.000 0.000 0.000
ttt_random_ammo	394.000000 848.000000 201.001007	0.000 0.000 0.000
ttt_random_ammo	394.000000 839.000000 201.001007	0.000 0.000 0.000
ttt_random_ammo	394.000000 829.000000 201.001007	0.000 0.000 0.000
ttt_random_ammo	394.000000 820.000000 201.001007	0.000 0.000 0.000
ttt_random_ammo	399.000000 464.000000 1.000600	0.000 0.000 0.000
ttt_random_ammo	398.000000 452.000000 1.000600	0.000 0.000 0.000
ttt_random_ammo	398.000000 438.000000 1.000620	0.000 0.000 0.000
ttt_random_ammo	398.000000 425.000000 1.000620	0.000 0.000 0.000
ttt_random_ammo	398.795013 409.835999 1.000600	0.000 0.000 0.000
ttt_random_ammo	861.580017 857.445007 201.001007	0.000 0.000 0.000
ttt_random_ammo	862.591980 872.916016 201.001007	0.000 0.000 0.000
ttt_random_ammo	860.103027 885.539978 201.001007	0.000 0.000 0.000
ttt_random_ammo	-242.162003 907.612000 201.001007	0.000 0.000 0.000
ttt_random_ammo	51.293598 850.950989 201.001007	0.000 0.000 0.000
ttt_random_ammo	50.386902 840.427002 201.001007	0.000 0.000 0.000
ttt_random_ammo	51.296600 825.981995 201.001007	0.000 0.000 0.000
ttt_random_ammo	-1.355320 664.403992 201.001007	0.000 0.000 0.000
ttt_random_ammo	-2.607080 652.817017 201.001007	0.000 0.000 0.000
ttt_random_ammo	-4.093200 674.406006 201.001007	0.000 0.000 0.000
ttt_random_ammo	-255.406189 699.071167 202.699066	89.666 -122.188 -93.447
ttt_random_ammo	-849.013000 285.782990 1.000590	0.000 0.000 0.000
ttt_random_ammo	-851.057983 258.997009 1.000600	0.000 0.000 0.000
ttt_random_ammo	-848.908020 224.645004 1.000600	0.000 0.000 0.000
ttt_random_ammo	-1568.609985 -460.631012 -225.000000	0.000 0.000 0.000
ttt_random_ammo	-1658.900024 -462.000000 -225.000000	0.000 0.000 0.000
ttt_random_ammo	-1566.520020 -352.915009 -225.000000	0.000 0.000 0.000
ttt_random_ammo	-1662.089966 -353.299988 -225.000000	0.000 0.000 0.000
ttt_random_ammo	-1657.079956 -258.208008 -225.000000	0.000 0.000 0.000
ttt_random_ammo	-1561.359985 -258.147003 -225.000000	0.000 0.000 0.000
ttt_random_ammo	-1569.989990 -159.283997 -225.000000	0.000 0.000 0.000
ttt_random_ammo	-1657.099976 -159.442001 -225.000000	0.000 0.000 0.000
ttt_random_ammo	-677.000000 546.723999 -229.000000	0.000 0.000 0.000
ttt_random_ammo	-675.791016 505.566010 -229.000000	0.000 0.000 0.000
ttt_random_ammo	-675.932007 469.841003 -229.000000	0.000 0.000 0.000
ttt_random_ammo	-675.984009 515.541016 -229.000000	0.000 0.000 0.000
ttt_random_ammo	-675.708984 460.092987 -229.000000	0.000 0.000 0.000
ttt_random_ammo	-674.513977 557.676025 -229.000000	0.000 0.000 0.000
weapon_zm_rifle	-71.915703 -280.826996 2.957510	0.000 0.000 0.000
weapon_zm_rifle	-219.225006 591.289978 -253.042007	0.000 0.000 0.000
weapon_zm_rifle	-114.404999 17.968300 -253.042007	0.000 0.000 0.000
weapon_zm_rifle	-1609.310059 -461.000000 -223.000000	0.000 0.000 0.000
weapon_zm_rifle	-457.299988 1976.000000 121.000000	0.000 0.000 -80.000
weapon_zm_rifle	-71.915703 -280.826996 2.957510	0.000 0.000 0.000
weapon_zm_rifle	-219.225006 591.289978 -253.042007	0.000 0.000 0.000
weapon_zm_rifle	-114.404999 17.968300 -253.042007	0.000 0.000 0.000
weapon_zm_rifle	-1609.310059 -461.000000 -223.000000	0.000 0.000 0.000
weapon_zm_rifle	-457.299988 1976.000000 121.000000	0.000 0.000 -80.000
weapon_zm_rifle	979.694641 1247.756592 202.233322	0.565 -2.645 -88.704
weapon_ttt_glock	-273.566010 -265.247009 2.931700	0.000 0.000 0.000
weapon_ttt_glock	-74.116302 963.385986 202.932007	0.000 0.000 0.000
weapon_ttt_glock	-917.504028 1055.900024 202.932007	0.000 0.000 0.000
weapon_ttt_glock	3.446160 227.531006 2.931700	0.000 0.000 0.000
weapon_ttt_glock	918.083008 -196.421005 2.931700	0.000 0.000 0.000
weapon_ttt_glock	1093.089966 1232.599976 2.931700	0.000 0.000 0.000
weapon_ttt_glock	-524.969971 38.971401 -253.067993	0.000 0.000 0.000
weapon_ttt_glock	-1454.209961 -310.023987 -253.067993	0.000 0.000 0.000
weapon_ttt_glock	-703.945007 -508.122986 -253.067993	0.000 0.000 0.000
weapon_ttt_glock	-581.728027 -436.820007 -253.067993	0.000 0.000 0.000
weapon_ttt_glock	-273.566010 -265.247009 2.931700	0.000 0.000 0.000
weapon_ttt_glock	-74.116302 963.385986 202.932007	0.000 0.000 0.000
weapon_ttt_glock	-917.504028 1055.900024 202.932007	0.000 0.000 0.000
weapon_ttt_glock	3.446160 227.531006 2.931700	0.000 0.000 0.000
weapon_ttt_glock	918.083008 -196.421005 2.931700	0.000 0.000 0.000
weapon_ttt_glock	1093.089966 1232.599976 2.931700	0.000 0.000 0.000
weapon_ttt_glock	-524.969971 38.971401 -253.067993	0.000 0.000 0.000
weapon_ttt_glock	-1454.209961 -310.023987 -253.067993	0.000 0.000 0.000
weapon_ttt_glock	-703.945007 -508.122986 -253.067993	0.000 0.000 0.000
weapon_ttt_glock	-581.728027 -436.820007 -253.067993	0.000 0.000 0.000
weapon_zm_mac10	-1448.069946 497.045990 -250.529007	0.000 0.000 0.000
weapon_zm_mac10	-697.900024 588.275024 -250.529007	0.000 0.000 0.000
weapon_zm_mac10	-493.819000 92.442398 -250.529007	0.000 0.000 0.000
weapon_zm_mac10	-182.893005 824.502014 -250.529007	0.000 0.000 0.000
weapon_zm_mac10	-60.004902 866.247986 5.471190	0.000 0.000 0.000
weapon_zm_mac10	-58.514099 842.991028 205.470993	0.000 0.000 0.000
weapon_zm_mac10	1056.390015 1293.420044 205.470993	0.000 0.000 0.000
weapon_zm_mac10	33.340401 84.645203 5.471190	0.000 0.000 0.000
weapon_zm_mac10	-969.307983 1275.900024 5.471190	0.000 0.000 0.000
weapon_zm_mac10	625.851013 1168.579956 5.471180	0.000 0.000 0.000
weapon_zm_mac10	-768.151978 -613.481018 -250.529007	0.000 0.000 0.000
weapon_zm_mac10	-1448.069946 497.045990 -250.529007	0.000 0.000 0.000
weapon_zm_mac10	-697.900024 588.275024 -250.529007	0.000 0.000 0.000
weapon_zm_mac10	-493.819000 92.442398 -250.529007	0.000 0.000 0.000
weapon_zm_mac10	-182.893005 824.502014 -250.529007	0.000 0.000 0.000
weapon_zm_mac10	-60.004902 866.247986 5.471190	0.000 0.000 0.000
weapon_zm_mac10	-58.514099 842.991028 205.470993	0.000 0.000 0.000
weapon_zm_mac10	1056.390015 1293.420044 205.470993	0.000 0.000 0.000
weapon_zm_mac10	33.340401 84.645203 5.471190	0.000 0.000 0.000
weapon_zm_mac10	-969.307983 1275.900024 5.471190	0.000 0.000 0.000
weapon_zm_mac10	625.851013 1168.579956 5.471180	0.000 0.000 0.000
weapon_zm_mac10	-768.151978 -613.481018 -250.529007	0.000 0.000 0.000
weapon_ttt_p228	-1180.967773 -120.427750 -252.059311	36.437 3.737 -2.517
weapon_ttt_p228	-1423.632446 379.328766 -252.057739	36.578 3.132 -3.541
weapon_ttt_p228	-17.398800 -177.506332 -252.096085	36.512 3.432 -1.372
weapon_ttt_p228	-727.813660 -229.237106 0.161201	36.682 0.415 0.110
weapon_zm_pistol	-710.044983 -548.932007 -253.276993	0.000 0.000 0.000
weapon_zm_pistol	-1127.180054 -424.208008 -253.276993	0.000 0.000 0.000
weapon_zm_pistol	-1330.260010 -333.756012 -253.276993	0.000 0.000 0.000
weapon_zm_pistol	-1601.920044 -20.064100 -253.276993	0.000 0.000 0.000
weapon_zm_pistol	-1487.589966 375.808014 -253.276993	0.000 0.000 0.000
weapon_zm_pistol	-524.752991 727.956970 -253.276993	0.000 0.000 0.000
weapon_zm_pistol	-517.463989 82.155197 -253.276993	0.000 0.000 0.000
weapon_zm_pistol	32.115200 70.704498 2.723160	0.000 0.000 0.000
weapon_zm_pistol	-65.549896 -260.726990 2.723160	0.000 0.000 0.000
weapon_zm_pistol	-741.051025 227.643005 2.723150	0.000 0.000 0.000
weapon_zm_pistol	-553.710999 1388.729980 2.723160	0.000 0.000 0.000
weapon_zm_pistol	-664.414978 1898.449951 0.723158	0.000 0.000 0.000
weapon_zm_pistol	637.604980 1186.109985 2.723160	0.000 0.000 0.000
weapon_zm_pistol	410.984009 -737.383972 -253.276993	0.000 0.000 0.000
weapon_zm_pistol	673.119019 -1025.729980 2.723160	0.000 0.000 0.000
weapon_zm_pistol	341.104004 -1344.689941 2.723160	0.000 0.000 0.000
weapon_zm_pistol	-1182.109985 -1341.239990 2.723160	0.000 0.000 0.000
weapon_zm_pistol	-710.044983 -548.932007 -253.276993	0.000 0.000 0.000
weapon_zm_pistol	-1127.180054 -424.208008 -253.276993	0.000 0.000 0.000
weapon_zm_pistol	-1330.260010 -333.756012 -253.276993	0.000 0.000 0.000
weapon_zm_pistol	-1601.920044 -20.064100 -253.276993	0.000 0.000 0.000
weapon_zm_pistol	-1487.589966 375.808014 -253.276993	0.000 0.000 0.000
weapon_zm_pistol	-524.752991 727.956970 -253.276993	0.000 0.000 0.000
weapon_zm_pistol	-517.463989 82.155197 -253.276993	0.000 0.000 0.000
weapon_zm_pistol	32.115200 70.704498 2.723160	0.000 0.000 0.000
weapon_zm_pistol	-65.549896 -260.726990 2.723160	0.000 0.000 0.000
weapon_zm_pistol	-741.051025 227.643005 2.723150	0.000 0.000 0.000
weapon_zm_pistol	-553.710999 1388.729980 2.723160	0.000 0.000 0.000
weapon_zm_pistol	-664.414978 1898.449951 0.723158	0.000 0.000 0.000
weapon_zm_pistol	637.604980 1186.109985 2.723160	0.000 0.000 0.000
weapon_zm_pistol	410.984009 -737.383972 -253.276993	0.000 0.000 0.000
weapon_zm_pistol	673.119019 -1025.729980 2.723160	0.000 0.000 0.000
weapon_zm_pistol	341.104004 -1344.689941 2.723160	0.000 0.000 0.000
weapon_zm_pistol	-1182.109985 -1341.239990 2.723160	0.000 0.000 0.000
weapon_ttt_revolver	-229.475204 1175.843994 1.986065	8.986 25.560 75.080
weapon_ttt_confgrenade	-184.554001 -291.485992 4.487090	0.000 0.000 0.000
weapon_ttt_confgrenade	892.947021 -202.108994 4.487090	0.000 0.000 0.000
weapon_ttt_confgrenade	969.888000 739.916992 4.487100	0.000 0.000 0.000
weapon_ttt_confgrenade	962.692993 1273.880005 4.487090	0.000 0.000 0.000
weapon_ttt_confgrenade	-118.997002 1494.900024 4.487120	0.000 0.000 0.000
weapon_ttt_confgrenade	-900.981995 1364.650024 4.487090	0.000 0.000 0.000
weapon_ttt_confgrenade	-1130.640015 74.335602 -251.513000	0.000 0.000 0.000
weapon_ttt_confgrenade	-1539.400024 -110.867996 -251.513000	0.000 0.000 0.000
weapon_ttt_confgrenade	-1118.069946 -693.369995 -251.513000	0.000 0.000 0.000
weapon_ttt_confgrenade	-707.210999 -698.034973 -251.513000	0.000 0.000 0.000
weapon_ttt_confgrenade	-185.281006 -397.242004 -251.513000	0.000 0.000 0.000
weapon_ttt_confgrenade	-184.554001 -291.485992 4.487090	0.000 0.000 0.000
weapon_ttt_confgrenade	892.947021 -202.108994 4.487090	0.000 0.000 0.000
weapon_ttt_confgrenade	969.888000 739.916992 4.487100	0.000 0.000 0.000
weapon_ttt_confgrenade	962.692993 1273.880005 4.487090	0.000 0.000 0.000
weapon_ttt_confgrenade	-118.997002 1494.900024 4.487120	0.000 0.000 0.000
weapon_ttt_confgrenade	-900.981995 1364.650024 4.487090	0.000 0.000 0.000
weapon_ttt_confgrenade	-1130.640015 74.335602 -251.513000	0.000 0.000 0.000
weapon_ttt_confgrenade	-1539.400024 -110.867996 -251.513000	0.000 0.000 0.000
weapon_ttt_confgrenade	-1118.069946 -693.369995 -251.513000	0.000 0.000 0.000
weapon_ttt_confgrenade	-707.210999 -698.034973 -251.513000	0.000 0.000 0.000
weapon_ttt_confgrenade	-185.281006 -397.242004 -251.513000	0.000 0.000 0.000
weapon_zm_shotgun	-1612.400024 -159.626999 -222.468994	0.000 0.000 0.000
weapon_zm_shotgun	-283.864990 -221.509003 3.488650	0.000 0.000 0.000
weapon_zm_shotgun	-276.523987 1196.160034 3.488650	0.000 0.000 0.000
weapon_zm_shotgun	-238.477997 1966.619995 3.488660	0.000 0.000 0.000
weapon_zm_shotgun	482.050995 1179.410034 3.488640	0.000 0.000 0.000
weapon_zm_shotgun	1089.150024 -132.757996 3.488660	0.000 0.000 0.000
weapon_zm_shotgun	-599.987976 -247.824005 3.488640	0.000 0.000 0.000
weapon_zm_shotgun	-31.327600 -1441.229980 3.488650	0.000 0.000 0.000
weapon_zm_shotgun	821.778015 -733.767029 3.488650	0.000 0.000 0.000
weapon_zm_shotgun	-335.752014 -280.372986 -252.511002	0.000 0.000 0.000
weapon_zm_shotgun	-893.745972 -613.755981 -252.511002	0.000 0.000 0.000
weapon_zm_shotgun	-1612.400024 -159.626999 -222.468994	0.000 0.000 0.000
weapon_zm_shotgun	-283.864990 -221.509003 3.488650	0.000 0.000 0.000
weapon_zm_shotgun	-276.523987 1196.160034 3.488650	0.000 0.000 0.000
weapon_zm_shotgun	-238.477997 1966.619995 3.488660	0.000 0.000 0.000
weapon_zm_shotgun	482.050995 1179.410034 3.488640	0.000 0.000 0.000
weapon_zm_shotgun	1089.150024 -132.757996 3.488660	0.000 0.000 0.000
weapon_zm_shotgun	-599.987976 -247.824005 3.488640	0.000 0.000 0.000
weapon_zm_shotgun	-31.327600 -1441.229980 3.488650	0.000 0.000 0.000
weapon_zm_shotgun	821.778015 -733.767029 3.488650	0.000 0.000 0.000
weapon_zm_shotgun	-335.752014 -280.372986 -252.511002	0.000 0.000 0.000
weapon_zm_shotgun	-893.745972 -613.755981 -252.511002	0.000 0.000 0.000
weapon_ttt_famas	-531.028931 -805.447937 1.182943	0.000 16.028 90.000
weapon_zm_revolver	-528.861877 -611.604431 0.970568	1.956 -18.764 -85.871
weapon_ttt_aug	-1320.978271 109.499863 -255.464478	0.092 9.601 86.683
weapon_ttt_aug	-98.933754 -262.739349 -255.478592	0.225 9.617 87.010
weapon_ttt_aug	-728.963074 338.408264 139.419662	11.988 -121.896 86.500
weapon_ttt_sg552	1131.625488 1274.618286 1.043555	2.267 1.143 -84.757
