# Trouble in Terrorist Town weapon/ammo placement overrides
# For map: ttt_waterworld_remastered_2020
# Exported by: Kopa King
setting:	replacespawns 1
ttt_playerspawn	-484.518951 -3570.041992 -255.468628	-0.066 -0.000 0.066
ttt_playerspawn	-587.378845 -3563.807861 -255.466583	-0.064 -0.000 0.064
ttt_playerspawn	-713.284180 -3558.702393 -255.445007	-0.043 -0.000 0.043
ttt_playerspawn	-862.962341 -3564.100098 -255.463638	-0.061 -0.000 0.061
ttt_playerspawn	-1027.239380 -3567.426270 -255.470718	-0.068 -0.000 0.068
ttt_playerspawn	-1185.538940 -3578.577148 -255.448532	-0.046 -0.000 0.046
ttt_playerspawn	-1336.208740 -3584.305420 -255.455582	-0.053 -0.000 0.053
ttt_playerspawn	-1493.566162 -3581.901855 -255.475113	-0.072 -0.000 0.072
ttt_playerspawn	-1658.486206 -3588.582031 -255.463638	-0.061 -0.000 0.061
ttt_playerspawn	-1811.958984 -3571.007568 -255.452332	-0.050 -0.000 0.050
ttt_playerspawn	-1838.573853 -3378.231201 -255.469666	-0.067 -0.000 0.067
ttt_playerspawn	-1664.525146 -3385.346436 -255.443680	-0.042 -0.000 0.042
ttt_playerspawn	-1521.697266 -3390.148926 -255.459030	-0.056 -0.000 0.056
ttt_playerspawn	-1346.086060 -3367.829590 -255.471786	-0.069 -0.000 0.069
ttt_playerspawn	-1184.539063 -3337.539307 -255.425064	-0.024 -0.000 0.024
ttt_playerspawn	-1028.786011 -3385.407959 -255.483475	-0.080 -0.000 0.080
ttt_playerspawn	-854.049011 -3399.080322 -255.465591	-0.063 -0.000 0.063
ttt_playerspawn	-684.193787 -3417.480225 -255.457275	-0.055 -0.000 0.055
ttt_playerspawn	-574.149170 -3412.845703 -255.478592	-0.075 -0.000 0.075
ttt_playerspawn	-480.963043 -3396.718750 -255.472885	-0.070 -0.000 0.070
ttt_playerspawn	-480.610443 -3173.034424 -255.465591	-0.063 -0.000 0.063
ttt_playerspawn	-607.517517 -3180.536133 -255.475113	-0.072 -0.000 0.072
ttt_playerspawn	-715.519348 -3166.270508 -255.437576	-0.036 -0.000 0.036
ttt_playerspawn	-800.408752 -3165.385986 -255.460831	-0.058 -0.000 0.058
ttt_playerspawn	-928.812561 -3163.296143 -255.463638	-0.061 -0.000 0.061
ttt_playerspawn	-1054.036377 -3139.908691 -255.438156	-0.036 -0.000 0.036
ttt_playerspawn	-1182.353027 -3153.349365 -255.451538	-0.049 -0.000 0.049
ttt_playerspawn	-1275.999634 -3138.917725 -255.463638	-0.061 -0.000 0.061
ttt_playerspawn	-1417.527710 -3165.431396 -255.459915	-0.057 -0.000 0.057
ttt_playerspawn	-1556.699463 -3157.276611 -255.456421	-0.054 -0.000 0.054
ttt_playerspawn	-626.281921 -4564.250977 -255.468628	-0.066 0.000 -0.066
ttt_playerspawn	-1680.284668 -4526.973145 -255.473999	-0.071 -0.000 0.071
ttt_playerspawn	-1422.263184 -4690.032715 -255.445007	-0.043 -0.000 0.043
ttt_playerspawn	-1382.555298 -4513.180664 -255.471802	-0.069 -0.000 0.069
ttt_playerspawn	-1126.135254 -4570.176758 -255.427414	-0.026 -0.000 0.026
ttt_playerspawn	-1277.185547 -4768.843750 -255.459030	-0.056 -0.000 0.056
ttt_playerspawn	-1026.323486 -4745.666992 -255.457275	-0.055 -0.000 0.055
ttt_playerspawn	-939.073486 -4548.244629 -255.434860	-0.033 0.000 -0.033
ttt_playerspawn	-1207.154541 -4490.146484 -255.450775	-0.049 -0.000 0.049
ttt_playerspawn	-1214.828735 -4679.994141 -255.441757	-0.040 -0.000 0.040
ttt_playerspawn	-734.848450 -4507.937500 -255.428680	-0.027 0.000 -0.027
ttt_playerspawn	-834.172546 -4753.219238 -255.455582	-0.053 -0.000 0.053
ttt_playerspawn	-1064.578003 -4454.555664 -255.459030	-0.056 0.000 -0.056
ttt_playerspawn	-1510.559204 -4613.822266 -255.466583	-0.064 -0.000 0.064
ttt_playerspawn	-1304.138672 -4621.288086 -255.443680	-0.042 -0.000 0.042
item_box_buckshot_ttt	2408.329346 -3039.275879 -255.566330	-0.623 -0.007 0.552
item_box_buckshot_ttt	2390.299072 -3049.381592 -255.610748	-0.973 0.003 0.869
item_box_buckshot_ttt	2364.551758 -3037.358887 -255.532593	-0.356 -0.006 0.316
item_box_buckshot_ttt	2342.771973 -3032.357666 -255.644760	1.043 0.000 -0.838
item_ammo_357_ttt	-1195.084106 40.451569 0.336548	0.451 0.063 0.054
item_ammo_357_ttt	-1187.476929 70.446228 0.379998	0.460 0.055 0.036
item_ammo_357_ttt	-967.779114 152.799973 0.330346	0.450 0.067 0.056
item_ammo_357_ttt	-1020.618713 163.739456 0.346281	0.453 0.061 0.050
item_ammo_357_ttt	-260.908295 -1082.026855 352.346283	0.453 0.061 0.050
item_ammo_357_ttt	-244.000214 -1083.973389 352.342468	0.452 0.061 0.052
item_ammo_357_ttt	826.421021 -3266.894531 320.387848	0.461 0.056 0.033
item_ammo_357_ttt	807.629639 -3268.959473 320.395020	0.463 0.055 0.030
item_ammo_357_ttt	735.729309 -3263.086426 320.323914	0.449 0.069 0.058
item_ammo_357_ttt	707.813538 -3253.332520 320.360443	0.456 0.058 0.044
item_ammo_357_ttt	642.446289 -3257.716797 320.338623	0.452 0.065 0.053
item_ammo_357_ttt	621.725952 -3245.748047 320.330414	0.450 0.068 0.056
item_ammo_357_ttt	594.371826 -3246.598145 320.323914	0.449 0.069 0.058
item_ammo_357_ttt	558.979919 -3242.127686 320.358765	0.456 0.060 0.045
item_ammo_357_ttt	467.894135 -3295.223633 320.396149	0.463 0.055 0.030
item_ammo_357_ttt	430.988434 -3271.406738 320.328278	0.450 0.068 0.057
item_ammo_357_ttt	402.306274 -3273.278076 320.325043	0.396 0.149 0.029
item_ammo_357_ttt	374.916656 -3290.115723 320.390320	0.462 0.055 0.032
item_ammo_357_ttt	-3243.500488 877.305359 0.355340	0.455 0.060 0.046
item_ammo_357_ttt	-3243.782471 853.942444 0.385320	0.461 0.056 0.034
item_ammo_revolver_ttt	-3273.748779 -1720.159302 -255.694962	0.444 0.079 0.067
item_ammo_revolver_ttt	-3263.511719 -1751.287842 -255.631607	0.457 0.056 0.041
item_ammo_revolver_ttt	-3294.621582 -1778.506348 -255.650024	0.454 0.061 0.049
item_ammo_revolver_ttt	-3315.612061 -1759.227295 -255.615997	0.460 0.054 0.035
item_ammo_revolver_ttt	-3310.857422 -1712.172607 -255.637955	0.456 0.057 0.044
item_ammo_revolver_ttt	-3293.353516 -1709.360229 -255.639603	0.456 0.057 0.044
item_ammo_revolver_ttt	-3242.204590 -1761.282715 -255.676147	0.448 0.067 0.059
item_ammo_revolver_ttt	-3266.013916 -1778.165161 -255.630081	0.458 0.056 0.040
item_ammo_smg1_ttt	2623.357178 -553.958008 -255.593445	0.212 -0.005 0.130
item_ammo_smg1_ttt	2628.293457 -577.143494 -255.480179	-0.247 0.014 -0.208
item_ammo_smg1_ttt	2619.107666 -601.420227 -255.481445	0.188 0.164 -0.064
item_ammo_smg1_ttt	2607.210693 -619.048889 -255.444824	-0.017 0.587 0.019
item_ammo_smg1_ttt	2607.941895 -643.912720 -246.303757	0.022 -23.233 87.764
item_ammo_smg1_ttt	2600.902588 -656.327637 -246.293457	0.298 -19.818 87.965
item_ammo_smg1_ttt	2613.442871 -701.960999 -255.472672	-0.192 0.016 -0.167
item_ammo_smg1_ttt	2605.374756 -727.734985 -255.502457	-0.865 -0.013 -0.642
item_ammo_smg1_ttt	-2287.333984 -1097.232422 -255.571426	0.667 -0.003 0.435
item_ammo_smg1_ttt	-2283.938477 -1129.097534 -255.523285	0.554 -0.014 0.243
item_ammo_smg1_ttt	-2509.190186 -1090.951538 -255.470566	0.179 -0.016 -0.156
item_ammo_smg1_ttt	-2507.587158 -1146.207153 -255.517990	0.384 0.001 -0.369
item_ammo_smg1_ttt	-3227.378418 -406.344513 -255.608322	-0.109 0.005 0.061
item_ammo_smg1_ttt	-3237.906006 -385.255463 -255.571426	0.675 -0.003 0.441
item_ammo_smg1_ttt	-3233.901367 -334.190247 -255.598251	0.170 -0.005 0.103
item_ammo_smg1_ttt	-3236.811768 -302.491760 -255.562943	1.109 0.002 0.731
item_ammo_smg1_ttt	-3237.488281 -271.747406 -255.573486	0.594 -0.003 0.387
item_ammo_smg1_ttt	-3239.938477 -237.000778 -255.516602	-0.376 -0.001 -0.368
item_ammo_smg1_ttt	2528.239014 -3154.761963 320.483337	-0.377 -0.001 -0.368
item_ammo_smg1_ttt	2523.529053 -3186.354980 320.422302	0.469 -0.004 0.303
item_ammo_smg1_ttt	2528.023926 -3256.761963 320.494598	-0.754 -0.008 -0.594
item_ammo_smg1_ttt	2516.213867 -3274.259277 320.491364	-1.175 0.339 -0.284
item_ammo_smg1_ttt	-3153.856445 877.023499 0.503073	-0.803 0.013 -0.601
item_ammo_smg1_ttt	-3155.088623 851.031616 0.386412	0.088 -0.005 0.046
item_ammo_smg1_ttt	1316.450073 792.305420 -31.485973	-0.278 0.011 -0.234
item_ammo_smg1_ttt	1319.720947 762.890198 -31.522043	0.502 -0.001 0.216
item_ammo_smg1_ttt	1316.791138 722.579163 -31.501995	-0.850 0.013 -0.631
item_ammo_smg1_ttt	1308.634033 693.822876 -31.473030	-0.204 0.016 -0.171
item_ammo_smg1_ttt	2523.917725 -3062.354248 320.476654	0.554 -0.014 0.243
item_ammo_smg1_ttt	2524.660156 -3086.395752 320.477173	0.504 -0.001 0.220
item_ammo_smg1_ttt	1365.247070 347.244354 -63.457825	0.108 0.598 -0.217
item_ammo_smg1_ttt	1366.283203 327.456024 -63.505993	-0.005 0.045 -0.049
item_ammo_smg1_ttt	1378.161499 297.596985 -63.579845	-0.420 0.004 0.270
item_ammo_smg1_ttt	1359.818848 295.790405 -63.482506	0.243 -0.014 -0.212
item_ammo_smg1_ttt	1377.226196 265.480835 -63.500622	-0.854 0.013 -0.639
item_ammo_smg1_ttt	1358.267090 256.191559 -63.479816	-0.228 0.015 -0.199
item_ammo_pistol_ttt	-3060.494873 -1662.789185 -255.635178	-0.117 -0.019 -0.035
item_ammo_pistol_ttt	-3073.879395 -1646.342163 -255.671814	-0.149 -0.018 -0.045
item_ammo_pistol_ttt	-3081.200928 -1665.438599 -255.571213	-0.061 -0.020 -0.019
item_ammo_pistol_ttt	-3068.239502 -1673.766357 -255.637222	-0.119 -0.019 -0.036
item_ammo_pistol_ttt	-239.522415 168.304245 -111.579620	-88.422 52.765 127.817
item_ammo_pistol_ttt	2211.677734 813.809204 -127.645691	-0.126 -0.019 -0.038
item_ammo_pistol_ttt	2174.182373 788.800659 -127.583733	0.016 0.031 0.002
item_ammo_pistol_ttt	2210.698486 767.120422 -127.679718	0.156 0.017 -0.047
item_ammo_pistol_ttt	2132.511963 807.354370 -127.679466	0.035 0.027 0.005
item_ammo_pistol_ttt	2162.470703 756.458557 -127.542671	-0.169 0.037 0.063
ttt_random_weapon	436.678986 -593.427979 -165.626999	0.000 0.000 0.000
ttt_random_weapon	1923.689941 -2883.199951 -246.626999	0.000 0.000 0.000
ttt_random_weapon	-1233.479980 -2944.439941 -215.119995	0.000 0.000 0.000
ttt_random_weapon	-1271.619995 -2936.879883 -215.117996	0.000 0.000 0.000
ttt_random_weapon	-3274.820068 -804.911987 -246.626999	0.000 0.000 0.000
ttt_random_weapon	-1058.459961 858.309998 9.372910	0.000 0.000 0.000
ttt_random_weapon	-41.237701 301.850006 -90.627098	0.000 0.000 0.000
ttt_random_weapon	2458.780029 -206.483994 -442.259003	0.000 0.000 0.000
ttt_random_weapon	2646.020020 -2794.580078 -142.889999	0.000 0.000 0.000
ttt_random_weapon	2923.409912 -2574.739990 -246.626999	0.000 0.000 0.000
ttt_random_weapon	-290.649994 -3752.050049 -215.492004	0.000 90.000 0.000
ttt_random_weapon	-284.660004 -3698.000000 -215.492004	0.000 90.000 0.000
ttt_random_weapon	-2011.010010 -3680.060059 -215.492004	0.000 90.000 0.000
ttt_random_weapon	-2017.000000 -3734.110107 -215.492004	0.000 90.000 0.000
ttt_random_weapon	-439.937012 454.042999 -313.769012	0.000 0.000 0.000
ttt_random_weapon	-1768.949951 244.970001 -374.627014	0.000 0.000 0.000
ttt_random_weapon	319.760986 -580.130005 -374.627014	0.000 0.000 0.000
ttt_random_weapon	1945.349976 -354.729004 -422.044006	0.000 0.000 0.000
ttt_random_weapon	-2828.320068 -632.966003 -246.626999	0.000 0.000 0.000
ttt_random_weapon	-2970.379883 -1226.530029 -246.626999	0.000 0.000 0.000
ttt_random_weapon	-2796.459961 -2007.459961 -246.626999	0.000 0.000 0.000
ttt_random_weapon	-894.354004 -4019.020020 -246.626999	0.000 0.000 0.000
ttt_random_weapon	-1430.140015 -2936.439941 -215.490005	0.000 0.000 0.000
ttt_random_weapon	-1392.000000 -2944.000000 -215.492004	0.000 0.000 0.000
ttt_random_weapon	-1112.000000 -2936.439941 -215.490005	0.000 0.000 0.000
ttt_random_weapon	-1073.859985 -2944.000000 -215.492004	0.000 0.000 0.000
ttt_random_weapon	-1021.229980 -1579.229980 -328.859985	0.000 0.000 0.000
ttt_random_weapon	-302.674011 -1310.989990 -341.388000	0.000 0.000 0.000
ttt_random_weapon	1684.959961 -1643.339966 -326.621002	0.000 0.000 0.000
ttt_random_weapon	1308.920044 -167.514008 -447.572998	0.000 0.000 0.000
ttt_random_weapon	1179.849976 -1401.979980 -246.626999	0.000 0.000 0.000
ttt_random_weapon	-872.885010 70.996803 -374.627014	0.000 0.000 0.000
ttt_random_weapon	2353.760010 -2402.979980 -215.492004	0.000 0.000 0.000
ttt_random_weapon	2753.669922 -1397.790039 -246.625000	0.000 0.000 0.000
ttt_random_weapon	1297.670044 -884.395996 -118.625000	0.000 0.000 0.000
ttt_random_weapon	2320.889893 197.209000 -182.625000	0.000 0.000 0.000
ttt_random_weapon	2459.550049 204.664001 -182.625000	0.000 0.000 0.000
ttt_random_weapon	1638.010010 70.189003 -118.625000	0.000 0.000 0.000
ttt_random_weapon	-2763.560059 717.301025 -246.625000	0.000 0.000 0.000
ttt_random_weapon	-2906.780029 233.186996 -246.625000	0.000 0.000 0.000
ttt_random_weapon	-3047.520020 -43.866901 -246.625000	0.000 0.000 0.000
ttt_random_weapon	-2918.260010 -331.454010 -246.625000	0.000 0.000 0.000
ttt_random_weapon	-2869.280029 -978.171021 -246.625000	0.000 0.000 0.000
ttt_random_weapon	-3283.969971 -1357.380005 -246.625000	0.000 0.000 0.000
ttt_random_weapon	-3250.389893 -964.635010 -246.625000	0.000 0.000 0.000
ttt_random_weapon	-2772.850098 -1820.989990 -246.625000	0.000 0.000 0.000
ttt_random_weapon	-2763.310059 -2371.620117 -246.625000	0.000 0.000 0.000
ttt_random_weapon	-3031.189941 -3072.429932 -246.625000	0.000 45.000 0.000
ttt_random_weapon	-3265.070068 616.224976 -246.626999	0.000 0.000 0.000
ttt_random_weapon	-3275.889893 717.723999 -246.626999	0.000 0.000 0.000
ttt_random_weapon	2119.449951 -2701.649902 -194.697006	0.000 0.000 0.000
ttt_random_weapon	2110.889893 -2647.479980 -194.697006	0.000 0.000 0.000
ttt_random_weapon	2892.310059 -3303.560059 -246.626999	0.000 0.000 0.000
ttt_random_weapon	2656.370117 -2754.919922 -142.889999	0.000 0.000 0.000
ttt_random_weapon	2919.120117 -2732.439941 -212.322006	0.000 0.000 0.000
ttt_random_weapon	312.006989 727.914978 -182.626999	0.000 0.000 0.000
ttt_random_weapon	1178.900024 338.095001 -182.626999	0.000 0.000 0.000
ttt_random_weapon	2762.399902 -169.876007 -184.595001	0.000 0.000 0.000
ttt_random_weapon	2899.209961 180.048004 9.372920	0.000 0.000 0.000
ttt_random_weapon	-1475.760010 -4185.069824 -215.490005	0.000 0.000 0.000
ttt_random_weapon	-1460.439941 -4149.330078 -215.492004	0.000 0.000 0.000
ttt_random_weapon	-1046.400024 -4020.239990 -215.490005	0.000 0.000 0.000
ttt_random_weapon	-1008.260010 -4027.800049 -215.492004	0.000 0.000 0.000
ttt_random_weapon	-291.660004 -3542.000000 -215.492004	0.000 90.000 0.000
ttt_random_weapon	-297.649994 -3596.050049 -215.492004	0.000 90.000 0.000
ttt_random_weapon	-2004.000000 -3537.000000 -215.492004	0.000 90.000 0.000
ttt_random_weapon	-2009.989990 -3591.050049 -215.492004	0.000 90.000 0.000
ttt_random_weapon	-1972.000000 -3405.000000 -215.492004	0.000 90.000 0.000
ttt_random_weapon	-2001.880005 -3450.439941 -215.492004	0.000 90.000 0.000
ttt_random_weapon	-327.000000 -3400.000000 -215.492004	0.000 90.000 0.000
ttt_random_weapon	-313.221985 -3452.610107 -215.492004	0.000 90.000 0.000
ttt_random_weapon	-288.000000 -4073.639893 -215.492004	0.000 90.000 0.000
ttt_random_weapon	-342.342010 -4075.709961 -215.492004	0.000 90.000 0.000
ttt_random_weapon	-1421.400024 -1469.050049 -332.735992	0.000 0.000 0.000
ttt_random_weapon	2291.899902 440.000000 -182.626999	0.000 0.000 0.000
ttt_random_weapon	-2016.000000 -4073.639893 -215.492004	0.000 90.000 0.000
ttt_random_weapon	-1961.660034 -4075.709961 -215.492004	0.000 90.000 0.000
ttt_random_weapon	-1462.000000 -4074.000000 -198.628006	0.000 0.000 0.000
ttt_random_weapon	2299.899902 456.000000 -182.626999	0.000 0.000 0.000
ttt_random_weapon	2283.899902 480.000000 -182.626999	0.000 0.000 0.000
ttt_random_weapon	2291.899902 504.649994 -182.626999	0.000 0.000 0.000
ttt_random_weapon	2291.899902 536.650024 -182.626999	0.000 0.000 0.000
ttt_random_weapon	2291.899902 568.000000 -182.626999	0.000 0.000 0.000
ttt_random_weapon	2299.899902 608.650024 -182.626999	0.000 0.000 0.000
ttt_random_weapon	2291.899902 640.650024 -182.626999	0.000 0.000 0.000
ttt_random_weapon	464.000000 -3272.000000 -176.000000	0.000 0.000 0.000
ttt_random_weapon	464.000000 -3336.000000 -208.000000	0.000 0.000 0.000
ttt_random_weapon	464.000000 -3392.000000 -176.000000	0.000 0.000 0.000
ttt_random_weapon	-61.000000 326.000000 -90.627098	0.000 0.000 0.000
ttt_random_weapon	-106.000000 293.000000 -90.627098	0.000 0.000 0.000
ttt_random_weapon	520.000000 -1047.000000 -191.998993	0.000 0.000 0.000
ttt_random_weapon	539.000000 -1016.000000 -191.998993	0.000 0.000 0.000
ttt_random_weapon	544.000000 -1141.000000 -191.998993	0.000 0.000 0.000
ttt_random_weapon	2921.719971 -2617.600098 -213.695007	0.000 0.000 0.000
ttt_random_weapon	2926.580078 -2554.459961 -213.695007	0.000 0.000 0.000
ttt_random_weapon	2277.540039 -1573.670044 -330.438995	0.000 0.000 0.000
ttt_random_weapon	1265.829956 -2259.969971 -306.468994	0.000 0.000 0.000
ttt_random_weapon	-1393.699951 -2279.050049 -305.803009	0.000 0.000 0.000
ttt_random_weapon	-1705.479980 -244.130005 -376.000000	0.000 0.000 0.000
ttt_random_weapon	-574.085999 -430.221985 -376.000000	0.000 0.000 0.000
ttt_random_weapon	-874.359985 -1092.180054 -354.747986	0.000 0.000 0.000
ttt_random_weapon	-1225.530029 -614.078979 -248.000000	0.000 0.000 0.000
ttt_random_weapon	-1271.420044 -645.307983 -248.000000	0.000 0.000 0.000
ttt_random_weapon	-1203.359985 -679.367004 -248.000000	0.000 0.000 0.000
ttt_random_weapon	385.932007 -3292.000000 -248.000000	0.000 0.000 0.000
ttt_random_weapon	346.916992 -3344.590088 -248.000000	0.000 0.000 0.000
ttt_random_weapon	80.553497 -3148.399902 -248.000000	0.000 0.000 0.000
ttt_random_weapon	16.817801 -3206.250000 -248.000000	0.000 0.000 0.000
ttt_random_weapon	755.664978 -1464.369995 -248.000000	0.000 0.000 0.000
ttt_random_weapon	331.320007 -1937.459961 -248.000000	0.000 0.000 0.000
ttt_random_weapon	1438.140015 -3052.510010 329.372986	0.000 0.000 0.000
ttt_random_weapon	186.000000 -3448.000000 -224.000000	0.000 180.000 0.000
ttt_random_weapon	186.000000 -3512.000000 -176.000000	0.000 180.000 0.000
ttt_random_weapon	-467.686005 325.441986 -246.626999	0.000 0.000 0.000
ttt_random_weapon	-528.789978 247.886993 -246.626999	0.000 0.000 0.000
ttt_random_weapon	-585.901001 477.559998 -246.626999	0.000 0.000 0.000
ttt_random_weapon	-694.320007 571.146973 -215.492004	0.000 135.000 0.000
ttt_random_weapon	-748.200012 578.546021 -215.492004	0.000 135.000 0.000
ttt_random_weapon	-3710.889893 -2826.979980 -294.627014	0.000 90.000 0.000
ttt_random_weapon	-3751.629883 -2813.820068 -294.627014	0.000 90.000 0.000
ttt_random_weapon	406.828003 -3179.139893 -246.626999	0.000 0.000 0.000
ttt_random_weapon	406.828003 -3211.139893 -246.626999	0.000 0.000 0.000
weapon_ttt_sg550	-262.262573 -1115.738037 353.629517	0.294 -13.681 -90.327
weapon_ttt_sg550	821.389404 -3304.445801 321.169769	0.116 -14.976 -86.162
weapon_ttt_sg550	712.970032 -3301.753418 321.277008	0.177 -14.960 -86.962
weapon_ttt_sg550	622.563965 -3289.438965 321.153198	0.107 -14.978 -86.039
weapon_ttt_sg550	576.797913 -3289.033203 321.291565	0.185 -14.957 -87.070
weapon_ttt_sg550	-3295.095459 874.442078 1.198057	0.132 -14.972 -86.373
weapon_ttt_m16	2179.622070 742.303467 -127.010735	2.095 -6.685 84.829
weapon_ttt_m16	2221.993164 796.402466 -127.118881	1.658 -5.184 84.272
weapon_zm_sledge	-987.477722 570.333679 -2.191552	18.634 -0.472 2.992
weapon_zm_sledge	-1080.927124 589.389465 -2.191552	18.634 -0.547 2.992
weapon_zm_sledge	-1223.517822 591.385010 -2.191552	18.634 -0.550 2.992
weapon_ttt_mp5	-3270.403076 -409.399384 -254.903656	0.208 6.194 -87.152
weapon_ttt_mp5	-3272.303467 -329.424805 -254.903656	0.208 6.194 -87.152
weapon_ttt_mp5	-3271.944580 -277.626495 -254.903656	0.208 6.188 -87.152
weapon_ttt_galil	2522.713623 -3029.863525 320.792297	-1.577 21.986 86.965
ttt_random_ammo	-2386.179932 -1120.900024 -254.998993	0.000 0.000 0.000
ttt_random_ammo	-1146.900024 201.878006 0.000580	0.000 0.000 0.000
ttt_random_ammo	1503.089966 703.770996 -127.999001	0.000 0.000 0.000
ttt_random_ammo	2758.870117 -241.837997 -199.533005	0.000 0.000 0.000
ttt_random_ammo	1347.020020 -3133.709961 320.001007	0.000 0.000 0.000
ttt_random_ammo	-856.255005 -3749.459961 -255.998993	0.000 0.000 0.000
ttt_random_ammo	-802.979004 -3743.010010 -255.998993	0.000 0.000 0.000
ttt_random_ammo	-860.374023 -3627.300049 -255.998993	0.000 0.000 0.000
ttt_random_ammo	-785.356995 -3622.889893 -255.998993	0.000 0.000 0.000
ttt_random_ammo	-1441.459961 -3747.469971 -255.998993	0.000 0.000 0.000
ttt_random_ammo	-1504.459961 -3745.919922 -255.998993	0.000 0.000 0.000
ttt_random_ammo	-1494.569946 -3631.290039 -255.998993	0.000 0.000 0.000
ttt_random_ammo	-1441.719971 -3630.100098 -255.998993	0.000 0.000 0.000
ttt_random_ammo	-152.740997 -1206.790039 352.001007	0.000 0.000 0.000
ttt_random_ammo	-209.298004 -1042.890015 352.001007	0.000 0.000 0.000
ttt_random_ammo	-2101.360107 -2446.459961 -255.998993	0.000 0.000 0.000
ttt_random_ammo	2659.000000 -2791.000000 -211.048004	0.000 0.000 0.000
ttt_random_ammo	2655.000000 -2758.000000 -211.048004	0.000 0.000 0.000
ttt_random_ammo	2641.000000 -2765.000000 -211.048004	0.000 0.000 0.000
ttt_random_ammo	2646.000000 -2796.000000 -211.048004	0.000 0.000 0.000
ttt_random_ammo	2915.389893 -2594.810059 -213.694000	0.000 0.000 0.000
ttt_random_ammo	2877.310059 -836.085022 0.000580	0.000 0.000 0.000
ttt_random_ammo	1661.060059 -284.475006 -287.998993	0.000 0.000 0.000
ttt_random_ammo	-35.137199 736.369995 -225.416000	0.000 0.000 0.000
ttt_random_ammo	-1267.359985 767.405029 -255.998993	0.000 0.000 0.000
ttt_random_ammo	-244.957993 -800.739014 304.001007	0.000 0.000 0.000
ttt_random_ammo	-1455.579956 -2949.010010 -216.863998	0.000 0.000 0.000
ttt_random_ammo	-1363.900024 -2944.649902 -216.863998	0.000 0.000 0.000
ttt_random_ammo	-1290.540039 -2945.199951 -216.492004	0.000 0.000 0.000
ttt_random_ammo	-1210.859985 -2948.260010 -216.492004	0.000 0.000 0.000
ttt_random_ammo	-1139.349976 -2947.699951 -216.863998	0.000 0.000 0.000
ttt_random_ammo	-1047.819946 -2947.250000 -216.863998	0.000 0.000 0.000
ttt_random_ammo	-290.326996 -3724.820068 -216.863998	0.000 0.000 0.000
ttt_random_ammo	-2016.219971 -3713.320068 -216.863998	0.000 0.000 0.000
ttt_random_ammo	-2009.239990 -3763.000000 -216.863998	0.000 0.000 0.000
ttt_random_ammo	-293.000000 -3782.449951 -216.863998	0.000 0.000 0.000
ttt_random_ammo	-742.153015 -1473.800049 -324.787994	0.000 0.000 0.000
ttt_random_ammo	-497.735992 -1473.800049 -319.782990	0.000 0.000 0.000
ttt_random_ammo	-729.914001 478.967010 -319.575989	0.000 0.000 0.000
ttt_random_ammo	-482.980011 442.566010 -324.627014	0.000 0.000 0.000
ttt_random_ammo	-648.109985 295.855988 -383.998993	0.000 0.000 0.000
ttt_random_ammo	414.427002 -1299.439941 -351.425995	0.000 0.000 0.000
ttt_random_ammo	992.687988 -1329.239990 -255.998993	0.000 0.000 0.000
ttt_random_ammo	191.917007 75.555397 -99.999397	0.000 0.000 0.000
ttt_random_ammo	2315.620117 -2395.419922 -215.490005	0.000 0.000 0.000
ttt_random_ammo	2288.270020 -2406.679932 -216.863998	0.000 0.000 0.000
ttt_random_ammo	2379.800049 -2406.229980 -215.863998	0.000 0.000 0.000
ttt_random_ammo	2726.320068 -1409.050049 -255.998993	0.000 0.000 0.000
ttt_random_ammo	1270.319946 -895.656006 -127.999001	0.000 0.000 0.000
ttt_random_ammo	2293.540039 185.949005 -183.998993	0.000 0.000 0.000
ttt_random_ammo	2432.199951 193.404007 -183.998993	0.000 0.000 0.000
ttt_random_ammo	1610.660034 58.929001 -127.999001	0.000 0.000 0.000
ttt_random_ammo	-3229.590088 758.773987 -255.998993	0.000 0.000 0.000
ttt_random_ammo	-3272.020020 664.401978 -255.998993	0.000 0.000 0.000
ttt_random_ammo	-3209.909912 633.059998 -255.998993	0.000 0.000 0.000
ttt_random_ammo	-538.947998 -1133.829956 -191.998993	0.000 0.000 0.000
ttt_random_ammo	-660.963989 -1046.310059 -191.998993	0.000 0.000 0.000
ttt_random_ammo	-977.297974 -1402.280029 -255.998993	0.000 0.000 0.000
ttt_random_ammo	-945.520996 -1345.510010 -255.998993	0.000 0.000 0.000
ttt_random_ammo	-888.294006 -1327.010010 -255.998993	0.000 0.000 0.000
ttt_random_ammo	1564.310059 209.225998 -127.999001	0.000 0.000 0.000
ttt_random_ammo	1523.109985 248.369003 -127.999001	0.000 0.000 0.000
ttt_random_ammo	1576.250000 798.026001 -127.999001	0.000 0.000 0.000
ttt_random_ammo	1563.930054 743.098022 -127.999001	0.000 0.000 0.000
ttt_random_ammo	312.683014 -1763.680054 -331.808014	0.000 0.000 0.000
ttt_random_ammo	485.640991 -2269.820068 -314.130005	0.000 0.000 0.000
ttt_random_ammo	1888.520020 -1168.109985 -358.609009	0.000 0.000 0.000
ttt_random_ammo	1693.349976 -1046.920044 -365.235992	0.000 0.000 0.000
ttt_random_ammo	1261.989990 -1214.040039 -356.096985	0.000 0.000 0.000
ttt_random_ammo	630.182983 -1305.339966 -351.104004	0.000 0.000 0.000
ttt_random_ammo	587.127991 -709.854004 -383.669006	0.000 0.000 0.000
ttt_random_ammo	-1452.000000 -4128.000000 -216.863998	0.000 0.000 0.000
ttt_random_ammo	-1471.560059 -4205.299805 -216.863998	0.000 0.000 0.000
ttt_random_ammo	-985.640991 -4031.620117 -216.863998	0.000 0.000 0.000
ttt_random_ammo	-1065.319946 -4028.560059 -216.863998	0.000 0.000 0.000
ttt_random_ammo	-297.326996 -3568.820068 -216.863998	0.000 0.000 0.000
ttt_random_ammo	-300.000000 -3626.449951 -216.863998	0.000 0.000 0.000
ttt_random_ammo	-2009.670044 -3563.820068 -216.863998	0.000 0.000 0.000
ttt_random_ammo	-2012.339966 -3621.449951 -216.863998	0.000 0.000 0.000
ttt_random_ammo	-1989.229980 -3426.320068 -216.863998	0.000 0.000 0.000
ttt_random_ammo	-2017.770020 -3476.459961 -216.863998	0.000 0.000 0.000
ttt_random_ammo	-322.678986 -3427.070068 -216.863998	0.000 0.000 0.000
ttt_random_ammo	-304.522003 -3481.830078 -216.863998	0.000 0.000 0.000
ttt_random_ammo	-315.363007 -4072.000000 -216.863998	0.000 0.000 0.000
ttt_random_ammo	-372.756012 -4077.870117 -216.863998	0.000 0.000 0.000
ttt_random_ammo	-1393.300049 -1469.699951 -342.108002	0.000 0.000 0.000
ttt_random_ammo	2320.000000 439.350006 -183.998993	0.000 0.000 0.000
ttt_random_ammo	-1988.640015 -4072.000000 -216.863998	0.000 0.000 0.000
ttt_random_ammo	-1931.239990 -4077.870117 -216.863998	0.000 0.000 0.000
ttt_random_ammo	-1478.050049 -4057.610107 -208.000000	0.000 0.000 0.000
ttt_random_ammo	2328.000000 455.350006 -183.998993	0.000 0.000 0.000
ttt_random_ammo	2312.000000 479.350006 -183.998993	0.000 0.000 0.000
ttt_random_ammo	2320.000000 504.000000 -183.998993	0.000 0.000 0.000
ttt_random_ammo	2320.000000 536.000000 -183.998993	0.000 0.000 0.000
ttt_random_ammo	2320.000000 567.349976 -183.998993	0.000 0.000 0.000
ttt_random_ammo	2328.000000 608.000000 -191.998993	0.000 0.000 0.000
ttt_random_ammo	2320.000000 640.000000 -191.998993	0.000 0.000 0.000
ttt_random_ammo	432.000000 -3256.000000 -256.000000	0.000 0.000 0.000
ttt_random_ammo	464.000000 -3336.000000 -168.000000	0.000 0.000 0.000
ttt_random_ammo	464.000000 -3448.000000 -200.000000	0.000 0.000 0.000
ttt_random_ammo	464.000000 -3472.000000 -200.000000	0.000 0.000 0.000
ttt_random_ammo	464.000000 -3288.000000 -200.000000	0.000 0.000 0.000
ttt_random_ammo	226.000000 -3306.000000 -248.000000	0.000 0.000 0.000
ttt_random_ammo	114.000000 -3362.000000 -248.000000	0.000 0.000 0.000
ttt_random_ammo	242.000000 -3402.000000 -248.000000	0.000 0.000 0.000
ttt_random_ammo	-106.000000 334.000000 -90.627098	0.000 0.000 0.000
ttt_random_ammo	-131.000000 265.000000 -90.627098	0.000 0.000 0.000
ttt_random_ammo	-24.000000 332.000000 -90.627098	0.000 0.000 0.000
ttt_random_ammo	196.000000 505.000000 -99.999397	0.000 0.000 0.000
ttt_random_ammo	-991.000000 -898.000000 -131.000000	0.000 0.000 0.000
ttt_random_ammo	-1186.000000 -894.000000 -119.000000	0.000 0.000 0.000
ttt_random_ammo	-1580.000000 -891.000000 -119.000000	0.000 0.000 0.000
ttt_random_ammo	-1790.000000 -899.000000 -131.000000	0.000 0.000 0.000
ttt_random_ammo	350.000000 -1098.000000 -191.998993	0.000 0.000 0.000
ttt_random_ammo	376.000000 -902.000000 -191.998993	0.000 0.000 0.000
ttt_random_ammo	65.000000 -1002.000000 -191.998993	0.000 0.000 0.000
ttt_random_ammo	56.000000 -773.000000 -191.998993	0.000 0.000 0.000
ttt_random_ammo	-573.000000 -588.000000 -191.998993	0.000 0.000 0.000
ttt_random_ammo	-386.000000 -1081.000000 -191.998993	0.000 0.000 0.000
ttt_random_ammo	-328.000000 -672.000000 -191.998993	0.000 0.000 0.000
ttt_random_ammo	520.000000 -1090.000000 -191.998993	0.000 0.000 0.000
ttt_random_ammo	450.000000 -1052.000000 -191.998993	0.000 0.000 0.000
ttt_random_ammo	642.000000 -1031.000000 -191.998993	0.000 0.000 0.000
ttt_random_ammo	2918.260010 -2686.310059 -213.695007	0.000 0.000 0.000
ttt_random_ammo	2925.340088 -2767.639893 -213.695007	0.000 0.000 0.000
ttt_random_ammo	2715.169922 -3112.879883 -248.000000	0.000 0.000 0.000
ttt_random_ammo	2783.260010 -3120.949951 -248.000000	0.000 0.000 0.000
ttt_random_ammo	2817.689941 -2997.850098 -248.000000	0.000 0.000 0.000
ttt_random_ammo	2906.239990 -3008.280029 -248.000000	0.000 0.000 0.000
ttt_random_ammo	2857.280029 -3070.330078 -248.000000	0.000 0.000 0.000
ttt_random_ammo	2887.870117 -3217.729980 -248.000000	0.000 0.000 0.000
ttt_random_ammo	2702.790039 -3197.729980 -248.000000	0.000 0.000 0.000
ttt_random_ammo	-2800.000000 -2448.000000 -239.998993	0.000 0.000 0.000
ttt_random_ammo	-3024.000000 -2416.000000 -239.998993	0.000 0.000 0.000
ttt_random_ammo	-3168.000000 -2224.000000 -239.998993	0.000 0.000 0.000
ttt_random_ammo	-3129.939941 -2962.939941 -239.998993	0.000 45.000 0.000
ttt_random_ammo	-3016.800049 -3098.699951 -239.998993	0.000 45.000 0.000
ttt_random_ammo	-2937.600098 -2951.629883 -239.998993	0.000 45.000 0.000
ttt_random_ammo	-2926.290039 -3121.330078 -239.998993	0.000 45.000 0.000
ttt_random_ammo	-2547.350098 -3114.260010 -239.998993	0.000 225.000 0.000
ttt_random_ammo	-2671.800049 -2967.179932 -239.998993	0.000 225.000 0.000
ttt_random_ammo	-2751.000000 -2955.870117 -239.998993	0.000 225.000 0.000
ttt_random_ammo	-2816.000000 -2016.000000 -239.998993	0.000 0.000 0.000
ttt_random_ammo	-2928.000000 -1808.000000 -239.998993	0.000 0.000 0.000
ttt_random_ammo	-3264.000000 -1856.000000 -239.998993	0.000 0.000 0.000
ttt_random_ammo	-3248.000000 -1616.000000 -239.998993	0.000 0.000 0.000
ttt_random_ammo	-3280.000000 -1552.000000 -239.998993	0.000 0.000 0.000
ttt_random_ammo	-2928.000000 -1488.000000 -239.998993	0.000 0.000 0.000
ttt_random_ammo	-2800.000000 -1552.000000 -239.998993	0.000 0.000 0.000
ttt_random_ammo	-3280.000000 -1360.000000 -239.998993	0.000 0.000 0.000
ttt_random_ammo	-2992.000000 -1248.000000 -239.998993	0.000 0.000 0.000
ttt_random_ammo	-3008.000000 -1200.000000 -239.998993	0.000 0.000 0.000
ttt_random_ammo	-2864.000000 -1200.000000 -239.998993	0.000 0.000 0.000
ttt_random_ammo	-2864.000000 -1264.000000 -239.998993	0.000 0.000 0.000
ttt_random_ammo	-2896.000000 -976.000000 -239.998993	0.000 0.000 0.000
ttt_random_ammo	-2768.000000 -1040.000000 -239.998993	0.000 0.000 0.000
ttt_random_ammo	-3264.000000 -896.000000 -239.998993	0.000 0.000 0.000
ttt_random_ammo	-3248.000000 -1056.000000 -239.998993	0.000 0.000 0.000
ttt_random_ammo	-3248.000000 -704.000000 -239.998993	0.000 0.000 0.000
ttt_random_ammo	-3296.000000 -576.000000 -239.998993	0.000 0.000 0.000
ttt_random_ammo	-3248.000000 -512.000000 -239.998993	0.000 0.000 0.000
ttt_random_ammo	-2832.000000 -544.000000 -239.998993	0.000 0.000 0.000
ttt_random_ammo	-2800.000000 -720.000000 -239.998993	0.000 0.000 0.000
ttt_random_ammo	-2944.000000 -624.000000 -239.998993	0.000 0.000 0.000
ttt_random_ammo	-2912.000000 -320.000000 -239.998993	0.000 0.000 0.000
ttt_random_ammo	-2928.000000 -160.000000 -239.998993	0.000 0.000 0.000
ttt_random_ammo	-3056.000000 -144.000000 -239.998993	0.000 0.000 0.000
ttt_random_ammo	-3040.000000 64.000000 -239.998993	0.000 0.000 0.000
ttt_random_ammo	-2912.000000 80.000000 -239.998993	0.000 0.000 0.000
ttt_random_ammo	-3040.000000 256.000000 -239.998993	0.000 0.000 0.000
ttt_random_ammo	-2912.000000 336.000000 -239.998993	0.000 0.000 0.000
ttt_random_ammo	760.517029 -1488.020020 -248.000000	0.000 0.000 0.000
ttt_random_ammo	374.255005 -1946.510010 -248.000000	0.000 0.000 0.000
ttt_random_ammo	-3052.090088 -971.031006 -248.000000	0.000 0.000 0.000
ttt_random_ammo	-540.906006 571.851013 -248.000000	0.000 0.000 0.000
ttt_random_ammo	-507.174988 609.109009 -248.000000	0.000 0.000 0.000
ttt_random_ammo	-591.987000 577.625000 -248.000000	0.000 0.000 0.000
ttt_random_ammo	-893.879028 588.197998 -248.000000	0.000 0.000 0.000
ttt_random_ammo	-762.452026 574.273987 -248.000000	0.000 0.000 0.000
ttt_random_ammo	186.000000 -3432.000000 -200.000000	0.000 180.000 0.000
ttt_random_ammo	186.000000 -3512.000000 -200.000000	0.000 180.000 0.000
ttt_random_ammo	186.000000 -3616.000000 -200.000000	0.000 180.000 0.000
ttt_random_ammo	186.000000 -3640.000000 -200.000000	0.000 180.000 0.000
ttt_random_ammo	44.782101 -3634.139893 -86.628998	0.000 180.000 0.000
ttt_random_ammo	126.107002 -3554.659912 -86.628998	0.000 180.000 0.000
ttt_random_ammo	118.735001 -3497.610107 -86.628998	0.000 180.000 0.000
ttt_random_ammo	41.445599 -3482.570068 -86.628998	0.000 180.000 0.000
ttt_random_ammo	2682.889893 -2067.350098 -247.998993	0.000 0.000 0.000
ttt_random_ammo	2523.659912 -2211.050049 -247.998993	0.000 0.000 0.000
ttt_random_ammo	-3312.000000 -2182.000000 -243.826996	0.000 0.000 0.000
ttt_random_ammo	-3312.000000 -2502.000000 -243.826996	0.000 0.000 0.000
ttt_random_ammo	-3254.000000 -3318.000000 -243.826996	0.000 0.000 0.000
ttt_random_ammo	-3126.000000 -3318.000000 -243.826996	0.000 0.000 0.000
ttt_random_ammo	-3312.000000 -3142.000000 -243.826996	0.000 0.000 0.000
ttt_random_ammo	-287.737000 316.431000 -145.848007	0.000 0.000 0.000
ttt_random_ammo	-265.601990 290.707001 -145.848007	0.000 0.000 0.000
ttt_random_ammo	-432.242004 352.308014 -150.832001	0.000 0.000 0.000
ttt_random_ammo	-448.733002 34.234798 -172.492996	0.000 0.000 0.000
ttt_random_ammo	-419.786987 54.184799 -172.492996	0.000 0.000 0.000
ttt_random_ammo	-521.612976 40.516399 -164.382004	0.000 0.000 0.000
ttt_random_ammo	-664.000000 568.000000 -216.863998	0.000 45.000 0.000
ttt_random_ammo	-1232.050049 490.696014 83.585503	0.000 0.000 0.000
ttt_random_ammo	-1267.410034 452.152008 83.585503	0.000 0.000 0.000
ttt_random_ammo	-1294.000000 603.098999 -255.998993	0.000 0.000 0.000
ttt_random_ammo	-1287.430054 622.184021 -255.998993	0.000 0.000 0.000
ttt_random_ammo	-3416.020020 -2802.479980 -255.998993	0.000 0.000 0.000
ttt_random_ammo	-3453.139893 -2827.689941 -255.998993	0.000 0.000 0.000
ttt_random_ammo	-3453.500000 -2800.050049 -255.998993	0.000 0.000 0.000
ttt_random_ammo	-3792.149902 -2488.629883 -303.998993	0.000 0.000 0.000
ttt_random_ammo	-3830.300049 -2529.719971 -303.998993	0.000 0.000 0.000
ttt_random_ammo	-3362.129883 -2846.510010 -303.998993	0.000 0.000 0.000
ttt_random_ammo	-3425.179932 -2643.639893 -303.998993	0.000 0.000 0.000
ttt_random_ammo	-3436.629883 -2483.969971 -303.998993	0.000 0.000 0.000
weapon_zm_rifle	-1140.708130 47.842422 -0.846176	3.345 13.324 65.028
weapon_zm_rifle	-972.632080 195.027527 -0.849172	3.347 13.322 65.006
weapon_zm_rifle	514.157776 -3271.046875 319.161926	3.556 12.611 65.651
weapon_zm_rifle	416.581818 -3287.385986 319.101959	3.720 12.671 65.568
weapon_ttt_glock	2134.160400 770.916870 -126.892761	-0.470 25.455 90.889
weapon_zm_mac10	-2500.107422 -1062.265869 -254.739716	-0.321 -47.612 -88.837
weapon_zm_mac10	-2304.979248 -1060.225098 -254.797974	-0.136 -47.782 -88.259
weapon_zm_pistol	-3056.035156 -1649.655273 -255.021118	0.277 -36.560 -90.048
weapon_zm_pistol	-3086.986328 -1644.739990 -255.025421	0.455 -36.606 -90.210
weapon_zm_pistol	-3085.663818 -1686.750366 -255.019760	0.221 -36.555 -89.998
weapon_zm_pistol	-3051.314941 -1689.868408 -255.024796	0.429 -36.593 -90.186
weapon_zm_pistol	2159.559570 819.271912 -127.021866	0.307 -36.567 -90.076
weapon_ttt_tmp	2661.161621 -526.396362 -254.630554	0.111 -22.418 -89.739
weapon_ttt_tmp	2660.616943 -582.125366 -254.630676	0.111 -22.420 -89.738
weapon_ttt_tmp	2661.387695 -639.086975 -254.630753	0.111 -22.422 -89.737
weapon_ttt_tmp	2659.686523 -697.658875 -254.630463	0.111 -22.417 -89.740
weapon_ttt_tmp	2658.999756 -735.844604 -254.630539	0.111 -22.418 -89.739
weapon_ttt_confgrenade	-2493.250488 -1781.998901 -253.882599	13.660 -32.449 -90.056
weapon_ttt_confgrenade	-2495.000244 -1741.080322 -253.908737	13.057 -31.928 -89.774
weapon_ttt_confgrenade	-2492.154297 -1690.525391 -253.820007	12.978 -32.235 -91.228
weapon_ttt_confgrenade	-2496.418945 -1659.580200 -253.831146	12.988 -32.194 -91.045
weapon_ttt_confgrenade	-2485.373535 -1631.177368 -253.972748	13.109 -31.729 -88.734
weapon_ttt_confgrenade	-2484.788818 -1601.153320 -253.814758	12.994 -32.289 -91.310
weapon_ttt_confgrenade	-2487.880859 -1570.199829 -253.724945	12.890 -32.637 -92.803
weapon_ttt_confgrenade	-2482.528076 -1534.714722 -253.919540	13.066 -31.894 -89.597
weapon_ttt_confgrenade	-2490.826416 -1486.261108 -253.858887	13.014 -32.096 -90.589
weapon_ttt_confgrenade	-2458.565430 -1487.200317 -253.873947	13.634 -32.485 -90.202
weapon_ttt_confgrenade	-2417.691895 -1490.404907 -253.977310	13.112 -31.721 -88.660
weapon_ttt_confgrenade	-2398.789795 -1487.823975 -253.884644	13.671 -32.451 -90.020
weapon_ttt_confgrenade	-2356.262451 -1495.490356 -253.915863	13.063 -31.909 -89.657
weapon_ttt_confgrenade	-2308.133545 -1506.271973 -253.934753	13.079 -31.850 -89.350
weapon_ttt_confgrenade	-2291.216797 -1542.754883 -253.873138	13.026 -32.047 -90.355
weapon_ttt_confgrenade	-2284.615723 -1595.346558 -253.912262	13.060 -31.919 -89.716
weapon_ttt_confgrenade	-2280.952881 -1640.685791 -253.768539	12.927 -32.428 -92.079
weapon_ttt_confgrenade	-2297.359863 -1688.924438 -253.882248	13.034 -32.019 -90.206
weapon_ttt_confgrenade	-2291.314697 -1722.151123 -253.794769	12.953 -32.328 -91.645
weapon_ttt_confgrenade	-2326.276367 -1750.603394 -253.879181	13.032 -32.028 -90.256
weapon_ttt_confgrenade	-2359.196533 -1777.646851 -253.873154	13.026 -32.047 -90.355
weapon_ttt_confgrenade	-2407.400391 -1779.908081 -253.873154	13.026 -32.047 -90.355
weapon_ttt_confgrenade	-2470.181885 -1775.421997 -253.858887	13.014 -32.096 -90.589
weapon_zm_shotgun	2394.674316 -3081.521484 -254.959854	-0.409 -8.904 -83.604
weapon_zm_shotgun	2350.718994 -3079.471191 -254.888046	-0.451 -8.883 -84.278
weapon_ttt_famas	2532.128174 -3221.838135 321.182953	0.000 16.038 90.000
weapon_ttt_famas	2529.200439 -3121.808105 321.182953	0.000 16.037 90.000
weapon_zm_revolver	-3291.101807 -1754.299438 -255.149597	3.237 -16.532 -83.664
weapon_zm_revolver	-3296.713867 -1730.892578 -255.169312	3.395 -16.482 -83.392
weapon_zm_revolver	-3250.213135 -1731.119263 -255.095856	2.805 -16.654 -84.406
weapon_zm_revolver	-3232.583740 -1725.273071 -255.123657	3.029 -16.591 -84.022
weapon_zm_revolver	-3236.981934 -1743.173096 -255.119461	2.995 -16.605 -84.080
weapon_ttt_aug	1420.216797 350.512421 -63.406918	0.038 9.602 86.963
weapon_ttt_aug	1427.027100 304.175079 -63.520252	0.145 9.597 86.412
weapon_ttt_aug	1422.634521 262.485687 -63.496769	0.123 9.600 86.526
weapon_ttt_sg552	-3192.920898 875.588806 1.033897	2.467 2.597 -85.002
weapon_ttt_sg552	1376.674683 776.543640 -30.967127	2.488 2.112 -85.028
weapon_ttt_sg552	1374.512817 702.434326 -30.968374	2.514 2.105 -85.059
