# Trouble in Terrorist Town weapon/ammo placement overrides
# For map: ttt_winter_project
# Exported by: Kopa
setting:	replacespawns 1
ttt_random_weapon	254.029999 2348.939941 26.719101	0.000 75.000 -90.000
ttt_random_weapon	284.940002 2340.659912 26.719101	0.000 75.000 -90.000
ttt_random_weapon	-340.679993 2560.840088 -230.000000	0.000 75.000 -90.000
ttt_random_weapon	-309.769989 2552.560059 -230.000000	0.000 75.000 -90.000
ttt_random_weapon	-2176.000000 448.000000 138.373001	0.000 0.000 90.000
ttt_random_weapon	-2344.000000 208.000000 137.373001	0.000 315.000 90.000
ttt_random_weapon	-2276.000000 242.496002 9.372890	0.000 150.000 90.000
ttt_random_weapon	-2264.790039 454.997009 49.758400	0.000 90.000 90.000
ttt_random_weapon	1989.880005 -2175.449951 202.373001	0.000 135.000 90.000
ttt_random_weapon	2278.379883 -2124.540039 201.373001	0.000 90.000 90.000
ttt_random_weapon	2047.709961 -2243.179932 113.758003	0.000 225.000 90.000
ttt_random_weapon	-2240.000000 -2176.000000 362.372986	0.000 90.000 90.000
ttt_random_weapon	-2000.000000 -2344.000000 361.372986	0.000 45.000 90.000
ttt_random_weapon	-2034.500000 -2276.000000 233.373001	0.000 240.000 90.000
ttt_random_weapon	-2247.000000 -2264.790039 273.757996	0.000 180.000 90.000
ttt_random_weapon	-64.000000 -64.000000 33.372898	0.000 0.000 -90.000
ttt_random_weapon	280.000000 -64.000000 75.372902	0.000 345.000 -90.000
ttt_random_weapon	24.000000 -136.000000 75.372902	0.000 75.000 -90.000
ttt_random_weapon	156.576996 -174.830002 75.372902	0.000 165.000 -90.000
ttt_random_weapon	368.000000 120.000000 51.372898	0.000 345.000 -90.000
ttt_random_weapon	464.000000 120.000000 51.372898	0.000 345.000 -90.000
ttt_random_weapon	416.000000 120.000000 51.372898	0.000 345.000 -90.000
ttt_random_weapon	376.000000 -120.000000 9.372920	0.000 165.000 -90.000
ttt_random_weapon	456.000000 -120.000000 9.372920	0.000 165.000 -90.000
ttt_random_weapon	536.000000 -120.000000 9.372920	0.000 165.000 -90.000
ttt_random_weapon	-352.000000 3936.000000 138.373001	0.000 180.000 90.000
ttt_random_weapon	-160.000000 3936.000000 138.373001	0.000 180.000 90.000
ttt_random_weapon	256.000000 3216.000000 -118.626999	0.000 75.000 -90.000
ttt_random_weapon	-448.000000 3664.000000 137.373001	0.000 75.000 -90.000
ttt_random_weapon	-480.000000 2348.000000 -176.000000	0.000 90.000 -90.000
ttt_random_weapon	-480.000000 2432.000000 -176.000000	0.000 90.000 -90.000
ttt_random_weapon	-480.000000 2432.000000 -228.000000	0.000 90.000 -90.000
ttt_random_weapon	-480.000000 2348.000000 -228.000000	0.000 90.000 -90.000
ttt_random_weapon	248.000000 -176.000000 33.372898	0.000 180.000 -90.000
ttt_random_weapon	303.268005 93.990097 33.372898	0.000 270.000 -90.000
ttt_random_weapon	0.000000 176.000000 33.372898	0.000 0.000 -90.000
ttt_random_weapon	-448.000000 3744.000000 137.373001	0.000 75.000 -90.000
ttt_random_weapon	-72.000000 176.000000 177.373001	0.000 0.000 -90.000
ttt_random_weapon	72.000000 176.000000 177.373001	0.000 0.000 -90.000
ttt_random_weapon	48.000000 -176.000000 177.373001	0.000 180.000 -90.000
ttt_random_weapon	-48.000000 -176.000000 177.373001	0.000 180.000 -90.000
ttt_random_weapon	96.000000 -16.000000 33.372898	0.000 180.000 -90.000
ttt_random_weapon	-26.205448 185.342102 169.197723	1.901 4.649 -92.538
ttt_random_weapon	15.140482 184.197342 169.205399	1.814 4.776 -92.736
ttt_random_weapon	-2131.108887 649.381958 -2.371620	-1.134 -8.344 93.121
ttt_random_weapon	-2101.114258 670.093567 2.579648	-8.880 -4.733 94.044
ttt_random_weapon	-2081.475098 698.348389 6.209511	-0.595 3.498 -92.247
ttt_random_weapon	-2050.213867 714.699951 7.802005	-0.631 2.344 -91.754
ttt_random_weapon	-2234.341064 70.663048 8.777852	4.954 30.930 63.891
ttt_random_weapon	-2197.156982 83.905853 10.921925	-4.266 24.384 59.428
ttt_random_weapon	-2165.299805 67.756378 21.902084	1.047 6.562 -115.032
ttt_random_weapon	-2143.874756 63.324860 24.587370	0.131 4.422 -114.793
ttt_random_weapon	-2116.445313 59.766991 25.983643	-0.691 3.147 -99.689
ttt_random_weapon	-1509.022949 451.385071 5.255624	-8.260 -28.902 -75.477
ttt_random_weapon	-1459.016602 439.832642 14.881947	1.890 -15.695 89.861
ttt_random_weapon	-1407.445557 405.784546 9.400821	7.404 -6.644 90.433
ttt_random_weapon	-1352.914551 415.215210 3.008254	6.399 2.207 -89.012
ttt_random_weapon	-1301.732056 415.384979 1.373485	3.705 3.822 -91.663
ttt_random_weapon	-1241.007080 440.756500 1.431664	1.239 4.239 -91.401
ttt_random_weapon	-1179.173096 456.526154 2.057294	1.361 4.426 -92.414
ttt_random_weapon	-1121.592041 474.557465 1.774722	3.171 2.741 -91.246
ttt_random_weapon	-1087.648315 508.230042 1.795796	2.792 -5.232 -93.534
ttt_random_weapon	-939.189880 580.599548 1.990945	1.836 -11.629 89.999
ttt_random_weapon	-872.554749 635.055054 4.776720	4.514 -10.238 88.330
ttt_random_weapon	-815.942932 674.775085 -0.049031	5.469 -9.558 84.880
ttt_random_weapon	-750.459717 733.822693 -2.327072	5.093 3.197 -90.756
ttt_random_weapon	-675.710266 784.438416 -0.581530	2.192 4.341 -91.544
ttt_random_weapon	-612.663696 836.315979 1.060339	2.003 5.275 -92.094
ttt_random_weapon	-513.703003 872.325989 2.194961	-1.662 1.450 -96.734
ttt_random_weapon	-445.173859 889.168091 4.179195	0.636 7.067 -98.667
ttt_random_weapon	-348.084930 908.399597 3.922120	3.849 5.159 -94.671
ttt_random_weapon	-259.266968 921.020264 1.231705	1.517 4.230 -93.417
ttt_random_weapon	-191.817642 923.467285 1.210473	1.757 4.263 -92.867
ttt_random_weapon	-137.984695 933.060425 1.180131	2.098 4.295 -92.085
ttt_random_weapon	-77.249451 968.135986 1.196474	1.776 4.205 -92.979
ttt_random_weapon	-2.387811 981.843811 1.210513	1.757 5.183 -92.868
ttt_random_weapon	72.519485 976.649231 0.987902	3.074 3.550 -93.119
ttt_random_weapon	128.826111 1000.984802 0.257703	1.738 4.770 -94.514
ttt_random_weapon	1276.921265 830.497620 50.451508	-1.000 25.604 92.060
ttt_random_weapon	1246.035889 807.222900 50.053509	2.648 -4.352 90.131
ttt_random_weapon	1223.858154 778.333496 47.609192	2.317 -3.614 90.393
ttt_random_weapon	1192.612549 738.301453 45.076775	-0.284 -0.846 87.754
ttt_random_weapon	1189.405273 697.577515 43.326000	3.298 -10.874 88.304
ttt_random_weapon	1221.364746 671.034607 39.745766	1.299 -9.349 87.572
ttt_random_weapon	1259.705688 663.005005 37.712551	1.908 -8.499 86.391
ttt_random_weapon	1289.420654 678.025574 36.100822	6.289 5.376 -89.094
ttt_random_weapon	1331.417969 714.480591 35.130226	4.801 3.451 -88.716
ttt_random_weapon	1350.430542 736.466431 34.178967	9.355 4.400 -89.278
ttt_random_weapon	1367.053833 766.745117 34.006519	6.745 -8.148 86.147
ttt_random_weapon	1386.046509 796.841797 33.520557	10.411 -7.824 82.712
ttt_random_weapon	1382.606201 840.911133 34.789795	13.349 3.116 -91.445
ttt_random_weapon	1357.025391 851.509033 41.707939	14.126 -10.440 88.826
ttt_random_weapon	1324.624023 884.627319 52.364040	8.133 -10.241 89.333
ttt_random_weapon	1281.999756 859.471008 54.500957	3.942 -4.373 95.595
ttt_random_weapon	1678.527710 194.329071 14.574738	-8.130 1.858 -2.281
ttt_random_weapon	1684.185059 174.232956 14.135234	-0.955 3.359 -95.477
ttt_random_weapon	1696.735596 143.189957 18.334162	-6.194 7.399 -102.606
ttt_random_weapon	1708.003784 110.791664 23.250008	-6.776 2.824 -95.899
ttt_random_weapon	1716.043579 78.388458 26.098211	-7.345 12.933 -95.898
ttt_random_weapon	1733.071045 67.472351 29.421968	-4.717 7.892 -98.036
ttt_random_weapon	1756.098267 65.038231 33.842846	-1.956 -1.456 -96.229
ttt_random_weapon	1776.878174 75.106339 35.192326	-6.006 6.708 -97.140
ttt_random_weapon	1809.889038 92.544449 37.385925	-1.615 6.812 -97.856
ttt_random_weapon	1815.143066 103.647957 36.986969	-2.479 1.989 -95.216
ttt_random_weapon	1822.477661 121.911919 37.038750	-3.762 2.626 -94.948
ttt_random_weapon	1814.307983 156.634766 31.751898	-4.723 7.227 -103.715
ttt_random_weapon	1809.600952 186.774857 25.554152	-4.860 8.976 -105.009
ttt_random_weapon	1799.528931 210.651688 22.412609	-5.858 5.519 -95.203
ttt_random_weapon	1793.015503 240.495392 20.423191	-5.289 3.061 -95.759
ttt_random_weapon	1779.904175 260.066986 18.993258	-0.132 8.595 -96.714
ttt_random_weapon	1757.016602 272.613861 17.344160	-0.488 5.386 -96.635
ttt_random_weapon	1732.814697 279.525757 16.467892	-2.283 13.682 79.427
ttt_random_weapon	1707.247803 260.553741 16.383682	0.725 6.624 -96.333
ttt_random_weapon	1688.527100 249.380280 16.048759	0.268 3.278 -91.823
ttt_random_weapon	1679.380981 220.234863 15.054217	-4.575 -9.252 88.372
ttt_random_weapon	299.523071 -108.816994 25.226440	1.577 4.985 -93.280
ttt_random_weapon	290.499359 -137.246475 25.228905	1.549 4.982 -93.344
ttt_random_weapon	61.777603 -46.551216 25.199776	1.865 0.628 -92.606
ttt_random_weapon	102.121117 -48.078655 25.220520	1.644 4.988 -93.127
ttt_random_weapon	-6.301444 -870.102173 7.353729	2.253 6.992 -96.553
ttt_random_weapon	-68.324165 -858.697083 5.887268	-0.465 6.202 -98.108
ttt_random_weapon	-148.066071 -833.399597 3.394599	0.785 -1.047 -97.894
ttt_random_weapon	-206.581375 -805.154175 2.537994	6.960 4.006 -96.451
ttt_random_weapon	-284.177551 -778.937805 6.969609	6.961 3.076 -96.022
ttt_random_weapon	-352.110535 -757.427734 5.589164	0.238 4.349 -102.682
ttt_random_weapon	-400.073364 -741.553162 3.253163	4.580 4.560 -99.052
ttt_random_weapon	-476.593140 -709.348938 1.661120	4.179 5.121 -93.674
ttt_random_weapon	-549.680542 -674.650452 0.810146	3.856 7.629 -99.978
ttt_random_weapon	-629.220337 -619.447021 -0.355715	6.115 8.361 -101.934
ttt_random_weapon	-695.362427 -572.740051 -0.637503	9.145 3.361 -96.458
ttt_random_weapon	-764.177856 -532.468079 0.917391	5.215 11.666 -97.153
ttt_random_weapon	-837.088684 -482.104980 6.441755	9.124 3.902 -94.219
ttt_random_weapon	-895.271851 -432.904938 14.335442	11.990 2.356 -97.585
ttt_random_weapon	362.658051 -177.906158 1.479622	4.626 4.471 -93.651
ttt_random_weapon	422.582489 -163.096893 0.432287	1.674 5.895 -93.992
ttt_random_weapon	483.964447 -180.000549 0.683446	1.801 4.938 -95.872
ttt_random_weapon	-127.533897 -1944.376587 -2.697553	3.455 4.733 -93.417
ttt_random_weapon	-94.038872 -1928.224487 -3.977335	3.631 4.680 -94.323
ttt_random_weapon	-86.511314 -1898.569092 -4.794409	3.754 4.651 -93.973
ttt_random_weapon	-89.563370 -1855.906128 -5.241683	3.877 6.833 -94.453
ttt_random_weapon	-100.825592 -1818.303589 -5.312420	4.188 4.238 -93.116
ttt_random_weapon	-110.261116 -1774.319092 -5.316350	3.366 4.335 -94.074
ttt_random_weapon	-121.706329 -1738.965942 -5.234220	3.629 4.382 -93.836
ttt_random_weapon	-140.308731 -1720.063599 -4.644956	4.335 2.352 -91.590
ttt_random_weapon	-171.482208 -1715.905151 -3.173786	4.606 8.254 -90.865
ttt_random_weapon	-195.742035 -1726.696533 -2.275438	3.450 5.194 -92.786
ttt_random_weapon	-227.867096 -1740.269531 -1.304482	3.688 3.173 -92.915
ttt_random_weapon	-224.295212 -1764.827148 -1.057722	3.784 5.169 -92.550
ttt_random_weapon	-227.596039 -1796.409302 -0.597100	2.992 4.582 -93.948
ttt_random_weapon	-222.371353 -1824.937012 -0.670123	3.800 4.638 -91.544
ttt_random_weapon	-213.507599 -1856.212158 -0.867954	3.211 2.631 -92.285
ttt_random_weapon	-205.558701 -1890.041626 -0.640541	2.646 5.073 -93.672
ttt_random_weapon	-197.296967 -1912.221924 -0.589757	2.964 4.907 -92.943
ttt_random_weapon	-184.161560 -1931.695801 -0.848484	4.221 4.478 -92.203
ttt_random_weapon	-2497.816895 -1970.391113 231.924561	0.011 2.769 -92.922
ttt_random_weapon	-2492.556641 -1897.583862 231.874161	-0.139 2.826 -93.555
ttt_random_weapon	-2487.039551 -1841.312256 232.152206	-4.228 5.518 -94.629
ttt_random_weapon	-2490.490967 -1777.377319 231.047653	-3.753 4.094 -93.885
ttt_random_weapon	-2490.483154 -1746.521851 230.830780	-3.841 4.080 -94.080
ttt_random_weapon	-2493.279053 -1708.573486 228.706436	-0.308 3.975 -99.491
ttt_random_weapon	-2486.241211 -1669.780762 225.784897	1.329 4.441 -96.842
ttt_random_weapon	-2485.988525 -1634.618164 222.701187	1.409 4.594 -97.656
ttt_random_weapon	-2485.584229 -1603.707764 219.603683	5.265 9.643 -100.818
ttt_random_weapon	-2483.236572 -1569.878784 215.812576	5.489 3.898 -97.683
ttt_random_weapon	-2481.283447 -1538.632080 212.678314	5.848 6.663 -96.175
ttt_random_weapon	-2479.356201 -1506.492188 209.861938	5.136 8.356 -97.820
ttt_random_weapon	-1904.329346 -160.722641 18.242514	-1.589 3.169 -94.784
ttt_random_weapon	-1893.353394 -190.427933 20.008572	-2.102 4.554 -95.070
ttt_random_weapon	-1886.627319 -229.336716 21.018272	-3.224 4.503 -95.274
ttt_random_weapon	-1880.094482 -261.414368 22.419151	-3.392 4.662 -94.161
ttt_random_weapon	-1872.124756 -275.407318 23.271715	-3.371 4.228 -94.057
ttt_random_weapon	-1850.470093 -285.699310 25.303522	-3.260 1.970 -93.098
ttt_random_weapon	-1827.783813 -289.738403 28.693581	1.363 3.436 -94.612
ttt_random_weapon	-1793.303711 -289.503204 30.862940	-3.886 3.965 -94.134
ttt_random_weapon	-1776.244629 -278.005402 32.487579	-3.993 0.771 -92.153
ttt_random_weapon	-1759.510864 -262.910278 34.932156	-6.221 7.207 -92.322
ttt_random_weapon	-1750.882813 -241.934662 35.884384	-5.601 5.941 -95.037
ttt_random_weapon	-1748.265747 -213.545166 35.374802	-5.794 5.208 -95.272
ttt_random_weapon	-1748.304443 -188.117828 34.412628	-5.542 5.875 -97.581
ttt_random_weapon	-1764.750854 -153.978943 29.747339	-6.331 -1.769 -99.563
ttt_random_weapon	-1771.562012 -127.139626 26.528498	-4.602 7.429 -100.318
ttt_random_weapon	-1783.111816 -111.891899 23.929625	-3.091 -2.439 -96.785
ttt_random_weapon	-1790.906494 -93.756409 22.280882	-1.799 7.677 -96.773
ttt_random_weapon	-1810.269165 -84.453300 20.438887	-1.422 7.187 -96.473
ttt_random_weapon	-1832.390503 -78.519623 18.651102	-2.511 7.350 -97.545
ttt_random_weapon	-1857.447266 -64.348228 16.797836	-4.014 25.730 82.564
ttt_random_weapon	-1871.461060 -75.580269 16.689499	-2.583 7.733 -74.487
ttt_random_weapon	-1891.060791 -67.527573 15.033551	-3.946 21.190 81.232
ttt_random_weapon	-1907.144165 -96.944733 15.200774	-1.122 6.000 -96.266
ttt_random_weapon	-1920.001221 -112.894836 15.348751	-2.262 9.475 -97.984
ttt_random_weapon	-1773.062378 -1089.815063 46.272839	8.096 2.157 66.388
ttt_random_weapon	-1755.194946 -1108.594849 50.187233	6.971 -3.445 63.544
ttt_random_weapon	-1727.084229 -1113.062256 43.526855	14.847 17.300 78.924
ttt_random_weapon	-1699.048462 -1125.423340 40.479355	8.158 -5.337 -105.454
ttt_random_weapon	-1668.678467 -1134.902710 38.688686	5.745 1.297 -100.470
ttt_random_weapon	-1647.144653 -1118.402222 35.310108	7.239 16.653 -98.491
ttt_random_weapon	-1613.470093 -1106.050659 32.229584	1.886 -0.746 -103.521
ttt_random_weapon	-1587.413940 -1096.439453 30.959040	1.764 12.315 -105.305
ttt_random_weapon	-1570.918457 -1069.308472 26.610933	1.141 9.313 -103.474
ttt_random_weapon	-1564.293945 -1046.530518 25.313723	2.946 -1.248 85.402
ttt_random_weapon	-1569.568970 -1018.579346 20.320845	2.392 4.701 -93.525
ttt_random_weapon	-1595.010986 -997.277954 20.352448	3.103 2.633 -92.792
ttt_random_weapon	-1622.446777 -975.201355 21.653772	4.606 5.974 -94.916
ttt_random_weapon	-1652.168091 -962.097046 22.559978	4.703 2.945 -92.797
ttt_random_weapon	-1675.050537 -950.364685 24.018936	5.106 3.588 -92.318
ttt_random_weapon	-1703.341675 -938.289978 26.039667	4.690 4.052 -93.579
ttt_random_weapon	-1726.386475 -931.950256 27.398554	3.574 8.199 -93.987
ttt_random_weapon	-1773.962158 -924.463867 29.156624	4.105 5.827 -94.531
ttt_random_weapon	-1800.540894 -920.223328 30.540514	6.019 6.991 -92.779
ttt_random_weapon	-1827.227905 -932.680481 32.655983	3.694 4.269 -96.055
ttt_random_weapon	-1848.451416 -942.107483 33.801926	4.140 4.919 -94.902
ttt_random_weapon	-1868.000366 -955.712158 36.256233	8.712 2.868 -98.753
ttt_random_weapon	-1870.723999 -965.390137 38.588562	12.673 11.623 -107.479
ttt_random_weapon	-1871.096924 -984.249878 42.567364	18.931 -1.202 -100.309
ttt_random_weapon	-1860.925659 -1008.696594 43.210514	16.259 5.419 -100.897
ttt_random_weapon	-1852.925537 -1031.846558 46.671360	9.299 -2.646 66.225
ttt_random_weapon	-1837.744019 -1055.560547 52.011654	6.398 2.079 67.247
ttt_random_weapon	-1825.479736 -1069.444092 53.602337	12.825 0.892 74.232
ttt_random_weapon	-1806.494751 -1092.600220 54.512215	11.273 -2.873 64.501
ttt_random_weapon	-1924.238525 2418.206543 551.166626	-6.734 -14.539 93.171
ttt_random_weapon	-1890.768677 2376.182861 550.152100	-6.648 -14.518 92.962
ttt_random_weapon	-1864.770630 2340.919678 549.046021	-6.480 -14.475 92.552
ttt_random_weapon	-1824.973267 2307.485840 549.815857	-6.701 -14.531 93.092
ttt_random_weapon	-1752.197510 1987.448853 552.370850	-11.160 -8.455 86.038
ttt_random_weapon	-1738.489746 1947.297607 554.663513	-11.216 -8.464 86.210
ttt_random_weapon	-1725.230591 1906.803589 556.846863	-11.036 -8.434 85.658
ttt_random_weapon	-1728.732056 1874.042114 556.216187	-10.718 -8.372 84.678
ttt_random_weapon	-1744.333008 1827.753662 554.538635	-7.303 -2.481 -88.094
ttt_random_weapon	-1766.987427 1799.361450 554.852539	-4.200 7.810 -100.903
ttt_random_weapon	-1792.325806 1768.486084 555.487732	-4.019 7.800 -100.489
ttt_random_weapon	-1821.592773 1737.485352 555.708191	-4.203 7.811 -100.911
ttt_random_weapon	-1845.465820 1714.694458 555.561707	-3.989 7.798 -100.421
ttt_random_weapon	-1883.453979 1687.697632 554.275146	-4.062 7.802 -100.587
ttt_random_weapon	-1937.927856 1661.026123 551.014099	-4.171 7.809 -100.838
ttt_random_weapon	737.747253 3783.551758 544.902832	18.785 -5.156 88.593
ttt_random_weapon	805.234924 3778.035645 520.312134	17.228 -4.107 87.982
ttt_random_weapon	858.764221 3770.583252 507.861267	4.546 -10.133 87.976
ttt_random_weapon	898.922180 3750.682373 505.052185	-5.031 -22.712 -91.254
ttt_random_weapon	940.519775 3736.987061 514.432495	-15.390 -14.087 94.285
ttt_random_weapon	970.438110 3727.866455 520.010254	-7.572 -7.452 90.596
ttt_random_weapon	1016.847778 3715.058594 525.165161	-9.970 -8.697 97.339
ttt_random_weapon	1044.801147 3705.502441 527.317871	-8.493 -9.917 99.405
ttt_random_weapon	538.759521 2786.975586 395.339783	4.877 -2.538 -90.551
ttt_random_weapon	530.597046 2843.516113 398.444641	5.185 3.555 -90.248
ttt_random_weapon	532.356506 2891.582031 401.021057	5.682 3.699 -88.372
ttt_random_weapon	537.563599 2937.647705 403.410187	5.142 3.361 -89.577
ttt_random_weapon	541.698242 2986.137207 405.974854	5.022 3.103 -89.515
ttt_random_weapon	546.556091 3030.502441 409.180054	2.851 -11.562 87.994
ttt_random_weapon	551.080811 3088.315430 412.817139	5.015 6.523 -87.879
ttt_random_weapon	299.743530 3235.571289 -126.786270	1.720 4.926 -92.952
ttt_random_weapon	342.163727 3237.256104 -126.774406	1.586 4.918 -93.258
ttt_random_weapon	175.064301 3437.480713 1.216224	1.692 5.334 -93.016
ttt_random_weapon	175.078873 3388.462402 1.174849	1.914 4.752 -92.228
ttt_random_weapon	174.845642 3349.530273 1.233120	1.501 4.911 -93.453
ttt_random_weapon	171.665817 3310.479492 1.238435	1.418 6.052 -93.618
ttt_random_weapon	168.870743 3274.532227 1.197148	1.907 4.928 -92.523
ttt_random_weapon	167.442215 3234.660400 1.199413	1.882 4.926 -92.582
ttt_random_weapon	167.626984 3205.183350 1.212677	1.732 4.927 -92.924
ttt_random_weapon	175.150391 3170.973633 1.214601	1.711 4.101 -92.974
ttt_random_weapon	175.085266 3135.323730 1.214889	1.697 4.911 -92.993
ttt_random_weapon	175.099777 3104.908936 1.213412	1.724 2.856 -92.943
ttt_random_weapon	173.538971 3072.229248 1.211032	1.751 4.927 -92.882
ttt_random_weapon	170.947067 3033.017578 1.197147	1.907 4.928 -92.523
ttt_random_weapon	170.818771 2995.491211 1.196369	1.916 4.929 -92.503
ttt_random_weapon	169.476990 2961.282959 1.224190	1.602 4.919 -93.222
ttt_random_weapon	-1146.430664 -1271.797729 18.646269	5.170 2.743 -94.729
ttt_random_weapon	-1110.413818 -1294.274414 17.236860	4.305 5.158 -93.899
ttt_random_weapon	-1084.023804 -1320.510620 16.768023	2.444 3.195 -93.724
ttt_random_weapon	-1050.281738 -1332.441040 16.591202	2.527 4.526 -93.181
ttt_random_weapon	-1013.476501 -1324.282471 16.374622	0.572 4.249 -92.271
ttt_random_weapon	-984.555542 -1303.231567 16.940445	1.008 5.031 -93.159
ttt_random_weapon	-972.169067 -1272.435303 17.117069	0.649 3.106 -91.900
ttt_random_weapon	-974.928406 -1243.705688 17.804996	0.545 3.121 -92.136
ttt_random_weapon	-994.825928 -1195.705566 17.310915	-0.122 4.846 -92.953
ttt_random_weapon	-1008.176270 -1174.507568 16.735132	-0.094 2.461 -92.541
ttt_random_weapon	-1037.726440 -1150.986572 15.730263	0.581 6.312 -95.333
ttt_random_weapon	-1062.476196 -1134.100586 14.754349	0.792 7.917 -95.164
ttt_random_weapon	-1086.113037 -1128.193237 14.161895	1.168 8.648 -95.169
ttt_random_weapon	-1127.799561 -1119.931519 13.615487	2.005 5.343 -93.873
ttt_random_weapon	-1144.092529 -1130.097900 13.891875	1.851 5.678 -94.362
ttt_random_weapon	-1163.113647 -1140.252930 14.716907	4.835 4.184 -96.293
ttt_random_weapon	-1175.007690 -1157.727661 17.009628	7.775 4.196 -95.395
ttt_random_weapon	-1178.226807 -1183.148315 18.826008	9.285 9.625 -92.632
ttt_random_weapon	-1182.666138 -1209.989502 20.434916	8.795 6.556 -94.489
ttt_random_weapon	-1186.988281 -1230.635864 21.633757	8.647 5.953 -94.396
ttt_random_weapon	-1507.420166 -2028.606323 151.007080	7.594 6.606 -95.297
ttt_random_weapon	-1526.032471 -2014.141479 152.423126	8.202 7.568 -94.327
ttt_random_weapon	-1561.589966 -2027.442383 154.945801	2.639 5.083 -92.364
ttt_random_weapon	-1556.217896 -2080.037598 154.879532	0.291 6.043 -94.342
item_ammo_pistol_ttt	84.000000 -24.000000 114.000000	0.000 90.000 0.000
item_ammo_pistol_ttt	105.434998 -24.000000 114.000000	0.000 90.000 0.000
item_ammo_pistol_ttt	-72.000000 -48.000000 94.000000	0.000 270.000 0.000
item_ammo_pistol_ttt	-92.565399 -48.000000 94.000000	0.000 270.000 0.000
weapon_ttt_confgrenade	-184.750000 2301.510010 37.370899	0.000 0.000 0.000
weapon_ttt_confgrenade	-171.216003 2308.870117 37.370899	0.000 0.000 0.000
weapon_ttt_confgrenade	-2388.633057 1796.606445 546.015381	-38.112 -59.498 -89.036
weapon_ttt_confgrenade	-2406.645020 1816.832764 546.117615	-36.081 -56.414 -90.518
weapon_ttt_confgrenade	-2408.137207 1834.969604 546.190186	-37.190 -55.270 -92.267
weapon_ttt_confgrenade	-2429.480713 1860.421875 546.191528	-37.210 -55.247 -92.299
weapon_ttt_confgrenade	-2453.991211 1884.148682 546.238586	-37.928 -54.445 -93.483
weapon_ttt_confgrenade	-2461.340088 1907.458984 546.115173	-36.044 -56.450 -90.461
weapon_ttt_confgrenade	-2466.611816 1924.268188 546.131653	-36.296 -56.202 -90.849
weapon_ttt_confgrenade	-2440.217529 1914.177979 546.207703	-37.457 -54.977 -92.701
weapon_ttt_confgrenade	-2412.658447 1899.831543 546.197693	-37.305 -55.145 -92.452
weapon_ttt_confgrenade	-2383.853760 1881.558716 546.082275	-35.541 -56.920 -89.697
weapon_ttt_confgrenade	-2365.339844 1855.199951 546.155518	-36.660 -55.943 -91.420
weapon_ttt_confgrenade	-2369.322510 1829.521973 546.188904	-37.170 -55.293 -92.234
weapon_ttt_confgrenade	-2400.281982 1809.773071 546.110107	-35.967 -56.525 -90.343
weapon_ttt_confgrenade	-2423.265869 1826.958252 546.115112	-36.043 -56.451 -90.460
weapon_ttt_confgrenade	-2437.296631 1851.299927 546.186218	-37.129 -55.336 -92.168
weapon_ttt_confgrenade	-2432.197510 1871.628052 546.122437	-36.155 -56.341 -90.632
weapon_ttt_confgrenade	-2413.887939 1881.110107 546.183472	-37.087 -55.381 -92.100
weapon_ttt_confgrenade	-2400.129150 1874.131714 546.157776	-36.695 -55.796 -91.475
weapon_ttt_confgrenade	-2376.196289 1869.434326 546.076111	-35.447 -57.009 -89.557
weapon_ttt_confgrenade	-2387.592041 1851.932617 546.159607	-36.723 -55.766 -91.519
weapon_ttt_confgrenade	-2420.312256 1872.545654 546.179138	-37.021 -55.452 -91.994
weapon_ttt_confgrenade	-2449.860596 1873.742798 546.093933	-35.719 -56.761 -89.967
weapon_ttt_confgrenade	-2461.255127 1873.236572 546.197693	-37.305 -55.145 -92.452
weapon_ttt_confgrenade	-2450.812744 1896.353394 546.136047	-36.363 -56.136 -90.953
weapon_ttt_confgrenade	-2435.069336 1887.201172 546.122437	-36.155 -56.341 -90.632
weapon_ttt_confgrenade	-2422.305664 1860.818481 546.155945	-36.667 -55.826 -91.430
weapon_ttt_confgrenade	-2392.544678 1839.875366 546.102234	-35.846 -56.641 -90.159
weapon_ttt_confgrenade	-2387.116211 1829.024292 546.249756	-38.099 -54.247 -93.771
weapon_ttt_confgrenade	-2401.678223 1824.437744 546.184326	13.051 -38.741 -91.281
weapon_ttt_confgrenade	-2426.279785 1846.581421 546.257935	9.240 -78.249 -93.404
weapon_ttt_confgrenade	-2416.851563 1847.360352 546.032654	14.470 -88.851 -88.504
weapon_ttt_confgrenade	-2412.391846 1858.035278 546.164795	-36.802 -55.686 -91.644
weapon_ttt_confgrenade	-2435.512939 1881.951050 546.194031	-37.249 -55.208 -92.362
weapon_ttt_ak47	-457.237000 2925.939697 128.879639	0.148 7.494 -87.413
weapon_ttt_ak47	-456.805237 2990.200684 128.919724	0.093 3.647 -87.855
weapon_ttt_ak47	-457.378845 3040.342773 128.858704	0.177 8.956 -87.182
weapon_ttt_ak47	-457.370026 3097.577393 128.895416	0.127 8.527 -87.595
ttt_playerspawn	1684.365723 493.073944 9.053367	-2.458 -0.392 2.327
ttt_playerspawn	1700.216187 655.028381 6.964418	-1.089 1.095 -2.002
ttt_playerspawn	321.252106 2507.011963 4.077937	-0.036 -0.383 0.036
ttt_playerspawn	151.238831 2378.333252 4.811193	-0.060 -0.000 0.060
ttt_playerspawn	-47.816826 2229.166016 4.395302	-0.085 0.276 0.085
ttt_playerspawn	73.219856 3475.643066 0.514818	-0.083 -0.000 0.083
ttt_playerspawn	83.917412 3244.165039 0.559885	-0.039 -0.000 0.039
ttt_playerspawn	75.478485 3037.760986 0.554755	-0.044 -0.000 0.044
ttt_playerspawn	64.240311 2707.120117 5.269989	-0.060 -0.184 0.060
ttt_playerspawn	-359.282135 2212.161377 133.665527	-0.061 -1.201 0.061
ttt_playerspawn	-398.357056 2628.494141 134.147308	-0.044 -0.092 0.044
ttt_playerspawn	-375.187714 2372.638428 132.974030	-0.037 -0.963 0.037
ttt_playerspawn	-651.845642 2150.827393 138.934372	-0.970 -0.143 0.023
ttt_playerspawn	-703.183777 2277.425049 138.682022	-0.174 0.058 -0.013
ttt_playerspawn	-1243.526367 1729.321167 8.379846	3.235 0.306 1.268
ttt_playerspawn	-1190.753784 1994.569580 16.923765	9.404 -10.362 7.393
ttt_playerspawn	-1132.268433 1601.040649 -4.346795	0.253 -0.415 -1.311
ttt_playerspawn	-1244.900879 1392.905884 23.133427	1.310 0.004 0.359
ttt_playerspawn	-1357.822266 1205.712646 23.909941	-2.559 -0.700 -0.790
ttt_playerspawn	-1546.772461 996.174988 14.057864	-4.201 -0.239 -3.108
ttt_playerspawn	-1684.446777 821.862488 14.859692	-4.184 -0.143 1.008
ttt_playerspawn	1086.148193 242.770370 3.235863	0.006 -0.637 0.565
ttt_playerspawn	1008.195435 509.371246 7.644278	-2.765 0.300 2.922
ttt_playerspawn	699.014221 458.375153 4.091139	-0.039 -0.909 -0.241
ttt_playerspawn	1320.190796 16.697355 3.184251	1.451 0.399 -0.044
ttt_playerspawn	1545.979980 -250.345047 5.715937	-0.488 -1.337 0.490
ttt_playerspawn	1949.721069 -414.739044 77.651741	-3.512 -1.007 2.544
ttt_playerspawn	2093.200439 -398.131653 82.473709	-2.118 1.200 1.815
ttt_playerspawn	1760.002441 -589.415833 40.957161	-2.688 -0.103 3.690
ttt_playerspawn	-146.890945 95.823441 25.289106	-0.120 -0.343 -0.220
ttt_playerspawn	12.452467 138.501526 26.938480	0.100 84.718 -7.569
ttt_playerspawn	-186.030380 -125.500549 25.309444	-0.040 -0.922 0.040
ttt_playerspawn	10.386633 82.013100 169.247513	-0.025 -0.277 0.025
ttt_playerspawn	-214.460785 2.189127 169.702423	-0.035 -0.462 0.035
ttt_playerspawn	-1700.860840 -1818.100342 164.665512	4.523 2.886 -1.868
ttt_playerspawn	-1782.458374 -1577.536743 163.695358	2.526 0.065 -2.234
ttt_playerspawn	-1589.051270 -1639.209351 153.594452	6.328 0.777 -1.335
ttt_playerspawn	-2246.310303 -1507.293335 200.338913	4.636 0.370 -4.448
ttt_playerspawn	-2263.241211 -1748.848511 227.900299	10.308 -1.506 -1.406
item_ammo_357_ttt	88.000000 -24.000000 94.000000	0.000 90.000 0.000
item_ammo_357_ttt	104.000000 -24.000000 94.000000	0.000 90.000 0.000
item_ammo_357_ttt	-30.000000 -48.000000 94.000000	0.000 270.000 0.000
item_ammo_357_ttt	-46.000000 -48.000000 94.000000	0.000 270.000 0.000
item_ammo_357_ttt	-1596.232300 2105.532715 544.328247	0.449 0.068 0.057
item_ammo_357_ttt	-1618.698853 2102.923096 544.412903	0.466 0.054 0.023
item_ammo_357_ttt	-1636.032959 2094.076904 544.317139	0.447 0.072 0.062
item_ammo_357_ttt	-1658.719116 2095.024414 544.336609	0.451 0.064 0.054
item_ammo_357_ttt	-1676.298706 2093.097656 544.360413	0.456 0.058 0.044
item_ammo_357_ttt	-1697.172241 2082.413574 544.362061	0.456 0.058 0.044
item_ammo_357_ttt	-237.250290 2648.774658 592.385315	0.461 0.056 0.034
item_ammo_357_ttt	-284.258453 2644.897949 592.326111	0.449 0.068 0.058
item_ammo_357_ttt	-315.314941 2643.695557 592.323914	0.449 0.069 0.059
item_ammo_357_ttt	-339.704437 2642.012451 592.338562	0.452 0.065 0.053
item_ammo_357_ttt	-357.707001 2652.872559 592.368408	0.458 0.057 0.041
item_box_buckshot_ttt	-72.565399 -48.000000 114.000000	0.000 270.000 0.000
item_box_buckshot_ttt	-94.000000 -48.000000 114.000000	0.000 270.000 0.000
item_ammo_smg1_ttt	16.000000 -104.000000 110.000000	0.000 0.000 0.000
item_ammo_smg1_ttt	16.000000 -125.434998 110.000000	0.000 0.000 0.000
item_ammo_smg1_ttt	-26.000000 -48.000000 114.000000	0.000 270.000 0.000
item_ammo_smg1_ttt	-47.434601 -48.000000 114.000000	0.000 270.000 0.000
item_ammo_smg1_ttt	-465.369324 2963.959229 128.507050	0.481 -0.011 -0.379
item_ammo_smg1_ttt	-462.096527 3017.694824 128.504456	0.530 -0.010 -0.410
item_ammo_smg1_ttt	-461.993561 3070.008057 128.504227	0.593 -0.010 -0.453
item_ammo_smg1_ttt	-461.459442 3132.291016 128.432602	-0.834 0.001 0.547
item_ammo_smg1_ttt	-459.861755 2904.781738 128.432602	-0.841 0.001 0.552
weapon_zm_rifle	-1593.549683 2085.707520 543.194702	3.339 13.038 65.342
weapon_zm_rifle	-1666.691528 2082.906494 543.117004	3.620 13.251 64.973
ttt_random_ammo	-88.747650 162.335037 168.383957	-0.189 -0.001 0.170
ttt_random_ammo	-57.438278 168.690338 168.364594	-0.071 -0.000 0.018
ttt_random_ammo	-18.794128 166.263824 168.320816	-0.046 -0.000 -0.034
ttt_random_ammo	3.706411 168.426468 168.417343	-1.418 -0.024 1.673
ttt_random_ammo	39.552143 162.333572 168.347580	-0.049 -0.000 -0.017
ttt_random_ammo	71.161972 163.311234 168.326004	-0.046 -0.000 -0.031
ttt_random_ammo	-2101.099609 639.780945 -0.972610	-9.032 -0.247 94.069
ttt_random_ammo	-2080.711670 647.955994 3.445405	-8.720 0.292 97.884
ttt_random_ammo	-2065.770996 672.201416 5.098950	-1.774 -0.043 2.165
ttt_random_ammo	-2054.631836 681.013123 5.732161	-0.704 -0.005 3.396
ttt_random_ammo	-2043.783203 691.236145 5.874853	6.733 -0.721 1.400
ttt_random_ammo	-2236.417969 38.459778 14.958011	-7.591 9.097 -100.467
ttt_random_ammo	-2212.256348 42.053829 19.292994	-74.141 137.892 -154.699
ttt_random_ammo	-2185.826172 34.533470 25.995977	-75.746 155.547 -173.917
ttt_random_ammo	-2159.741455 41.185146 25.036814	-2.538 2.138 -7.335
ttt_random_ammo	-2138.012207 42.166916 25.968603	-2.513 2.126 -7.893
ttt_random_ammo	-2113.488770 42.207691 26.703199	-1.272 0.903 -5.982
ttt_random_ammo	-1516.407349 414.472687 0.290589	-71.814 -158.214 -178.416
ttt_random_ammo	-1466.840332 399.178497 10.560315	3.129 1.729 6.368
ttt_random_ammo	-1424.930420 389.540344 7.341640	3.129 1.723 6.391
ttt_random_ammo	-1393.532104 377.122406 4.121703	7.291 -0.577 2.502
ttt_random_ammo	-1349.755249 380.431671 -0.024612	6.204 -0.930 2.518
ttt_random_ammo	-1310.657349 392.460968 -0.367750	0.587 0.361 4.790
ttt_random_ammo	-1276.077515 401.781189 -0.711832	-0.119 -0.013 3.027
ttt_random_ammo	-1241.339233 412.552551 -0.091892	-0.801 -0.416 1.513
ttt_random_ammo	-1206.117310 423.087524 0.628655	-0.808 -0.412 1.631
ttt_random_ammo	-1171.374268 433.453186 1.121141	-0.261 0.045 0.650
ttt_random_ammo	-1136.529175 444.074554 0.915525	1.535 -0.256 0.322
ttt_random_ammo	-1101.056152 456.376129 0.360710	1.535 -0.339 0.506
ttt_random_ammo	-1068.363770 473.544250 -0.085894	1.806 -0.548 0.876
ttt_random_ammo	-843.746887 594.240295 -2.624120	4.909 0.464 6.103
ttt_random_ammo	-812.392029 616.043335 -4.484791	8.329 -1.067 4.416
ttt_random_ammo	-784.133850 653.383057 -5.724846	7.397 0.049 2.435
ttt_random_ammo	-749.540710 677.306091 -6.349025	3.421 1.634 5.410
ttt_random_ammo	-710.390564 697.882019 -7.177016	5.487 0.379 7.250
ttt_random_ammo	-655.427185 725.714417 -6.013143	1.146 1.014 7.038
ttt_random_ammo	-627.386353 753.576538 -3.392662	-0.612 -0.641 6.850
ttt_random_ammo	-589.156677 790.924072 -1.058404	-0.192 -0.164 3.147
ttt_random_ammo	-551.495728 797.605713 1.531886	-6.083 0.992 1.730
ttt_random_ammo	-508.732483 806.893372 3.618059	-6.782 -0.749 -1.342
ttt_random_ammo	-471.457733 830.194275 6.798867	-6.871 -0.982 -1.343
ttt_random_ammo	-429.604614 832.703003 9.692776	-1.942 0.382 -7.289
ttt_random_ammo	-386.223450 839.574158 10.410870	-1.686 2.103 -7.975
ttt_random_ammo	-341.018890 851.954834 7.842627	1.755 -1.472 -6.329
ttt_random_ammo	-257.134033 872.230713 1.411702	6.023 0.627 -1.868
ttt_random_ammo	-202.619202 883.053589 0.377836	0.143 0.000 0.112
ttt_random_ammo	-141.873032 896.127930 0.400716	-0.005 0.161 0.129
ttt_random_ammo	-81.920479 903.310120 0.461123	0.013 -0.001 -0.471
ttt_random_ammo	-11.077868 915.094727 1.160674	-0.047 -0.112 -1.346
ttt_random_ammo	47.088200 925.347961 1.227327	-0.396 0.187 -2.834
ttt_random_ammo	115.802193 938.564636 0.680711	-0.045 -0.018 -0.960
ttt_random_ammo	180.193268 949.013428 0.545543	-0.036 0.126 -1.151
ttt_random_ammo	1284.063843 894.412170 58.306602	7.986 2.288 8.080
ttt_random_ammo	1262.244141 875.936523 57.140709	4.539 -2.654 9.928
ttt_random_ammo	1230.133301 856.992493 54.312847	-7.817 -1.970 -1.495
ttt_random_ammo	1208.206299 829.175415 52.514400	-8.643 -0.595 -0.777
ttt_random_ammo	1194.795166 802.910889 50.237682	0.909 1.222 8.452
ttt_random_ammo	1170.736084 753.793945 45.376564	1.569 0.176 4.855
ttt_random_ammo	1155.229004 734.209656 45.623528	5.341 -0.573 1.319
ttt_random_ammo	1159.804077 700.719543 44.263489	3.546 1.595 7.297
ttt_random_ammo	1175.433960 666.902771 40.138363	3.431 1.315 6.523
ttt_random_ammo	1201.465820 649.006287 37.778954	2.229 1.023 4.701
ttt_random_ammo	1231.679077 638.384033 35.845154	2.016 1.040 5.762
ttt_random_ammo	1259.471558 640.148438 34.950958	1.819 1.158 5.891
ttt_random_ammo	1286.390015 646.643616 34.079533	2.562 0.199 4.280
ttt_random_ammo	1321.552246 652.180298 32.254978	3.678 -0.807 1.421
ttt_random_ammo	1352.671509 668.522522 31.055504	4.367 -0.494 1.383
ttt_random_ammo	1379.616089 690.235474 29.088276	6.787 0.743 -0.536
ttt_random_ammo	1395.735840 722.484375 27.585760	6.901 -1.188 0.829
ttt_random_ammo	1422.080078 749.436768 26.243931	77.871 165.380 169.263
ttt_random_ammo	1426.077393 778.411438 23.727842	11.097 2.490 -0.439
ttt_random_ammo	1424.959961 808.212158 26.833858	77.089 172.136 -178.376
ttt_random_ammo	1427.221069 837.526978 26.963345	77.588 177.204 -179.830
ttt_random_ammo	1405.908203 869.422363 29.999590	10.781 -3.714 0.154
ttt_random_ammo	1389.808350 880.005005 36.233978	75.485 178.702 -179.272
ttt_random_ammo	1364.965454 913.399963 41.190090	1.348 -42.964 -111.717
ttt_random_ammo	1328.803101 920.765747 47.842106	5.436 -10.777 -105.057
ttt_random_ammo	1299.678223 922.719604 50.915928	-2.247 -12.176 -110.316
ttt_random_ammo	1680.933960 277.518951 13.985642	-0.479 0.616 -3.510
ttt_random_ammo	1659.365112 255.691833 13.988729	-10.237 0.779 -1.367
ttt_random_ammo	1653.060181 217.671066 11.658254	-6.401 2.011 2.884
ttt_random_ammo	1660.536865 184.217773 11.389882	-7.003 -2.111 -2.668
ttt_random_ammo	1663.433228 152.764084 13.275299	-6.525 -1.469 -1.672
ttt_random_ammo	1671.488159 124.334450 15.991929	-10.516 -3.434 -2.154
ttt_random_ammo	1685.317139 87.779747 19.438187	-12.036 -1.115 -0.555
ttt_random_ammo	1697.083984 65.142067 22.099005	-12.093 -1.843 -0.456
ttt_random_ammo	1712.258423 47.783367 28.382818	-78.595 -179.903 179.216
ttt_random_ammo	1741.813599 41.904678 30.498743	-8.496 -1.704 -1.307
ttt_random_ammo	1767.123413 41.471306 34.093842	-9.304 -1.159 -0.601
ttt_random_ammo	1790.427612 47.725468 37.443344	-8.879 -0.668 -0.712
ttt_random_ammo	1825.027222 60.894695 39.473858	-4.425 0.060 -0.713
ttt_random_ammo	1839.144409 78.540001 39.388538	-4.595 0.544 -3.995
ttt_random_ammo	1856.374146 101.569717 40.194305	-6.207 -0.915 -1.789
ttt_random_ammo	1859.397949 130.129837 39.232418	-2.774 1.750 -9.884
ttt_random_ammo	1864.606323 171.359283 33.757542	-2.889 2.094 -9.189
ttt_random_ammo	1852.969116 191.865707 30.171770	-8.847 -8.270 -5.623
ttt_random_ammo	1839.865479 220.693466 25.529324	-1.236 1.283 -6.796
ttt_random_ammo	1821.522339 243.972610 21.496376	-1.240 1.251 -6.912
ttt_random_ammo	1803.647583 273.345795 18.367634	-1.774 0.922 -4.224
ttt_random_ammo	1777.419434 290.392975 16.428656	-2.374 0.960 -4.598
ttt_random_ammo	1750.227905 300.999481 14.683813	-2.346 0.777 -4.839
ttt_random_ammo	1726.621094 297.845612 13.960460	-1.464 0.917 -4.595
ttt_random_ammo	1709.354858 301.750946 13.244331	-0.545 1.327 -3.681
ttt_random_ammo	1683.691895 295.371948 13.273201	-0.545 0.633 -3.124
ttt_random_ammo	529.619629 -99.344444 0.357509	0.060 -0.000 -0.001
ttt_random_ammo	512.322266 -101.785606 0.377832	0.151 0.001 0.122
ttt_random_ammo	482.816589 -101.425690 0.337656	0.047 -0.000 0.025
ttt_random_ammo	444.368896 -95.913506 0.346824	0.050 0.000 -0.017
ttt_random_ammo	397.726349 -92.019035 0.382110	-0.171 -0.001 0.147
ttt_random_ammo	379.283264 -93.154724 0.401955	-0.621 -0.005 0.701
ttt_random_ammo	362.907379 95.749161 0.360535	-0.063 -0.000 0.007
ttt_random_ammo	414.475616 95.572327 0.389714	-0.277 -0.001 0.280
ttt_random_ammo	449.256897 97.314026 0.335978	-0.047 -0.000 -0.026
ttt_random_ammo	475.997009 96.714386 0.338371	-0.047 -0.000 -0.025
ttt_random_ammo	386.072113 82.938324 0.444300	-1.632 -0.036 1.976
ttt_random_ammo	423.962097 85.412918 0.360535	-0.063 -0.000 0.007
ttt_random_ammo	440.038147 90.997223 0.391681	-0.319 -0.002 0.331
ttt_random_ammo	460.429077 89.683838 0.315498	-0.047 -0.000 -0.036
ttt_random_ammo	257.441010 -106.499680 24.359552	0.064 0.000 0.006
ttt_random_ammo	256.288513 -133.057007 24.344597	0.049 0.000 -0.019
ttt_random_ammo	254.745590 -152.479630 24.367315	0.085 0.000 0.036
ttt_random_ammo	237.027100 -156.630646 24.365431	0.078 0.000 0.027
ttt_random_ammo	252.166229 -58.633102 66.361519	0.066 0.000 0.011
ttt_random_ammo	253.424744 -74.543114 66.394661	1.079 0.014 1.260
ttt_random_ammo	65.435425 -73.887863 24.455160	0.885 0.024 1.074
ttt_random_ammo	79.965385 -68.964195 24.433525	1.399 0.033 1.702
ttt_random_ammo	96.207359 -66.545677 24.369169	0.092 0.000 0.046
ttt_random_ammo	114.353157 -64.367027 24.349047	0.051 0.000 -0.014
ttt_random_ammo	-832.955566 -436.485840 3.643895	7.517 1.295 -1.684
ttt_random_ammo	-797.702759 -466.607605 0.218881	9.240 1.059 -3.185
ttt_random_ammo	-760.723267 -493.813568 -2.754865	3.420 -0.261 -4.408
ttt_random_ammo	-722.026306 -522.105164 -4.877535	5.889 -2.841 -6.481
ttt_random_ammo	-688.976196 -546.555969 -4.804605	3.655 -2.502 -8.188
ttt_random_ammo	-632.363098 -584.014160 -6.759259	2.777 -2.407 -8.219
ttt_random_ammo	-583.694763 -611.996704 -6.031433	4.941 -3.773 -5.319
ttt_random_ammo	-528.915222 -643.405762 -4.164129	1.281 -1.724 -7.992
ttt_random_ammo	-471.808594 -673.080933 -2.912056	2.003 -2.021 -7.352
ttt_random_ammo	-405.705566 -704.616638 -1.676226	1.520 -1.795 -7.866
ttt_random_ammo	-343.471680 -723.014465 -0.548357	0.324 -0.849 -7.994
ttt_random_ammo	-288.133972 -738.505554 2.771291	4.952 -5.428 -97.489
ttt_random_ammo	-199.577576 -774.636414 -1.005673	4.059 -0.332 -5.797
ttt_random_ammo	-146.112717 -792.993958 -0.684816	-0.001 -0.034 -6.397
ttt_random_ammo	-88.755821 -812.237000 1.466289	-0.669 1.341 -5.508
ttt_random_ammo	-28.633366 -832.471436 3.674289	0.214 0.532 -6.183
ttt_random_ammo	395.979065 -203.668884 0.045738	-0.378 -0.089 -0.968
ttt_random_ammo	426.037079 -204.960770 0.295318	-0.382 -0.078 -0.922
ttt_random_ammo	459.348389 -203.274445 0.437299	-0.061 -0.229 0.005
ttt_random_ammo	-159.724075 -1960.719482 -2.372342	2.563 0.210 -0.474
ttt_random_ammo	-139.446686 -1963.731567 -2.996490	2.609 0.217 -0.468
ttt_random_ammo	-103.174004 -1961.357910 -4.079396	1.897 0.330 -0.497
ttt_random_ammo	-77.442070 -1941.766724 -5.101324	2.220 0.103 -1.049
ttt_random_ammo	-57.749123 -1921.065552 -6.409166	4.835 0.462 -0.845
ttt_random_ammo	-46.440418 -1889.963501 -7.680677	4.768 0.468 -0.816
ttt_random_ammo	-42.978992 -1856.414429 -8.531260	4.274 0.539 -0.887
ttt_random_ammo	-50.792873 -1819.298462 -8.412831	4.317 0.491 -0.413
ttt_random_ammo	-65.110229 -1781.322754 -7.779035	3.480 0.416 -0.377
ttt_random_ammo	-78.789482 -1751.071899 -7.498635	2.930 0.093 -0.196
ttt_random_ammo	-96.586922 -1711.718628 -6.932517	3.056 -0.092 0.238
ttt_random_ammo	-132.779648 -1700.977051 -5.487885	3.153 -0.281 0.327
ttt_random_ammo	-161.411072 -1684.799927 -4.307953	1.836 0.176 -0.314
ttt_random_ammo	-200.709335 -1691.750000 -3.329376	-0.296 -0.002 -1.618
ttt_random_ammo	-235.226257 -1712.884644 -2.430151	1.389 -0.148 -1.885
ttt_random_ammo	-256.958862 -1751.704224 -1.189105	1.752 0.453 -0.752
ttt_random_ammo	-266.538574 -1789.428345 -0.384971	1.759 0.533 -0.779
ttt_random_ammo	-258.606934 -1820.497803 -0.770930	-1.322 0.147 0.104
ttt_random_ammo	-251.167297 -1854.525757 -1.002101	1.569 -0.014 0.014
ttt_random_ammo	-244.916367 -1885.854858 -0.790522	1.311 0.315 -0.430
ttt_random_ammo	-234.978897 -1917.532104 -0.696409	1.393 0.310 -0.432
ttt_random_ammo	-217.491165 -1940.708618 -0.897627	1.517 0.179 -0.158
ttt_random_ammo	-200.423615 -1956.070435 -1.050018	1.276 0.227 -0.216
ttt_random_ammo	-2455.087646 -1559.349609 212.663116	2.806 -0.851 -8.389
ttt_random_ammo	-2453.444580 -1598.833984 219.298386	2.146 0.529 -97.075
ttt_random_ammo	-2458.628418 -1652.610352 224.186127	-1.089 0.937 -6.779
ttt_random_ammo	-2453.870850 -1690.954712 230.043213	-4.862 7.862 -95.532
ttt_random_ammo	-2449.790527 -1726.007202 233.477509	-5.043 2.797 -9.853
ttt_random_ammo	-2443.114990 -1770.146484 234.984772	-5.801 -1.168 -0.678
ttt_random_ammo	-2446.552490 -1809.352661 235.029129	-5.000 1.008 -0.138
ttt_random_ammo	-2447.366455 -1847.731689 234.256027	-5.250 0.220 0.884
ttt_random_ammo	-2450.084229 -1887.033325 233.412582	-4.370 0.347 1.038
ttt_random_ammo	-2457.157959 -1922.992920 232.843002	-2.983 -0.211 0.121
ttt_random_ammo	-2462.835449 -1955.154297 232.663651	-2.847 -0.209 0.111
ttt_random_ammo	-2474.747803 -1985.103394 232.151733	-3.392 -0.210 -0.336
ttt_random_ammo	-2501.245605 -1998.115356 231.092743	-3.117 -0.038 -0.153
ttt_random_ammo	-2456.106445 -1543.486572 211.187592	2.759 -1.056 -6.490
ttt_random_ammo	-2452.224609 -1499.716431 207.185242	2.581 -0.918 -5.726
ttt_random_ammo	-2467.582031 -1472.617920 205.642441	2.587 -1.208 -6.170
ttt_random_ammo	-2495.056152 -1464.827637 206.404938	3.598 1.519 -3.049
ttt_random_ammo	-1938.374268 -135.364410 13.807402	-7.374 -0.496 -1.550
ttt_random_ammo	-1947.673462 -159.681854 13.620767	-7.316 -0.651 -1.658
ttt_random_ammo	-1944.749634 -199.256805 15.047902	-6.227 -0.087 -0.490
ttt_random_ammo	-1929.629883 -235.510651 16.891247	-6.572 -0.088 -0.479
ttt_random_ammo	-1914.399048 -271.649841 18.657553	-6.316 -0.707 -0.020
ttt_random_ammo	-1891.421997 -300.291077 21.015625	-5.879 -0.702 -0.177
ttt_random_ammo	-1853.395020 -311.156738 24.567219	-6.139 -0.830 -0.292
ttt_random_ammo	-1819.238403 -313.837219 27.769182	-6.474 -0.681 0.093
ttt_random_ammo	-1778.749756 -323.168549 31.685844	-6.640 0.184 0.583
ttt_random_ammo	-1744.872437 -302.506805 35.130272	-8.365 1.170 -0.610
ttt_random_ammo	-1724.722778 -271.728882 38.865807	-11.547 2.776 1.102
ttt_random_ammo	-1710.355957 -228.223373 41.189007	-11.956 -2.774 -1.173
ttt_random_ammo	-1715.577148 -191.964722 41.835129	-79.028 138.746 -168.569
ttt_random_ammo	-1730.757568 -139.312485 31.628538	-8.165 -0.515 -5.028
ttt_random_ammo	-1737.881714 -104.407700 27.417078	-6.175 0.625 -6.714
ttt_random_ammo	-1742.695801 -76.690117 24.156336	-3.457 0.370 -6.011
ttt_random_ammo	-1775.060913 -45.467705 20.189198	-5.320 -0.644 -2.237
ttt_random_ammo	-1816.609009 -27.704885 16.611557	-4.858 1.423 -1.593
ttt_random_ammo	-1855.676636 -17.436882 13.741938	-5.018 -0.838 -1.694
ttt_random_ammo	-1909.417358 -49.724689 11.671099	-3.157 0.094 -3.069
ttt_random_ammo	-1956.273315 -57.354153 8.605158	-5.547 -0.848 -2.605
ttt_random_ammo	-1977.891479 -102.491943 8.757023	-6.948 -1.251 -1.913
ttt_random_ammo	-1971.646240 -130.557449 10.381547	-7.066 -0.596 -1.555
ttt_random_ammo	-1802.600220 -1106.291626 59.677429	1.129 -32.489 -114.533
ttt_random_ammo	-1775.195190 -1116.850464 57.871471	-5.139 -38.091 -111.906
ttt_random_ammo	-1712.894165 -1139.973511 46.798523	5.349 -9.548 -102.326
ttt_random_ammo	-1695.595093 -1146.837036 45.640503	5.817 -10.782 -101.878
ttt_random_ammo	-1669.316406 -1149.943848 42.678242	2.496 -22.120 -100.696
ttt_random_ammo	-1633.526733 -1133.037354 38.768814	1.665 3.829 -100.658
ttt_random_ammo	-1614.244141 -1122.838745 36.960785	-1.239 -3.462 -100.739
ttt_random_ammo	-1595.591309 -1123.888062 37.475609	-2.431 -1.625 -100.728
ttt_random_ammo	-1578.055542 -1107.097290 34.760708	-2.172 -2.467 -100.420
ttt_random_ammo	-1554.017456 -1087.715454 31.772018	-3.056 -3.866 -99.482
ttt_random_ammo	-1553.115601 -1062.565186 27.581120	81.038 -86.237 -145.672
ttt_random_ammo	-1531.957031 -1033.393555 23.392855	-1.931 2.537 -100.696
ttt_random_ammo	-1533.840088 -1009.346802 18.808475	0.588 -0.396 -2.164
ttt_random_ammo	-1551.891479 -980.980225 18.469782	1.486 -0.508 -2.644
ttt_random_ammo	-1572.707153 -964.752380 18.589190	1.484 -0.508 -2.677
ttt_random_ammo	-1594.821533 -951.885620 19.169878	0.883 0.009 0.146
ttt_random_ammo	-1623.593628 -938.374451 20.705553	3.417 -0.557 0.349
ttt_random_ammo	-1650.586426 -927.486938 22.172232	3.084 -0.631 0.880
ttt_random_ammo	-1685.138306 -913.886414 24.434996	3.481 -0.412 0.288
ttt_random_ammo	-1704.461304 -903.358643 25.517155	3.675 -0.544 0.212
ttt_random_ammo	-1734.719971 -901.964233 27.095539	2.374 0.042 0.250
ttt_random_ammo	-1764.490112 -898.269958 28.056742	2.371 0.036 0.249
ttt_random_ammo	-1793.550659 -895.639404 29.020323	3.256 -0.289 0.784
ttt_random_ammo	-1818.787109 -908.212708 30.435444	2.038 -0.928 -3.304
ttt_random_ammo	-1844.717773 -916.069580 31.698454	2.029 -0.858 -3.642
ttt_random_ammo	-1871.540527 -923.617126 33.717209	6.094 0.834 -2.412
ttt_random_ammo	-1885.054077 -943.233765 36.432819	7.240 1.176 -6.024
ttt_random_ammo	-1888.993042 -956.003723 40.574329	6.388 -6.961 -96.798
ttt_random_ammo	-1892.184570 -985.239624 48.864357	5.663 -7.628 -106.670
ttt_random_ammo	-1881.369385 -1016.417236 51.544720	71.566 -155.639 -168.980
ttt_random_ammo	-1872.535522 -1021.803955 50.363331	-72.584 22.710 -169.275
ttt_random_ammo	-1856.229370 -1051.551880 54.607159	11.544 -9.910 -110.455
ttt_random_ammo	-1859.829712 -1063.036621 59.602631	10.077 -21.452 -113.809
ttt_random_ammo	-1852.402710 -1084.374756 65.038834	5.751 -6.982 -109.572
ttt_random_ammo	-1828.849731 -1095.098877 62.477024	-2.100 -41.528 -114.368
ttt_random_ammo	-1949.965820 2384.864502 544.342346	0.048 0.000 -0.021
ttt_random_ammo	-1927.527344 2356.657959 544.320129	0.047 0.000 -0.034
ttt_random_ammo	-1909.922363 2338.683838 544.379456	0.172 0.001 0.148
ttt_random_ammo	-1874.300293 2305.537598 544.349060	0.051 0.000 -0.014
ttt_random_ammo	-1848.428223 2273.316162 544.422302	1.621 0.037 1.970
ttt_random_ammo	-1800.629883 1984.631104 544.351257	0.053 0.000 -0.011
ttt_random_ammo	-1795.268188 1961.969604 544.392090	0.634 0.005 0.717
ttt_random_ammo	-1795.239746 1922.985718 544.332825	0.047 0.000 -0.028
ttt_random_ammo	-1808.942261 1886.332031 544.422363	1.533 0.036 1.853
ttt_random_ammo	-1825.417847 1852.348145 544.470215	0.554 0.020 0.673
ttt_random_ammo	-1856.354980 1815.568726 544.330383	0.047 0.000 -0.029
ttt_random_ammo	-1884.908325 1786.378418 544.344604	0.049 -0.000 0.019
ttt_random_ammo	-1911.666992 1764.021606 544.359558	0.063 -0.000 -0.006
ttt_random_ammo	-1943.062134 1740.742432 544.322815	0.047 -0.000 0.033
ttt_random_ammo	-1969.818359 1721.418823 544.439148	1.216 -0.030 -1.476
ttt_random_ammo	745.411743 3748.154785 540.668274	69.040 171.836 -168.241
ttt_random_ammo	804.387939 3748.349609 519.844666	73.357 178.160 175.160
ttt_random_ammo	849.035767 3738.087891 506.514069	11.020 -1.442 -0.088
ttt_random_ammo	881.372253 3729.203857 501.211945	9.077 0.202 4.953
ttt_random_ammo	909.803711 3717.452881 506.051971	-73.637 -158.496 173.710
ttt_random_ammo	946.046692 3696.377686 513.862671	-73.770 -159.757 178.361
ttt_random_ammo	984.306580 3675.146240 515.458862	-9.064 -0.956 5.117
ttt_random_ammo	1024.076416 3672.370361 520.509888	-3.508 -4.784 98.948
ttt_random_ammo	1052.430054 3671.671387 520.667114	-3.444 -4.058 23.633
ttt_random_ammo	567.109314 2809.838135 394.311249	0.004 0.098 1.146
ttt_random_ammo	566.487488 2840.703369 395.177612	5.527 -0.953 2.455
ttt_random_ammo	562.894775 2894.501709 398.471191	3.602 1.190 4.719
ttt_random_ammo	558.857544 2928.558838 400.726929	3.603 1.188 4.799
ttt_random_ammo	555.391907 2967.028076 403.232635	3.600 1.189 4.166
ttt_random_ammo	559.298584 3006.832275 405.280090	3.588 1.266 5.492
ttt_random_ammo	569.235291 3039.092041 407.098816	3.533 1.575 6.062
ttt_random_ammo	581.022583 3081.709229 408.990204	9.890 -7.640 3.042
ttt_random_ammo	586.039917 3118.841309 410.881836	9.563 -7.752 3.066
ttt_random_ammo	279.456360 3209.616699 -127.608765	0.546 0.004 0.609
ttt_random_ammo	299.809784 3215.246582 -127.632683	0.083 0.000 0.034
ttt_random_ammo	326.126312 3214.169189 -127.605057	1.238 0.018 1.452
ttt_random_ammo	348.745056 3215.648682 -127.650970	0.051 0.000 -0.014
ttt_random_ammo	143.241028 3416.028076 0.337635	0.047 0.000 -0.025
ttt_random_ammo	148.389053 3385.466064 0.339986	0.047 0.000 -0.023
ttt_random_ammo	152.035614 3344.261719 0.382328	0.216 -0.001 -0.204
ttt_random_ammo	128.890823 3306.875732 0.376102	0.134 -0.000 -0.101
ttt_random_ammo	134.103851 3291.765869 0.325310	0.047 0.000 -0.032
ttt_random_ammo	140.464844 3261.326904 0.353348	0.054 -0.000 0.007
ttt_random_ammo	143.127197 3238.274170 0.424535	1.544 0.037 1.873
ttt_random_ammo	156.075287 3199.538574 0.374484	0.121 0.000 0.085
ttt_random_ammo	161.486313 3158.670898 0.394975	1.233 0.018 1.447
ttt_random_ammo	162.538025 3120.485107 0.421727	1.529 0.036 1.848
ttt_random_ammo	159.138962 3090.141357 0.383745	0.246 -0.001 -0.241
ttt_random_ammo	156.049942 3063.722412 0.425597	1.411 0.032 1.700
ttt_random_ammo	153.290848 3037.084961 0.379323	0.169 -0.001 -0.145
ttt_random_ammo	151.430161 3010.441650 0.344601	0.048 -0.000 0.020
ttt_random_ammo	149.722839 2984.600342 0.344580	0.049 0.000 -0.019
ttt_random_ammo	151.715912 2951.041992 0.420149	1.521 0.036 1.833
ttt_random_ammo	-1187.812012 -1263.964844 25.820126	77.139 -150.674 -165.596
ttt_random_ammo	-1172.462891 -1285.413330 25.690311	8.809 -8.189 -101.753
ttt_random_ammo	-1154.222534 -1304.106323 24.287910	75.914 -148.847 -174.881
ttt_random_ammo	-1132.951172 -1324.380981 20.776676	8.065 -0.874 -8.467
ttt_random_ammo	-1102.209839 -1338.983154 17.997766	8.393 -0.897 -7.579
ttt_random_ammo	-1078.751465 -1344.903198 16.370554	0.916 -0.174 -5.303
ttt_random_ammo	-1047.304688 -1353.320313 16.423523	0.813 -1.284 -5.845
ttt_random_ammo	-1025.911133 -1356.304565 16.331823	0.682 -0.735 -5.594
ttt_random_ammo	-1004.807251 -1349.680054 16.266077	-1.345 1.132 -5.606
ttt_random_ammo	-973.609558 -1336.076782 16.561840	-1.744 -0.681 0.147
ttt_random_ammo	-952.981445 -1321.787476 16.866356	-1.762 -0.374 -0.505
ttt_random_ammo	-935.569763 -1301.401855 17.068544	-1.841 -0.342 -0.488
ttt_random_ammo	-926.289246 -1275.742798 17.204460	-1.375 -0.067 2.103
ttt_random_ammo	-924.370178 -1253.625732 17.939608	-3.998 0.126 -0.020
ttt_random_ammo	-925.143372 -1219.380493 20.113415	-3.868 -1.634 5.774
ttt_random_ammo	-923.120728 -1186.101563 24.050398	-4.078 -2.195 7.142
ttt_random_ammo	-951.296387 -1156.930054 20.637974	-10.158 1.357 0.905
ttt_random_ammo	-979.588867 -1136.870850 17.776590	-4.127 -0.029 -0.918
ttt_random_ammo	-1008.086304 -1118.534058 15.513285	-4.948 -0.843 -1.380
ttt_random_ammo	-1039.670044 -1098.094482 13.413909	-1.316 0.228 -2.182
ttt_random_ammo	-1075.212769 -1089.897583 12.354711	-1.339 0.272 -2.770
ttt_random_ammo	-1114.953369 -1082.236572 11.690409	-0.008 0.012 -2.613
ttt_random_ammo	-1156.346924 -1093.141357 12.117710	1.294 -0.295 -2.119
ttt_random_ammo	-1191.212891 -1113.868530 13.637128	4.526 -0.225 -3.962
ttt_random_ammo	-1214.562012 -1138.635254 18.314327	6.580 0.866 -5.443
ttt_random_ammo	-1223.757446 -1176.661133 25.470539	77.524 -153.498 -170.588
ttt_random_ammo	-1221.140259 -1214.093384 27.488691	77.342 -139.712 -142.316
ttt_random_ammo	-1214.767822 -1243.657959 28.930574	77.511 -152.562 -169.999
ttt_random_ammo	-1206.591187 -1257.599976 28.866051	77.155 -150.769 -165.688
ttt_random_ammo	-1503.223633 -2067.114746 151.791046	7.485 1.035 -3.226
ttt_random_ammo	-1493.528687 -2054.290283 150.071136	7.253 1.083 -3.224
ttt_random_ammo	-1509.983154 -2047.335571 151.351822	7.116 2.788 -2.595
ttt_random_ammo	-1559.287109 -1993.152954 152.985245	1.844 -0.114 -3.279
ttt_random_ammo	-1594.366211 -1999.226318 154.467224	0.646 -0.052 0.064
ttt_random_ammo	-1604.825806 -2026.730225 154.505447	0.984 0.023 0.103
ttt_random_ammo	-1592.871826 -2085.447021 153.855713	0.349 0.175 1.586
ttt_random_ammo	-1566.641968 -2094.394775 154.048447	-1.774 -0.573 -1.035
ttt_random_ammo	-1524.550171 -2089.785156 154.060638	4.985 0.410 -0.856
ttt_random_ammo	-1514.562500 -1991.444458 149.562805	6.670 0.816 -2.026
weapon_ttt_g3sg1	-227.073853 2598.549561 593.331970	-0.865 0.103 -87.660
weapon_ttt_g3sg1	-312.438934 2596.930908 593.287598	-0.757 0.186 -87.684
weapon_ttt_g3sg1	-366.174622 2603.703369 593.258118	-0.686 0.236 -87.699
