# Trouble in Terrorist Town weapon/ammo placement overrides
# For map: ttt_college
# Exported by: Donato Dias
setting:	replacespawns 1
ttt_playerspawn	107.717476 -1433.153076 232.536026	-0.062 -0.000 0.062
ttt_playerspawn	106.787025 -1353.198608 232.537933	-0.061 -0.000 0.061
ttt_playerspawn	108.214134 -1277.287842 232.539764	-0.059 -0.000 0.059
ttt_playerspawn	106.776283 -1199.444946 232.524490	-0.074 -0.000 0.074
ttt_playerspawn	107.920776 -1105.505981 232.539764	-0.059 -0.000 0.059
ttt_playerspawn	104.662643 -1017.271545 232.558640	0.040 0.000 0.040
ttt_playerspawn	-2.927600 -1015.315918 232.563889	-0.035 -0.000 0.035
ttt_playerspawn	-4.049694 -1103.619263 232.543289	-0.055 -0.000 0.055
ttt_playerspawn	-4.043165 -1199.771606 232.532059	-0.066 -0.000 0.066
ttt_playerspawn	-3.315977 -1273.329712 232.537933	-0.061 -0.000 0.061
ttt_playerspawn	-2.635247 -1348.989014 232.543289	-0.055 -0.000 0.055
ttt_playerspawn	-5.351017 -1442.532104 232.534073	-0.064 -0.000 0.064
ttt_playerspawn	-102.948601 -1018.921631 232.541550	-0.057 -0.000 0.057
ttt_playerspawn	-106.767662 -1111.199585 232.537933	-0.061 -0.000 0.061
ttt_playerspawn	-107.966263 -1202.004028 232.517349	-0.081 -0.000 0.081
ttt_playerspawn	-108.520859 -1270.897339 232.531021	-0.067 -0.000 0.067
ttt_playerspawn	-109.428169 -1350.059204 232.540390	-0.057 -0.000 0.057
ttt_playerspawn	-112.966209 -1444.262695 232.522186	-0.076 -0.000 0.076
ttt_playerspawn	-202.453033 -1022.052734 232.528915	-0.069 -0.000 0.069
ttt_playerspawn	-205.334641 -1111.272461 232.527832	-0.070 -0.000 0.070
ttt_playerspawn	-207.922623 -1206.363892 232.563339	-0.036 -0.000 0.036
ttt_playerspawn	-207.037781 -1272.769531 232.524490	-0.074 -0.000 0.074
ttt_playerspawn	-206.909424 -1355.361572 232.536362	0.042 -0.133 0.244
ttt_playerspawn	-206.815201 -1446.095947 232.535049	-0.063 -0.000 0.063
ttt_playerspawn	961.984009 -1099.713135 424.548187	-0.051 -0.000 0.051
ttt_playerspawn	842.018188 -1102.586304 424.566010	-0.033 -0.000 0.033
ttt_playerspawn	737.048096 -1105.100220 424.547394	-0.051 -0.000 0.051
ttt_playerspawn	617.082520 -1107.972900 424.514801	-0.083 -0.000 0.083
ttt_playerspawn	504.614380 -1110.666870 424.563904	-0.035 -0.000 0.035
ttt_playerspawn	495.952423 -990.608582 424.558044	-0.041 -0.000 0.041
ttt_playerspawn	608.164490 -994.470154 424.528931	-0.069 -0.000 0.069
ttt_playerspawn	728.223572 -994.262939 424.522186	-0.076 -0.000 0.076
ttt_playerspawn	835.371643 -994.422852 424.541565	-0.057 -0.000 0.057
ttt_playerspawn	962.444397 -995.668152 424.540680	-0.058 -0.000 0.058
weapon_ttt_ak47	-754.401306 629.188782 270.583862	0.066 12.548 -88.068
item_box_buckshot_ttt	-22.933926 -1566.976074 232.457504	-0.433 -0.006 0.385
item_box_buckshot_ttt	-23.346996 -1548.376587 232.374039	0.753 -0.022 -0.521
item_box_buckshot_ttt	-37.224716 -1569.013672 232.375443	0.671 -0.001 -0.457
item_box_buckshot_ttt	-37.753471 -1548.719360 232.383408	-0.629 -0.005 0.596
item_box_buckshot_ttt	81.435493 -1566.074951 232.372192	0.763 -0.121 -0.526
item_box_buckshot_ttt	81.129219 -1547.049683 232.405365	-0.844 -0.007 0.750
item_box_buckshot_ttt	69.751099 -1568.164917 232.396423	-0.935 -0.003 0.831
item_box_buckshot_ttt	69.637527 -1548.844849 232.426407	-0.672 -0.006 0.599
item_box_buckshot_ttt	-138.262329 -1568.740234 232.407211	-0.831 -0.003 0.737
item_box_buckshot_ttt	-138.571869 -1547.719604 232.476395	0.039 0.204 -0.560
item_box_buckshot_ttt	-125.686417 -1568.284424 232.403503	-0.857 -0.010 0.762
item_box_buckshot_ttt	-125.296280 -1548.979126 232.503784	-1.757 -0.824 1.430
item_box_buckshot_ttt	-319.011871 -1565.314331 232.344162	0.618 0.003 -0.491
item_box_buckshot_ttt	-318.726013 -1545.874023 232.397079	-0.938 -0.004 0.830
item_box_buckshot_ttt	-335.156677 -1566.363403 232.403870	-0.857 -0.010 0.761
item_box_buckshot_ttt	-335.055511 -1546.681519 232.398315	-0.922 -0.009 0.818
item_box_buckshot_ttt	557.105469 -855.784607 270.135925	-0.175 0.012 0.146
item_box_buckshot_ttt	557.132507 -842.657349 270.033875	-1.022 0.002 0.852
item_box_buckshot_ttt	480.894348 61.449406 270.090424	-0.654 -0.006 0.540
item_box_buckshot_ttt	481.480377 83.234642 270.018158	0.589 0.018 -0.419
item_box_buckshot_ttt	870.184570 165.157791 270.152222	-0.060 -0.010 0.062
item_box_buckshot_ttt	870.164795 151.915787 270.144012	0.060 0.014 -0.044
item_box_buckshot_ttt	-292.398804 308.719818 263.578735	0.082 -0.021 -0.075
item_box_buckshot_ttt	-308.987885 308.663177 263.568298	-0.024 0.003 0.021
item_box_buckshot_ttt	343.569427 68.886627 461.156342	-0.006 -0.009 0.008
item_box_buckshot_ttt	342.277710 84.158974 461.154541	0.062 -0.001 0.048
item_box_buckshot_ttt	-1576.472168 509.335449 457.289154	-0.241 -0.003 0.206
item_box_buckshot_ttt	-1550.915405 509.812958 457.261414	0.248 0.109 -0.175
item_box_buckshot_ttt	-1550.472412 523.448425 457.231018	0.111 0.002 -0.049
item_box_buckshot_ttt	-1573.714844 522.743286 457.174500	0.761 -0.020 -0.551
item_box_buckshot_ttt	-1249.169434 -247.674515 456.419220	-0.736 -0.006 0.653
item_box_buckshot_ttt	-1260.302612 -247.035980 456.376495	0.492 0.018 -0.314
item_box_buckshot_ttt	-1260.025391 -231.607925 456.376862	0.480 0.018 -0.301
item_box_buckshot_ttt	-1250.506226 -232.547546 456.344177	0.617 0.003 -0.490
item_box_buckshot_ttt	-1642.992065 -486.767487 456.338043	0.454 0.004 -0.357
item_box_buckshot_ttt	-1627.173828 -483.152557 456.421082	0.774 -0.001 0.602
item_box_buckshot_ttt	-2208.874023 -494.441895 456.410370	-0.805 -0.006 0.715
item_box_buckshot_ttt	-2210.256592 -479.964081 456.377991	0.291 0.003 -0.149
item_box_buckshot_ttt	-2192.937744 -478.693787 456.409912	-1.013 0.099 0.799
item_box_buckshot_ttt	-2195.753418 -493.715088 456.414276	-0.914 -0.020 0.722
item_box_buckshot_ttt	-2038.114868 141.517792 456.334961	-0.362 0.001 -0.309
item_box_buckshot_ttt	-2025.367920 142.864197 456.435852	-0.604 -0.007 0.536
item_box_buckshot_ttt	-832.204224 -760.146851 266.311096	-0.046 -0.004 0.039
item_box_buckshot_ttt	-821.250366 -760.873230 266.302643	-0.126 -0.010 0.106
item_box_buckshot_ttt	-856.506531 364.354004 270.157410	0.015 0.010 -0.012
item_box_buckshot_ttt	-870.743164 365.424591 270.157593	0.046 0.010 -0.037
item_box_buckshot_ttt	-869.254028 348.842468 270.152618	-0.046 -0.004 0.030
item_box_buckshot_ttt	-856.810547 349.893616 270.130890	-0.220 0.012 0.182
item_box_buckshot_ttt	-733.015259 444.993713 270.100616	-0.474 0.004 0.394
item_box_buckshot_ttt	-730.940613 460.370575 270.166260	1.652 -0.021 -1.347
item_box_buckshot_ttt	326.726532 -935.125244 424.407837	-0.818 -0.005 0.730
item_box_buckshot_ttt	346.759155 -935.186768 424.433868	-0.652 -0.004 0.516
item_box_buckshot_ttt	330.019745 -807.007263 424.445557	-0.528 -0.007 0.469
item_box_buckshot_ttt	346.871216 -807.485657 424.347260	0.712 0.003 -0.568
item_box_buckshot_ttt	329.992218 -788.949829 424.377960	0.293 0.003 -0.150
item_box_buckshot_ttt	347.418304 -788.111816 424.383331	-0.574 -0.004 0.549
item_box_buckshot_ttt	331.023193 -1167.295898 424.432983	-0.665 -0.004 0.519
item_box_buckshot_ttt	347.589203 -1167.342163 424.388031	-1.011 -0.011 0.895
item_box_buckshot_ttt	1221.590820 -1501.599121 424.370056	0.774 0.008 -0.534
item_box_buckshot_ttt	1208.593140 -1502.125610 424.429718	-0.653 -0.007 0.579
item_box_buckshot_ttt	692.034973 -757.761780 270.147522	-0.189 0.008 0.164
item_box_buckshot_ttt	692.797791 -770.333618 270.133514	0.077 0.002 -0.052
weapon_ttt_smokegrenade	-358.077026 -1565.243896 232.184784	2.389 -14.088 -0.314
weapon_ttt_smokegrenade	-356.898621 -1548.164063 232.107971	-0.384 14.642 -0.203
weapon_ttt_smokegrenade	220.052261 -1566.154785 232.153717	-2.207 -29.784 -1.946
weapon_ttt_smokegrenade	218.281906 -1550.948608 232.156754	-2.132 -137.957 -1.859
weapon_ttt_smokegrenade	213.544846 -1233.459106 256.201965	-0.760 -1.455 -0.741
weapon_ttt_smokegrenade	213.206955 -1224.104004 256.185486	-1.208 -1.491 -1.181
weapon_ttt_smokegrenade	1044.502808 255.388809 269.824463	-0.604 -1.862 -0.670
weapon_ttt_smokegrenade	1055.147217 255.155701 269.794556	-0.958 -1.761 -1.068
weapon_ttt_smokegrenade	567.532776 263.379608 460.820526	-0.650 -1.856 -0.723
weapon_ttt_smokegrenade	568.325928 254.692383 460.777191	-1.164 -1.681 -1.298
weapon_ttt_smokegrenade	-1918.556396 563.852478 456.989319	-1.211 -1.500 -1.180
weapon_ttt_smokegrenade	-1918.542480 578.808716 456.965118	-1.867 -1.360 -1.829
weapon_ttt_smokegrenade	-1148.281250 -288.956146 456.164642	-1.394 -1.486 -1.419
weapon_ttt_smokegrenade	-1156.721558 -288.728485 456.171173	-1.255 -1.505 -1.277
weapon_ttt_smokegrenade	-99.807869 333.827301 456.158478	-1.525 -1.456 -1.553
weapon_ttt_smokegrenade	-115.488350 334.435608 456.194122	-0.766 -1.561 -0.778
item_ammo_357_ttt	36.332462 -1563.283081 232.309998	0.446 0.073 0.064
item_ammo_357_ttt	36.295788 -1548.452637 232.348175	0.454 0.062 0.049
item_ammo_357_ttt	22.988897 -1563.291138 232.365295	0.457 0.058 0.042
item_ammo_357_ttt	22.707378 -1548.286621 232.389084	0.462 0.055 0.032
item_ammo_357_ttt	173.491394 -1567.205322 232.360428	0.456 0.058 0.044
item_ammo_357_ttt	173.698090 -1551.953247 232.406525	0.465 0.054 0.025
item_ammo_357_ttt	183.174484 -1566.503662 232.380020	0.460 0.056 0.036
item_ammo_357_ttt	183.295639 -1551.434204 232.312408	0.447 0.073 0.063
item_ammo_357_ttt	-97.295311 -1564.936035 232.338593	0.452 0.065 0.053
item_ammo_357_ttt	-97.219086 -1549.743774 232.340561	0.452 0.065 0.052
item_ammo_357_ttt	-111.534966 -1566.766113 232.374405	0.459 0.057 0.038
item_ammo_357_ttt	-111.414459 -1550.524902 232.334549	0.451 0.065 0.054
item_ammo_357_ttt	232.733826 -1388.238647 256.469879	0.478 0.050 0.000
item_ammo_357_ttt	234.088104 -1376.511475 256.469513	0.477 0.050 0.000
item_ammo_357_ttt	371.035004 61.354546 270.065155	0.456 0.051 0.018
item_ammo_357_ttt	372.132782 79.983215 270.008667	0.431 0.055 0.039
item_ammo_357_ttt	900.024841 168.066162 270.046478	0.447 0.051 0.025
item_ammo_357_ttt	901.366272 153.030396 269.991302	0.423 0.059 0.045
item_ammo_357_ttt	871.732666 167.256104 462.114716	0.479 -0.370 -0.000
item_ammo_357_ttt	871.919678 154.715729 462.114227	0.477 0.050 0.000
item_ammo_357_ttt	645.391418 158.405258 461.054291	0.451 0.051 0.022
item_ammo_357_ttt	645.881653 172.127350 460.987518	0.421 0.059 0.047
item_ammo_357_ttt	-1480.583984 504.750458 457.207520	0.453 0.052 0.025
item_ammo_357_ttt	-1494.247070 504.040314 457.152222	0.432 0.059 0.045
item_ammo_357_ttt	-2124.852051 -243.467117 456.323914	0.449 0.069 0.059
item_ammo_357_ttt	-2114.717529 -243.844177 456.323914	0.449 0.069 0.059
item_ammo_357_ttt	-1797.624023 -243.069138 456.336609	0.451 0.065 0.053
item_ammo_357_ttt	-1808.165405 -243.069443 456.314789	0.447 0.073 0.062
item_ammo_357_ttt	-1834.313843 -1.568454 456.404572	0.465 0.055 0.026
item_ammo_357_ttt	-1824.129028 -1.843823 456.310028	0.446 0.073 0.064
item_ammo_357_ttt	-702.819885 607.856384 456.317139	0.448 0.073 0.061
item_ammo_357_ttt	-702.522644 596.665344 456.374420	0.459 0.057 0.038
item_ammo_357_ttt	-1362.655151 -731.898804 460.422638	0.473 0.056 0.017
item_ammo_357_ttt	-1374.229980 -732.932800 460.395294	0.470 0.057 0.027
item_ammo_357_ttt	-834.433228 -726.197937 266.196655	0.448 0.052 0.029
item_ammo_357_ttt	-822.117310 -726.335754 266.134491	0.425 0.066 0.052
item_ammo_357_ttt	-713.406372 445.133179 270.096130	0.533 -0.367 -0.004
item_ammo_357_ttt	-712.240540 459.247040 270.078217	0.461 0.050 0.014
item_ammo_357_ttt	-666.692627 636.194641 270.068695	0.612 -0.368 -0.010
item_ammo_357_ttt	-682.082703 637.516541 270.041077	0.445 0.051 0.027
item_ammo_357_ttt	-1122.014160 -752.363464 460.368591	0.506 0.055 -0.001
item_ammo_357_ttt	-1110.353149 -751.203003 460.343048	0.483 0.052 0.037
item_ammo_357_ttt	329.845551 -664.588501 261.323883	0.449 0.068 0.058
item_ammo_357_ttt	329.179199 -643.298828 261.309998	0.446 0.073 0.064
item_ammo_357_ttt	-121.451706 -142.432678 455.529968	0.475 0.060 0.003
item_ammo_357_ttt	-121.233849 -128.716965 455.518524	0.472 0.061 0.004
item_ammo_357_ttt	325.895386 -826.634155 424.357056	0.455 0.060 0.045
item_ammo_357_ttt	335.943420 -827.853943 424.338593	0.452 0.065 0.053
item_ammo_357_ttt	346.239716 -826.715393 424.355347	0.455 0.060 0.046
item_ammo_357_ttt	326.311737 -956.051147 424.362091	0.456 0.058 0.043
item_ammo_357_ttt	339.123993 -955.484436 424.351807	0.454 0.060 0.047
item_ammo_357_ttt	350.225983 -954.977905 424.334564	0.451 0.065 0.054
item_ammo_357_ttt	327.969696 -1145.306274 424.321686	0.448 0.068 0.059
item_ammo_357_ttt	346.462158 -1144.591309 424.392670	0.462 0.055 0.031
item_ammo_357_ttt	-1494.326904 -964.585938 270.030273	0.440 0.055 0.031
item_ammo_357_ttt	-1509.544434 -963.601807 269.968903	0.413 0.066 0.054
item_ammo_357_ttt	-1760.546997 -335.250946 270.112366	0.509 -1.324 -0.005
item_ammo_357_ttt	-1761.444702 -321.523743 270.108856	0.475 0.050 0.002
item_ammo_357_ttt	727.558716 -757.091492 270.028992	0.440 0.053 0.032
item_ammo_357_ttt	728.555359 -769.364685 269.983582	0.420 0.062 0.048
item_ammo_revolver_ttt	152.386108 -1566.535400 232.336594	0.451 0.065 0.053
item_ammo_revolver_ttt	151.664810 -1551.747070 232.331421	0.376 0.136 -0.169
item_ammo_revolver_ttt	162.961578 -1567.763916 232.344421	0.453 0.062 0.050
item_ammo_revolver_ttt	162.283249 -1551.818848 232.378647	0.460 0.056 0.037
item_ammo_revolver_ttt	-73.191330 -1565.457153 232.332489	0.450 0.065 0.055
item_ammo_revolver_ttt	-73.565948 -1549.243164 232.372940	0.458 0.057 0.039
item_ammo_revolver_ttt	-84.048866 -1564.996582 232.360428	0.456 0.058 0.044
item_ammo_revolver_ttt	-84.973534 -1548.977051 232.344421	0.453 0.062 0.050
item_ammo_revolver_ttt	-203.879700 -1566.532715 232.330383	0.450 0.068 0.056
item_ammo_revolver_ttt	-204.098389 -1546.184448 232.344421	0.453 0.062 0.050
item_ammo_revolver_ttt	-218.466385 -1565.746826 232.360428	0.456 0.058 0.044
item_ammo_revolver_ttt	-218.163300 -1546.768921 232.336594	0.451 0.065 0.053
item_ammo_revolver_ttt	-777.575806 -1409.583618 269.357086	0.455 0.060 0.045
item_ammo_revolver_ttt	-770.229370 -1410.076660 269.363708	0.457 0.058 0.043
item_ammo_revolver_ttt	-679.274048 -1408.539673 269.338593	0.452 0.065 0.053
item_ammo_revolver_ttt	-671.719910 -1408.066650 269.406525	0.465 0.054 0.025
item_ammo_revolver_ttt	360.243011 61.123268 270.102722	0.472 0.050 0.005
item_ammo_revolver_ttt	359.678070 79.888977 270.090973	0.467 0.050 0.009
item_ammo_revolver_ttt	884.515442 167.833557 270.094666	0.469 0.050 0.008
item_ammo_revolver_ttt	884.934753 153.678406 270.074066	0.460 0.051 0.015
item_ammo_revolver_ttt	-293.887146 381.891693 263.540253	0.469 -0.065 0.000
item_ammo_revolver_ttt	-306.397156 381.329773 263.538269	0.469 -0.061 0.000
item_ammo_revolver_ttt	883.952820 168.725159 462.111053	0.476 0.050 0.002
item_ammo_revolver_ttt	884.318115 155.365936 462.105957	0.474 0.050 0.003
item_ammo_revolver_ttt	634.658325 159.296829 461.098816	0.470 0.053 0.006
item_ammo_revolver_ttt	633.409241 172.741425 461.087006	0.465 0.052 0.010
item_ammo_revolver_ttt	68.324234 288.935974 456.319427	0.448 0.073 0.060
item_ammo_revolver_ttt	78.340439 288.411102 456.351837	0.454 0.060 0.047
item_ammo_revolver_ttt	-2113.229492 512.588989 457.197815	0.449 0.052 0.028
item_ammo_revolver_ttt	-2113.952393 525.870850 457.155853	0.433 0.057 0.044
item_ammo_revolver_ttt	-1282.238647 -286.875793 456.326111	0.449 0.068 0.058
item_ammo_revolver_ttt	-1263.691284 -289.608215 456.389099	0.462 0.055 0.032
item_ammo_revolver_ttt	-1719.971069 -286.049500 456.348328	0.510 -0.044 -0.005
item_ammo_revolver_ttt	-1703.001831 -286.442993 456.358795	0.456 0.060 0.045
item_ammo_revolver_ttt	-2011.641724 -246.315002 456.374420	0.459 0.057 0.038
item_ammo_revolver_ttt	-2000.297729 -246.486343 456.338623	0.452 0.065 0.053
item_ammo_revolver_ttt	-833.474548 -744.485901 266.244232	0.466 0.051 0.011
item_ammo_revolver_ttt	-821.831421 -744.213989 266.229156	0.461 0.054 0.017
item_ammo_revolver_ttt	-687.766541 -341.444641 266.188019	0.445 0.053 0.032
item_ammo_revolver_ttt	-702.864563 -340.495575 266.146576	0.430 0.059 0.048
item_ammo_revolver_ttt	-1077.368896 -158.055481 270.314728	0.446 0.072 0.063
item_ammo_revolver_ttt	-1068.303223 -158.140152 270.328217	0.449 0.067 0.057
item_ammo_revolver_ttt	-885.094788 367.092224 270.049530	0.449 0.051 0.024
item_ammo_revolver_ttt	-884.162720 352.781799 270.002045	0.428 0.057 0.042
item_ammo_revolver_ttt	-1016.774841 530.199890 270.032806	0.441 0.052 0.030
item_ammo_revolver_ttt	-992.205200 530.501831 269.975372	0.416 0.065 0.051
item_ammo_revolver_ttt	327.379944 -1076.279785 424.357056	0.455 0.060 0.045
item_ammo_revolver_ttt	343.595581 -1076.605957 424.342529	0.452 0.062 0.051
item_ammo_revolver_ttt	327.458771 -972.389648 424.358765	0.456 0.060 0.044
item_ammo_revolver_ttt	339.421692 -972.241089 424.305084	0.445 0.080 0.066
item_ammo_revolver_ttt	350.642853 -971.290588 424.334564	0.451 0.065 0.054
item_ammo_revolver_ttt	325.318634 -842.880432 424.317108	0.447 0.073 0.061
item_ammo_revolver_ttt	336.985199 -842.933960 424.346313	0.453 0.062 0.049
item_ammo_revolver_ttt	347.703857 -843.063110 424.344421	0.453 0.062 0.050
item_ammo_revolver_ttt	-1491.231079 -999.971130 270.098541	0.526 -0.367 -0.004
item_ammo_revolver_ttt	-1506.437866 -999.826416 270.071503	0.458 0.051 0.016
item_ammo_revolver_ttt	-1732.641724 -335.431580 270.115173	0.478 0.949 0.000
item_ammo_revolver_ttt	-1733.672852 -320.394012 270.020813	0.436 0.053 0.035
item_ammo_revolver_ttt	-1964.366943 -494.004944 456.310028	0.446 0.073 0.064
item_ammo_revolver_ttt	-1964.089600 -478.370056 456.397247	0.463 0.055 0.029
item_ammo_revolver_ttt	707.507751 -757.779724 270.076477	0.461 0.050 0.014
item_ammo_revolver_ttt	707.065796 -770.372864 270.059570	0.453 0.051 0.020
item_ammo_smg1_ttt	116.599052 -1565.724609 232.386414	0.088 -0.005 0.047
item_ammo_smg1_ttt	116.154594 -1544.496460 232.415756	0.336 -0.005 0.214
item_ammo_smg1_ttt	101.384338 -1566.001343 232.442856	0.106 -0.004 0.093
item_ammo_smg1_ttt	101.127731 -1544.529053 232.422302	0.477 -0.004 0.308
item_ammo_smg1_ttt	8.064077 -1565.949463 232.447693	0.511 -0.109 0.261
item_ammo_smg1_ttt	8.079505 -1545.646240 232.415756	0.335 -0.005 0.213
item_ammo_smg1_ttt	-5.716451 -1565.634033 232.469711	0.303 -2.040 0.166
item_ammo_smg1_ttt	-5.828146 -1545.835571 232.489700	-0.492 -0.108 -0.323
item_ammo_smg1_ttt	-150.615417 -1564.774170 232.394241	0.123 -0.005 0.070
item_ammo_smg1_ttt	-151.124695 -1544.236450 232.516510	0.370 -2.273 0.144
item_ammo_smg1_ttt	-162.882355 -1564.543213 232.478516	0.506 -0.001 0.217
item_ammo_smg1_ttt	-163.232559 -1543.156982 232.503220	-0.503 -0.308 -0.259
item_ammo_smg1_ttt	-287.240875 -1563.880615 232.529861	0.297 2.923 0.091
item_ammo_smg1_ttt	-286.881836 -1543.784546 232.484558	-0.794 0.003 -0.643
item_ammo_smg1_ttt	-299.568665 -1564.293701 232.504272	-0.371 0.188 -0.203
item_ammo_smg1_ttt	-299.033783 -1542.628662 232.446274	0.306 -0.003 0.213
item_ammo_smg1_ttt	-233.304260 -1565.803711 232.510773	-0.326 0.011 -0.275
item_ammo_smg1_ttt	-233.088943 -1544.720947 232.391678	0.109 -0.005 0.061
item_ammo_smg1_ttt	-246.861847 -1565.965698 232.452118	0.565 -0.262 0.135
item_ammo_smg1_ttt	-247.106537 -1546.279297 232.431030	0.148 -0.004 0.117
item_ammo_smg1_ttt	711.212585 -567.651245 270.198975	-0.044 0.013 -0.036
item_ammo_smg1_ttt	727.216003 -568.504272 270.159821	0.281 -0.018 -0.239
item_ammo_smg1_ttt	566.348572 254.636078 270.205048	0.030 -0.028 -0.023
item_ammo_smg1_ttt	580.566345 255.571625 270.199707	-0.020 -0.007 0.003
item_ammo_smg1_ttt	374.474304 -12.012105 270.207550	0.000 -0.826 -0.004
item_ammo_smg1_ttt	386.766571 -11.172681 270.113556	-0.138 -0.152 -0.094
item_ammo_smg1_ttt	515.894836 69.652153 270.198730	-0.072 0.011 -0.026
item_ammo_smg1_ttt	501.936310 69.995270 270.195740	0.095 -0.010 -0.051
item_ammo_smg1_ttt	1061.152710 67.220642 270.177948	-0.242 0.010 -0.095
item_ammo_smg1_ttt	1048.076172 66.338348 270.140411	-0.802 0.004 -0.587
item_ammo_smg1_ttt	724.550537 68.678185 270.205200	0.036 -0.011 -0.027
item_ammo_smg1_ttt	738.550537 67.797165 270.204895	0.025 -0.010 -0.014
item_ammo_smg1_ttt	1000.755920 255.434448 270.180298	-0.135 0.011 -0.111
item_ammo_smg1_ttt	1015.478516 253.819778 270.196930	0.068 -0.026 -0.057
item_ammo_smg1_ttt	728.010742 243.584488 462.189301	0.090 -0.015 -0.075
item_ammo_smg1_ttt	745.039246 242.587906 462.137665	0.825 -0.007 -0.608
item_ammo_smg1_ttt	1027.947144 71.758011 462.140869	0.789 -0.007 -0.581
item_ammo_smg1_ttt	1026.938843 -16.195837 462.208191	0.000 -0.754 0.000
item_ammo_smg1_ttt	1045.193237 -16.823803 462.140625	0.643 -0.004 -0.462
item_ammo_smg1_ttt	1064.210327 -16.391857 462.120361	-0.754 -0.001 -0.607
item_ammo_smg1_ttt	674.722229 258.610596 461.206696	-0.019 0.009 -0.014
item_ammo_smg1_ttt	659.436707 259.270386 461.205170	-0.015 0.011 -0.012
item_ammo_smg1_ttt	517.782532 -12.247536 461.175415	0.192 -0.014 0.127
item_ammo_smg1_ttt	503.278320 -13.454796 461.180603	0.189 -0.006 -0.117
item_ammo_smg1_ttt	488.219025 -14.021703 461.071136	-0.719 0.004 0.469
item_ammo_smg1_ttt	-50.603024 457.208496 456.404175	0.191 -0.005 0.116
item_ammo_smg1_ttt	-67.298203 456.349121 456.498840	-0.852 0.013 -0.635
item_ammo_smg1_ttt	-2037.095093 -0.640777 456.475891	0.559 -0.072 0.255
item_ammo_smg1_ttt	-2022.101074 -0.236472 456.476715	0.554 -0.014 0.243
item_ammo_smg1_ttt	-2005.276367 0.214246 456.432617	0.833 -0.001 0.546
item_ammo_smg1_ttt	-1988.867920 -0.147322 456.507050	-0.481 0.011 -0.377
item_ammo_smg1_ttt	-1365.195557 -243.301605 456.515686	-0.273 0.014 -0.233
item_ammo_smg1_ttt	-1382.901855 -243.900131 456.432617	0.840 -0.001 0.551
item_ammo_smg1_ttt	-1219.924805 -1014.874451 460.434570	0.941 -0.000 0.619
item_ammo_smg1_ttt	-1235.023438 -1013.832031 460.517456	-0.237 0.014 -0.202
item_ammo_smg1_ttt	-1253.401489 -1014.175049 460.389069	0.098 -0.005 0.053
item_ammo_smg1_ttt	-1270.966187 -1014.684692 460.480469	-0.087 -0.002 -0.172
item_ammo_smg1_ttt	-1395.485229 -479.392334 456.522308	0.283 0.036 -0.027
item_ammo_smg1_ttt	-1378.230103 -478.222931 456.498322	0.834 -0.011 -0.619
item_ammo_smg1_ttt	-1377.957886 -524.196716 456.406586	0.214 -0.005 0.132
item_ammo_smg1_ttt	-1396.312988 -521.910950 456.474365	0.569 -0.014 0.261
item_ammo_smg1_ttt	-1781.241455 506.352692 457.357758	0.060 0.025 0.050
item_ammo_smg1_ttt	-1795.920166 507.036377 457.331879	0.194 0.018 0.124
item_ammo_smg1_ttt	-1781.267334 529.436157 457.317078	0.242 0.013 0.200
item_ammo_smg1_ttt	-1795.257324 529.320984 457.217041	-0.354 -0.006 -0.225
item_ammo_smg1_ttt	-705.014526 -302.458466 456.408936	0.240 -0.005 0.149
item_ammo_smg1_ttt	-722.888184 -302.369080 456.502625	-0.801 0.013 -0.600
item_ammo_smg1_ttt	-706.793579 -327.862671 456.417999	0.376 -0.005 0.241
item_ammo_smg1_ttt	-721.316711 -327.482635 456.401764	0.171 -0.005 0.103
item_ammo_smg1_ttt	-838.280457 -788.562805 232.437057	1.103 0.002 0.727
item_ammo_smg1_ttt	-823.798584 -788.395508 232.498642	-0.325 -1.579 -0.206
item_ammo_smg1_ttt	-837.382507 -808.956543 232.476257	0.506 -0.001 0.224
item_ammo_smg1_ttt	-823.643066 -808.971741 232.432587	0.838 -0.001 0.550
item_ammo_smg1_ttt	-1025.592773 546.557678 270.207306	0.010 0.013 0.008
item_ammo_smg1_ttt	-1011.740112 546.294983 270.204315	0.018 -0.012 -0.015
item_ammo_smg1_ttt	-994.906189 546.395752 270.195129	-0.114 0.004 -0.085
item_ammo_smg1_ttt	-979.933594 548.216980 270.184204	0.232 0.010 0.173
item_ammo_smg1_ttt	-561.151245 540.800171 270.175110	0.301 -0.001 0.178
item_ammo_smg1_ttt	-573.740967 541.397095 270.141235	-0.702 -0.097 0.474
item_ammo_smg1_ttt	-1044.013062 -57.843597 266.366364	0.004 -0.017 -0.003
item_ammo_smg1_ttt	-1030.395142 -57.204334 266.363892	0.025 -0.013 -0.020
item_ammo_smg1_ttt	-1017.250244 -57.150097 266.359924	-0.044 1.469 0.020
item_ammo_smg1_ttt	-1001.414856 -57.961658 266.197876	-0.132 0.007 0.076
item_ammo_smg1_ttt	-725.986084 634.698853 270.118469	0.741 -0.029 0.491
item_ammo_smg1_ttt	-713.849915 633.740173 270.161896	0.088 -0.146 -0.243
item_ammo_smg1_ttt	-1488.619995 -56.304249 270.048553	0.255 -0.008 0.157
item_ammo_smg1_ttt	-1473.456543 -56.313797 270.048096	-0.046 0.001 0.021
item_ammo_smg1_ttt	-1791.414185 -744.292969 270.189911	-0.088 0.011 -0.073
item_ammo_smg1_ttt	-1779.234375 -744.541443 270.176727	0.446 0.010 0.334
item_ammo_smg1_ttt	326.299316 -1023.336731 424.563324	0.820 -0.024 0.547
item_ammo_smg1_ttt	345.736115 -1023.007690 424.385468	0.070 -0.005 0.042
item_ammo_smg1_ttt	326.978210 -993.018494 424.460449	0.135 3.247 -0.057
item_ammo_smg1_ttt	345.306305 -994.023560 424.547760	0.163 2.399 -0.003
item_ammo_smg1_ttt	329.015869 -884.479309 424.519440	-0.244 0.015 -0.211
item_ammo_smg1_ttt	346.441589 -884.883972 424.563293	-0.683 0.066 -0.455
item_ammo_smg1_ttt	327.231476 -863.700317 424.399292	0.153 -0.005 0.091
item_ammo_smg1_ttt	346.358154 -862.491394 424.420166	0.423 -0.004 0.272
item_ammo_smg1_ttt	329.858734 -732.109375 424.394257	0.123 -0.005 0.070
item_ammo_smg1_ttt	351.085968 -732.395203 424.391663	0.109 -0.005 0.061
item_ammo_smg1_ttt	329.916840 -706.757751 424.417969	0.376 -0.005 0.241
item_ammo_smg1_ttt	352.131256 -706.908386 424.406555	0.212 -0.005 0.131
item_ammo_smg1_ttt	327.697479 -1124.346924 424.504425	-0.661 0.012 -0.504
item_ammo_smg1_ttt	326.146973 -1100.890625 424.432587	0.839 -0.001 0.551
item_ammo_smg1_ttt	347.340302 -1100.096802 424.399292	0.153 -0.005 0.091
item_ammo_smg1_ttt	348.174438 -1123.968262 424.475067	0.564 -0.014 0.255
item_ammo_smg1_ttt	938.219788 -729.530029 424.411224	0.269 -0.005 0.169
item_ammo_smg1_ttt	955.156128 -729.679504 424.477142	0.551 -0.083 0.246
item_ammo_smg1_ttt	-1579.164063 -240.732437 270.196320	-0.069 0.026 -0.059
item_ammo_smg1_ttt	-1596.083984 -239.774155 270.160583	-0.282 0.010 0.135
item_ammo_smg1_ttt	-1613.801392 -238.874100 270.116638	-0.215 0.001 0.037
item_ammo_smg1_ttt	-1427.285889 -332.644836 270.201569	-0.040 0.026 -0.034
item_ammo_smg1_ttt	-1445.095459 -331.514771 270.186615	0.103 -0.014 -0.086
item_ammo_smg1_ttt	-1463.059082 -330.798065 270.161713	0.222 -0.012 -0.185
item_ammo_smg1_ttt	-1684.592529 -868.191956 270.190735	-0.084 0.012 -0.069
item_ammo_smg1_ttt	-1669.776245 -866.658264 270.177338	0.165 -0.014 -0.134
item_ammo_smg1_ttt	-1687.237549 -842.131042 270.137970	-0.593 0.005 -0.444
item_ammo_smg1_ttt	-1668.871216 -842.332397 270.113190	0.540 -0.058 0.245
item_ammo_smg1_ttt	-2097.040283 -493.072083 456.516785	0.245 -0.014 -0.214
item_ammo_smg1_ttt	-2120.034180 -495.365601 456.424438	-0.535 0.004 0.347
item_ammo_smg1_ttt	549.757690 -674.350891 270.197998	0.049 -0.014 -0.041
item_ammo_smg1_ttt	563.648621 -673.785156 270.182831	0.104 0.233 -0.103
item_ammo_smg1_ttt	575.800354 -674.471436 270.143890	0.023 0.154 -0.023
item_ammo_smg1_ttt	590.123718 -674.896606 270.057922	0.403 -0.007 0.256
item_ammo_pistol_ttt	-178.556030 -1566.602417 232.430801	-0.597 0.316 -0.617
item_ammo_pistol_ttt	-178.716232 -1545.846191 232.378250	-0.105 -0.020 -0.032
item_ammo_pistol_ttt	-189.383652 -1566.671387 232.435028	-0.437 0.118 -0.545
item_ammo_pistol_ttt	-190.449036 -1545.041016 232.358612	-0.122 -0.019 -0.037
item_ammo_pistol_ttt	-50.854549 -1566.650024 232.437363	-0.297 0.150 -0.304
item_ammo_pistol_ttt	-50.802967 -1546.480957 232.378250	-0.105 -0.020 -0.032
item_ammo_pistol_ttt	-59.190544 -1565.761108 232.378250	-0.105 -0.020 -0.032
item_ammo_pistol_ttt	-59.629517 -1545.447998 232.378250	-0.105 -0.020 -0.032
item_ammo_pistol_ttt	56.233692 -1565.588623 232.370743	-0.112 -0.019 -0.034
item_ammo_pistol_ttt	56.143707 -1547.054810 232.459427	-0.562 0.263 -0.438
item_ammo_pistol_ttt	48.513054 -1564.877197 232.356476	-0.124 -0.019 -0.038
item_ammo_pistol_ttt	47.774914 -1546.296021 232.436996	-0.733 0.340 -0.600
item_ammo_pistol_ttt	131.712601 -1566.270996 232.354309	-0.126 -0.019 -0.038
item_ammo_pistol_ttt	131.315781 -1546.843994 232.383591	-0.101 -0.020 -0.030
item_ammo_pistol_ttt	140.336426 -1566.623535 232.441711	-0.562 0.350 -0.548
item_ammo_pistol_ttt	140.221146 -1545.476196 232.368805	-0.114 -0.019 -0.034
item_ammo_pistol_ttt	-260.328644 -1566.363037 232.330750	-0.147 -0.018 -0.044
item_ammo_pistol_ttt	-260.793549 -1545.578247 232.333267	-0.145 -0.018 -0.044
item_ammo_pistol_ttt	-273.011688 -1566.583008 232.419144	-0.065 -0.017 -0.011
item_ammo_pistol_ttt	-272.289368 -1545.958496 232.358612	-0.122 -0.019 -0.037
item_ammo_pistol_ttt	243.424164 -1227.270386 256.484192	-0.013 -0.020 -0.003
item_ammo_pistol_ttt	232.263000 -1227.063843 256.464386	-0.030 -0.020 -0.007
item_ammo_pistol_ttt	340.012421 74.398216 270.139984	-0.019 -0.021 -0.006
item_ammo_pistol_ttt	348.609833 73.832573 270.135803	0.007 0.021 -0.001
item_ammo_pistol_ttt	751.345459 70.336845 270.124298	0.016 0.021 -0.003
item_ammo_pistol_ttt	761.187622 69.968895 270.107208	0.031 0.021 -0.006
item_ammo_pistol_ttt	768.562500 68.989014 270.074951	0.058 0.021 -0.012
item_ammo_pistol_ttt	775.496826 68.827927 269.999603	0.122 0.020 -0.025
item_ammo_pistol_ttt	1064.982178 70.972267 462.140533	0.022 0.015 -0.003
item_ammo_pistol_ttt	1057.545166 70.666176 462.137115	0.006 0.021 -0.001
item_ammo_pistol_ttt	1050.552612 71.000786 462.119751	0.020 0.021 -0.004
item_ammo_pistol_ttt	1043.283936 71.057083 462.094360	0.042 0.021 -0.009
item_ammo_pistol_ttt	358.216125 77.671944 461.125977	0.015 0.021 -0.003
item_ammo_pistol_ttt	366.000244 77.843742 461.106842	-0.312 0.198 0.125
item_ammo_pistol_ttt	372.148773 78.210083 461.088684	0.075 0.237 -0.028
item_ammo_pistol_ttt	379.223114 78.780548 461.027069	0.099 0.021 -0.020
item_ammo_pistol_ttt	60.262894 505.451019 456.368835	-0.114 -0.019 -0.034
item_ammo_pistol_ttt	52.707436 505.642365 456.378265	-0.105 -0.020 -0.032
item_ammo_pistol_ttt	-161.563538 300.570801 456.374573	-0.108 -0.019 -0.033
item_ammo_pistol_ttt	-173.428360 300.902435 456.380096	-0.104 -0.020 -0.031
item_ammo_pistol_ttt	-1697.449097 -531.459961 456.330780	-0.147 -0.018 -0.044
item_ammo_pistol_ttt	-1684.855225 -531.779419 456.360718	-0.121 -0.019 -0.037
item_ammo_pistol_ttt	-1674.279053 -531.562134 456.428802	-0.061 -0.020 -0.018
item_ammo_pistol_ttt	-1666.153564 -532.069885 456.325623	-0.151 -0.018 -0.046
item_ammo_pistol_ttt	-800.243774 429.510437 456.345337	-0.134 -0.019 -0.041
item_ammo_pistol_ttt	-783.586365 429.907257 456.372681	-0.110 -0.020 -0.033
item_ammo_pistol_ttt	-782.927124 404.279816 456.358612	-0.122 -0.019 -0.037
item_ammo_pistol_ttt	-799.754761 405.518616 456.372681	-0.110 -0.020 -0.033
item_ammo_pistol_ttt	-1616.141846 509.988403 457.301575	0.005 0.021 -0.002
item_ammo_pistol_ttt	-1607.988647 510.797394 457.299194	0.001 0.035 0.000
item_ammo_pistol_ttt	-1599.529663 511.268127 457.294373	0.001 0.035 0.000
item_ammo_pistol_ttt	-1592.687256 512.160583 457.290070	0.002 0.035 0.000
item_ammo_pistol_ttt	-2196.747070 516.653687 457.296936	0.030 0.021 -0.010
item_ammo_pistol_ttt	-2187.116211 517.203186 457.289093	0.002 0.035 0.000
item_ammo_pistol_ttt	-2178.996338 516.685364 457.279694	0.004 0.035 0.001
item_ammo_pistol_ttt	-2169.673340 516.989319 457.249268	0.008 0.035 0.001
item_ammo_pistol_ttt	-2218.992188 294.978851 456.401245	-0.085 -0.020 -0.026
item_ammo_pistol_ttt	-2208.147461 295.358490 456.381866	-0.102 -0.020 -0.031
item_ammo_pistol_ttt	-2197.708984 295.576050 456.364838	-0.117 -0.019 -0.035
item_ammo_pistol_ttt	-2186.919434 295.297455 456.383606	-0.101 -0.020 -0.030
item_ammo_pistol_ttt	-707.259399 -276.716736 456.366852	-0.115 -0.019 -0.035
item_ammo_pistol_ttt	-714.340454 -276.932281 456.356506	-0.124 -0.019 -0.038
item_ammo_pistol_ttt	-720.347168 -277.895325 456.385803	-0.090 -0.016 -0.010
item_ammo_pistol_ttt	-726.430786 -278.261383 456.436890	-0.602 0.353 -0.595
item_ammo_pistol_ttt	-840.942749 -651.553772 232.345306	-0.134 -0.019 -0.041
item_ammo_pistol_ttt	-832.367554 -650.798462 232.354309	-0.126 -0.019 -0.038
item_ammo_pistol_ttt	-825.510132 -651.584106 232.335754	-0.143 -0.019 -0.043
item_ammo_pistol_ttt	-817.380432 -650.444031 232.366821	-0.115 -0.019 -0.035
item_ammo_pistol_ttt	-827.283997 -172.848648 266.237823	0.056 0.020 -0.014
item_ammo_pistol_ttt	-818.498047 -174.475296 266.197571	-0.092 -0.020 -0.023
item_ammo_pistol_ttt	-1594.019531 -707.257446 270.075806	0.008 0.034 0.003
item_ammo_pistol_ttt	-1582.791748 -707.284790 270.023193	-0.017 -0.034 0.004
item_ammo_pistol_ttt	-1796.910034 -838.900330 270.134796	-0.001 -0.034 0.000
item_ammo_pistol_ttt	-1788.665283 -839.529053 270.128632	0.002 0.034 0.001
item_ammo_pistol_ttt	323.551666 -764.655151 424.368805	-0.114 -0.019 -0.034
item_ammo_pistol_ttt	333.755066 -764.723572 424.420990	-0.068 -0.020 -0.021
item_ammo_pistol_ttt	342.808746 -764.784790 424.404114	-0.083 -0.020 -0.025
item_ammo_pistol_ttt	348.917969 -765.206726 424.354309	-0.126 -0.019 -0.038
item_ammo_pistol_ttt	319.288086 -1054.346436 424.456848	-0.369 -0.063 -0.392
item_ammo_pistol_ttt	328.271454 -1054.578613 424.349884	-0.130 -0.019 -0.039
item_ammo_pistol_ttt	338.880829 -1053.364990 424.328186	-0.149 -0.018 -0.045
item_ammo_pistol_ttt	351.554749 -1053.368042 424.352112	-0.128 -0.019 -0.039
item_ammo_pistol_ttt	321.335083 -911.911560 424.328186	-0.149 -0.018 -0.045
item_ammo_pistol_ttt	333.947968 -911.058228 424.349884	-0.130 -0.019 -0.039
item_ammo_pistol_ttt	345.405121 -912.003113 424.338196	-0.140 -0.019 -0.042
item_ammo_pistol_ttt	353.909821 -912.263062 424.349884	-0.130 -0.019 -0.039
item_ammo_pistol_ttt	-1761.382813 -144.500870 270.143433	0.128 0.065 -0.040
item_ammo_pistol_ttt	-1751.535522 -145.727875 270.121826	0.018 0.021 -0.004
item_ammo_pistol_ttt	-1741.864746 -145.131760 270.078979	0.055 0.021 -0.011
item_ammo_pistol_ttt	-1732.929443 -144.445999 270.012054	-0.112 -0.020 -0.025
item_ammo_pistol_ttt	-1798.054077 -814.113342 270.121124	0.003 0.034 0.001
item_ammo_pistol_ttt	-1790.042969 -814.816406 270.108734	0.004 0.034 0.002
item_ammo_pistol_ttt	-1781.181030 -815.213135 270.090363	-0.007 -0.034 0.002
item_ammo_pistol_ttt	-1778.741943 -837.792297 270.036896	-0.015 -0.034 0.004
item_ammo_pistol_ttt	885.329285 -760.533142 270.130554	0.092 0.015 -0.015
item_ammo_pistol_ttt	874.703857 -759.348450 270.110870	0.028 0.021 -0.006
item_ammo_pistol_ttt	863.854431 -759.030762 270.084564	0.050 0.021 -0.010
item_ammo_pistol_ttt	853.385925 -759.167236 270.016022	0.108 0.021 -0.022
weapon_ttt_g3sg1	-1114.703613 -736.649536 461.290314	-0.636 0.036 -87.583
weapon_ttt_g3sg1	-84.121483 -131.964218 456.260498	-0.516 -1.314 88.088
ttt_random_weapon	-323.276611 -1519.694336 233.198669	1.890 4.927 -92.563
ttt_random_weapon	-281.183319 -1516.298340 233.225922	1.583 4.918 -93.267
ttt_random_weapon	-239.862274 -1519.316162 233.196365	1.916 4.929 -92.503
ttt_random_weapon	-186.554764 -1516.382446 233.215256	1.703 4.926 -92.991
ttt_random_weapon	-131.879242 -1520.030029 233.202271	1.850 4.928 -92.656
ttt_random_weapon	-80.376434 -1520.023804 233.192291	1.962 4.927 -92.398
ttt_random_weapon	-25.077311 -1521.405518 233.200867	1.865 4.929 -92.619
ttt_random_weapon	35.536663 -1518.713745 233.217651	1.676 4.924 -93.053
ttt_random_weapon	92.177910 -1517.459595 233.208710	1.777 4.928 -92.822
ttt_random_weapon	160.298706 -1515.678467 233.199402	1.882 4.926 -92.582
ttt_random_weapon	-430.758575 -1444.043945 257.219543	1.655 3.467 -93.102
ttt_random_weapon	707.009827 -846.985718 270.861847	1.684 2.870 -93.034
ttt_random_weapon	574.272278 -763.109924 270.826538	2.082 2.892 -92.123
ttt_random_weapon	863.404663 -674.749878 270.824493	2.105 2.894 -92.071
ttt_random_weapon	863.380798 -846.136475 270.854492	1.767 2.875 -92.844
ttt_random_weapon	499.322296 -9.599513 270.826538	2.082 2.892 -92.123
ttt_random_weapon	501.574341 163.070602 270.841644	1.912 2.884 -92.513
ttt_random_weapon	651.243896 76.654190 270.825500	2.093 2.893 -92.097
ttt_random_weapon	655.049866 -12.436978 270.833221	2.006 2.889 -92.296
ttt_random_weapon	361.985016 166.669464 270.856750	1.742 2.874 -92.903
ttt_random_weapon	886.883423 73.005608 270.837585	1.957 2.886 -92.408
ttt_random_weapon	746.466003 161.637344 270.825500	2.093 2.893 -92.097
ttt_random_weapon	1033.020508 161.584076 270.847504	1.846 2.880 -92.664
ttt_random_weapon	1044.189453 -16.627815 270.858887	1.718 2.872 -92.958
ttt_random_weapon	893.884827 -20.519051 270.867004	1.626 2.866 -93.168
ttt_random_weapon	1041.291382 164.066498 462.856201	1.748 2.874 -92.889
ttt_random_weapon	891.079651 73.538048 462.856201	1.748 2.874 -92.889
ttt_random_weapon	898.341003 -12.373523 462.844666	1.878 2.882 -92.591
ttt_random_weapon	754.419556 75.708603 462.859406	1.712 2.872 -92.971
ttt_random_weapon	747.942566 166.902573 462.826538	2.082 2.892 -92.123
ttt_random_weapon	655.040527 -7.393034 461.855652	1.754 2.874 -92.874
ttt_random_weapon	659.306030 74.411049 461.873779	1.549 2.860 -93.344
ttt_random_weapon	497.735718 78.171494 461.824463	2.105 2.894 -92.071
ttt_random_weapon	361.158203 -11.518215 461.874634	1.540 2.860 -93.366
ttt_random_weapon	357.818085 164.993423 461.853912	1.774 2.876 -92.829
ttt_random_weapon	499.369965 167.498947 461.858887	1.718 2.872 -92.958
ttt_random_weapon	-1117.632568 -236.865616 457.238861	1.436 4.905 -93.602
ttt_random_weapon	-1213.095947 -474.636047 457.199341	1.883 4.637 -92.580
ttt_random_weapon	-1177.651123 -522.994751 457.223480	1.611 4.920 -93.203
ttt_random_weapon	-1798.056030 -487.466187 457.206909	1.798 4.929 -92.775
ttt_random_weapon	-1970.406250 -532.493225 457.243530	1.383 4.899 -93.723
ttt_random_weapon	-2100.525391 -293.303772 457.199432	1.882 4.926 -92.582
ttt_random_weapon	-2183.273438 4.785670 457.197937	1.899 4.927 -92.543
ttt_random_weapon	-2184.233154 132.469772 457.213226	1.726 4.926 -92.938
ttt_random_weapon	-2007.376343 301.685638 457.195587	1.925 4.924 -92.483
ttt_random_weapon	-1834.453613 137.435806 457.202301	1.850 4.928 -92.656
ttt_random_weapon	-1702.216309 -240.800064 457.231964	1.514 4.912 -93.423
ttt_random_weapon	-1118.137817 -944.067932 461.198029	1.866 5.710 -92.745
ttt_random_weapon	-1116.751465 -857.665527 461.212738	1.709 5.717 -93.066
ttt_random_weapon	-1461.930420 -831.711060 461.190735	1.943 5.711 -92.585
ttt_random_weapon	-1464.759155 -914.613647 461.215332	1.681 5.718 -93.123
ttt_random_weapon	-1389.234741 -1015.190369 461.216309	1.671 5.718 -93.144
ttt_random_weapon	-1370.979004 -292.527344 457.239410	1.430 4.904 -93.616
ttt_random_weapon	-799.742615 -307.197357 457.192902	1.955 4.720 -92.413
ttt_random_weapon	-792.876099 571.197693 457.197693	1.901 4.718 -92.537
ttt_random_weapon	-702.780884 407.512665 457.195587	1.925 4.924 -92.483
ttt_random_weapon	-1907.422852 -284.594177 457.206268	1.805 4.927 -92.758
ttt_random_weapon	-696.354065 -638.234375 267.028992	1.591 3.543 -93.247
ttt_random_weapon	-695.921875 -671.728760 267.051178	1.340 3.434 -93.823
ttt_random_weapon	-695.685608 -705.863037 267.050476	1.348 3.445 -93.804
ttt_random_weapon	-701.841736 -858.224365 267.050781	1.294 2.049 -94.119
ttt_random_weapon	-696.314758 -826.843811 267.044098	1.420 3.496 -93.639
ttt_random_weapon	-1596.033447 -328.907837 270.867401	1.621 2.866 -93.178
ttt_random_weapon	-1736.040283 -236.963913 270.866608	1.630 2.866 -93.158
ttt_random_weapon	-1600.885254 -147.490005 270.868896	1.604 2.864 -93.217
ttt_random_weapon	-1442.109009 -236.019257 270.861847	1.684 2.870 -93.034
ttt_random_weapon	-1452.092651 -149.198715 270.841644	1.912 2.884 -92.513
ttt_random_weapon	-1500.800171 -713.063965 270.857300	1.736 2.873 -92.917
ttt_random_weapon	-1589.184082 -848.778625 270.855072	1.761 2.875 -92.859
ttt_random_weapon	-1676.864624 -985.690063 270.865814	1.639 2.867 -93.137
ttt_random_weapon	-1587.444458 -977.921143 270.852081	1.794 2.877 -92.782
ttt_random_weapon	-1677.869751 -717.007751 270.857300	1.736 2.873 -92.917
ttt_random_weapon	-1587.898926 -554.653381 270.882965	1.445 2.852 -93.581
ttt_random_weapon	-1501.452759 -546.710571 270.823425	2.116 2.895 -92.044
ttt_random_weapon	-1835.169312 -1245.272949 278.222015	1.627 5.260 -93.166
ttt_random_weapon	-1832.130005 -1213.677002 278.198090	1.897 -3.913 -92.548
ttt_random_weapon	-1835.159058 -1173.972534 278.167480	2.241 5.253 -91.758
ttt_random_weapon	-1835.126587 -1142.554932 278.227142	1.569 6.775 -93.299
ttt_random_weapon	-1835.148560 -1102.809082 278.211975	1.740 7.956 -92.906
ttt_random_weapon	-1622.652100 -1284.875122 278.202271	1.850 4.928 -92.656
ttt_random_weapon	-1669.576660 -1285.522949 278.213745	1.720 4.926 -92.952
ttt_random_weapon	-1728.600098 -1279.898926 278.229034	1.547 4.915 -93.348
ttt_random_weapon	-1779.286499 -1277.726929 278.188812	2.001 4.922 -92.308
ttt_random_weapon	-1604.575073 -1292.358521 253.199066	1.886 4.504 -92.573
ttt_random_weapon	-1658.994019 -1292.362183 253.202164	1.851 5.400 -92.653
ttt_random_weapon	-1717.719116 -1292.370850 253.200150	1.873 4.668 -92.601
ttt_random_weapon	-1755.334717 -1292.302734 253.179520	1.859 4.611 -92.363
ttt_random_weapon	-1815.478027 -1292.394165 253.174713	2.159 4.627 -91.946
ttt_random_weapon	-1835.141113 -1251.016602 253.218842	1.568 5.690 -93.192
ttt_random_weapon	-1835.091797 -1199.043823 253.220337	1.646 7.443 -93.123
ttt_random_weapon	-1835.164429 -1161.126953 253.206497	1.602 6.557 -92.994
ttt_random_weapon	-1835.166992 -1115.551880 253.213974	1.572 6.556 -93.125
ttt_random_weapon	-1835.127441 -1085.544678 253.208145	1.783 6.894 -92.807
ttt_random_weapon	-1500.052490 -847.229492 270.838440	1.948 2.886 -92.430
ttt_random_weapon	-1005.368713 366.997559 270.828522	2.059 2.892 -92.175
ttt_random_weapon	-993.773743 450.616821 270.864105	1.659 2.868 -93.093
ttt_random_weapon	-862.895325 458.691528 270.861847	1.684 2.870 -93.034
ttt_random_weapon	-732.728699 541.103882 270.850830	1.808 2.878 -92.750
ttt_random_weapon	-576.542969 450.729156 270.849548	1.823 2.879 -92.716
ttt_random_weapon	-574.823181 367.245789 270.823425	2.116 2.895 -92.044
ttt_random_weapon	-734.738831 364.439178 270.840851	1.921 2.885 -92.493
ttt_random_weapon	-796.282104 -53.496811 267.040466	1.461 3.500 -93.544
ttt_random_weapon	-936.643433 111.190544 267.039032	1.425 3.421 -93.567
ttt_random_weapon	-896.886963 109.212379 267.044983	1.410 3.478 -93.662
ttt_random_weapon	-756.649902 117.637360 267.044128	1.420 3.396 -93.639
ttt_random_weapon	-707.711731 110.569427 267.032318	1.554 3.534 -93.333
ttt_random_weapon	387.349030 -1115.309814 425.195587	1.925 4.924 -92.483
ttt_random_weapon	384.887939 -1052.304932 425.220703	1.642 4.922 -93.132
ttt_random_weapon	384.623932 -990.958557 425.208130	1.784 4.928 -92.806
ttt_random_weapon	385.329865 -939.005615 425.191437	1.971 4.920 -92.376
ttt_random_weapon	383.866119 -881.110474 425.193146	1.952 4.926 -92.420
ttt_random_weapon	386.861786 -813.664001 425.218994	1.661 4.923 -93.088
ttt_random_weapon	385.148346 -758.657471 425.195587	1.925 4.924 -92.483
ttt_random_weapon	385.564972 -1157.385254 425.217651	1.676 4.924 -93.053
ttt_random_weapon	-1118.471558 -806.553406 461.161682	2.251 5.678 -91.951
ttt_random_weapon	-1116.307739 -900.850708 461.204407	1.798 5.714 -92.884
ttt_random_weapon	-1123.795654 -991.229614 461.205475	1.585 2.175 -93.267
ttt_random_weapon	-1321.898315 -1010.142700 461.160339	2.265 5.679 -91.922
weapon_zm_sledge	-158.770157 -134.668121 452.885132	19.024 0.647 3.009
weapon_zm_sledge	-1897.665405 -237.663971 453.784912	18.785 -1.510 2.373
weapon_ttt_smg	274.713165 -1225.184692 261.715607	5.001 0.216 0.050
weapon_ttt_smg	85.480347 502.245972 456.313019	1.482 7.412 89.655
weapon_ttt_m16	-160.781540 330.759827 456.858887	2.186 -5.785 83.953
weapon_ttt_m16	-1579.772095 -724.197083 270.501038	2.085 -5.810 83.798
weapon_ttt_tmp	602.060669 253.146042 270.895752	0.150 -22.702 -88.677
weapon_ttt_tmp	962.296875 253.438141 270.995697	0.117 -23.476 -89.572
weapon_ttt_tmp	-31.183374 456.606506 457.254700	0.149 -22.521 -88.711
weapon_ttt_mp5	673.413757 -575.403015 270.650085	0.409 -25.383 -86.928
weapon_ttt_galil	-1780.403442 -769.982300 270.894714	0.535 -7.458 -88.303
weapon_zm_molotov	-348.728851 -1565.281372 232.190475	-1.718 -42.791 -0.636
weapon_zm_molotov	-348.040283 -1548.008423 232.212677	-0.320 9.939 -0.552
weapon_zm_molotov	-848.063049 -1407.328979 269.146881	-1.772 -1.379 -1.805
weapon_zm_molotov	-846.350891 -1416.331055 269.148132	-1.746 -1.381 -1.778
weapon_zm_molotov	843.222351 249.335571 461.873230	-0.026 -1.884 -0.024
weapon_zm_molotov	841.575928 239.378555 461.871918	-0.041 -1.870 -0.041
weapon_zm_molotov	-167.500778 506.213104 456.185089	-0.958 -1.548 -0.974
weapon_zm_molotov	-177.826157 505.753326 456.137665	-1.973 -1.212 -2.004
weapon_zm_molotov	-2004.429443 -290.002441 456.169373	-1.293 -1.505 -1.316
weapon_zm_molotov	-1994.172119 -289.429626 456.159546	-1.503 -1.457 -1.530
weapon_zm_molotov	-1861.918213 299.585083 456.146912	-1.773 -1.379 -1.806
weapon_zm_molotov	-1861.640625 290.831970 456.185730	-0.944 -1.548 -0.960
weapon_zm_molotov	-1843.626343 -1289.154053 277.181549	-1.033 -1.541 -1.050
weapon_zm_molotov	-1828.384155 -1288.802979 277.148102	-1.746 -1.381 -1.778
weapon_zm_molotov	-1844.030518 -1274.297852 277.144348	-1.827 -1.288 -1.861
weapon_zm_molotov	-1828.722412 -1274.324463 277.154022	-1.620 -1.419 -1.649
weapon_zm_molotov	759.650574 -662.614197 464.164612	-1.394 -1.486 -1.419
weapon_zm_molotov	747.598755 -663.838623 464.143036	-1.854 -1.283 -1.889
weapon_zm_molotov	113.799393 -566.386292 112.137657	-1.973 -1.212 -2.005
weapon_zm_molotov	124.750916 -566.359924 112.155174	-1.596 -1.415 -1.625
weapon_ttt_sg550	-1482.788818 514.302979 458.448822	0.299 -13.663 -90.479
weapon_zm_rifle	273.032776 -1375.944092 255.251312	3.309 9.569 65.749
weapon_zm_rifle	338.650360 -702.685669 260.194977	3.101 -96.863 66.181
weapon_ttt_glock	-823.684631 -184.362305 266.894989	-0.257 26.822 90.295
weapon_zm_mac10	770.398926 248.022552 462.917542	-0.199 -46.271 -88.758
weapon_ttt_p228	-1797.794189 -849.506836 270.534912	-0.017 34.836 89.288
weapon_ttt_revolver	-699.981934 -1412.299072 270.981049	9.089 26.229 74.554
weapon_ttt_revolver	-302.282318 393.706879 265.017059	8.211 25.153 76.521
weapon_ttt_revolver	-1078.930298 -181.293198 272.027588	9.450 25.831 74.835
weapon_ttt_revolver	-1943.171143 -491.217102 457.967865	8.733 26.378 75.365
weapon_ttt_confgrenade	196.966019 -1569.104858 234.462311	-36.591 -33.390 -101.174
weapon_ttt_confgrenade	198.544052 -1552.960083 234.298004	-38.102 -35.743 -94.979
weapon_ttt_confgrenade	214.000626 -1386.852905 258.318481	12.359 -57.456 -93.697
weapon_ttt_confgrenade	214.447327 -1375.016479 258.315033	11.507 -57.509 -93.942
weapon_ttt_confgrenade	632.958191 155.163544 272.037750	13.972 -60.708 -95.045
weapon_ttt_confgrenade	636.151672 169.511597 272.080261	14.650 -60.846 -95.940
weapon_ttt_confgrenade	-295.301849 351.145264 265.241699	-37.456 45.426 91.444
weapon_ttt_confgrenade	-309.729309 353.025391 265.234650	13.734 23.215 90.322
weapon_ttt_confgrenade	830.386902 250.580643 464.096741	14.914 -60.896 -96.292
weapon_ttt_confgrenade	830.259521 241.455002 464.254059	17.508 -61.335 -99.838
weapon_ttt_confgrenade	904.092468 157.705231 464.080322	14.651 -60.848 -95.941
weapon_ttt_confgrenade	903.440247 171.168671 464.191345	16.459 -61.159 -98.382
weapon_ttt_confgrenade	-76.368515 285.832397 458.137695	-36.388 -49.613 -90.993
weapon_ttt_confgrenade	-56.404099 286.835205 458.160980	-36.744 -49.260 -91.552
weapon_ttt_confgrenade	-1454.580933 -725.143982 462.063232	-37.161 -57.959 -89.733
weapon_ttt_confgrenade	-1425.258911 -726.852478 462.063232	-37.161 -57.959 -89.733
weapon_ttt_confgrenade	-1806.361816 -284.900299 458.217957	-37.614 -48.334 -92.959
weapon_ttt_confgrenade	-1795.747559 -286.151764 458.127960	-36.239 -49.753 -90.762
weapon_ttt_confgrenade	-1797.079346 303.994476 458.096130	-35.753 -50.197 -90.017
weapon_ttt_confgrenade	-1793.776245 292.165558 458.160980	-36.744 -49.260 -91.552
weapon_ttt_confgrenade	-831.057129 -237.503021 305.167053	-38.488 -51.111 -94.437
weapon_ttt_confgrenade	-828.860779 -212.666748 305.121124	-37.787 -52.573 -93.248
weapon_ttt_confgrenade	998.108154 -659.251831 466.177765	-37.000 -48.989 -91.961
weapon_ttt_confgrenade	1011.565857 -659.177307 466.129608	-36.265 -49.722 -90.802
weapon_zm_shotgun	584.907959 -854.622986 270.781799	-0.464 -8.476 -84.513
weapon_zm_shotgun	-300.521210 320.325256 264.226044	-0.480 -8.504 -84.704
weapon_zm_shotgun	1215.910767 -1479.253296 424.939636	-0.033 -8.474 -82.655
weapon_ttt_famas	350.597351 -10.346972 270.825531	0.000 15.717 89.985
weapon_zm_revolver	-795.039734 -1412.489014 269.970581	1.957 -18.760 -85.870
weapon_zm_revolver	89.187553 284.205231 456.970703	2.067 -18.698 -85.678
weapon_zm_revolver	-694.917297 -329.791840 266.699127	2.860 -17.454 -84.289
weapon_ttt_aug	-1514.111816 -60.172291 270.165802	0.136 9.808 86.712
weapon_ttt_aug	-2103.357422 -527.363770 456.531158	0.212 9.613 87.045
weapon_ttt_sg552	628.057556 256.257202 461.697937	2.070 0.729 -84.517
weapon_ttt_sg552	948.849670 -761.453918 425.033264	2.480 2.595 -85.018
