# Trouble in Terrorist Town weapon/ammo placement overrides
# For map: ttt_alstoybarn
# Exported by: Donato Dias
setting:	replacespawns 1
weapon_ttt_ak47	-87.499222 -1772.299805 72.891304	0.133 13.136 -87.549
weapon_ttt_ak47	1085.512939 -843.330994 342.904602	0.049 12.524 -87.888
ttt_playerspawn	-1076.381470 224.074341 64.553375	-0.045 -0.000 0.045
ttt_playerspawn	-1071.947144 112.978477 64.537926	-0.061 -0.000 0.061
ttt_playerspawn	-1072.851440 10.278161 64.510872	-0.087 -0.000 0.087
ttt_playerspawn	-1075.516113 -109.702866 64.580185	-0.019 -0.000 0.019
ttt_playerspawn	-1071.377441 -235.885635 64.510872	-0.087 -0.000 0.087
ttt_playerspawn	-1073.933228 -393.375366 64.538857	-0.060 -0.000 0.060
ttt_playerspawn	-1076.721558 -565.853149 64.541557	-0.057 -0.000 0.057
ttt_playerspawn	-1074.197754 -747.576660 64.521004	-0.077 -0.000 0.077
ttt_playerspawn	-1079.178223 -933.782471 64.801933	-0.521 -0.001 0.069
ttt_playerspawn	-1079.557129 -1087.923340 64.523346	-0.075 -0.000 0.075
ttt_playerspawn	-1084.593628 -1207.819214 64.542427	-0.056 -0.000 0.056
ttt_playerspawn	-1077.835083 -1364.357666 64.535057	-0.063 -0.000 0.063
ttt_playerspawn	-1081.722412 -1505.096436 64.551216	-0.048 -0.000 0.048
ttt_playerspawn	-1085.007324 -1639.370605 64.532059	-0.066 -0.000 0.066
ttt_playerspawn	-1080.071411 -1769.831055 64.537926	-0.061 -0.000 0.061
ttt_playerspawn	-1081.626099 -1897.320923 64.551949	-0.047 -0.000 0.047
ttt_playerspawn	-1083.089111 -2017.311279 64.528908	-0.069 -0.000 0.069
ttt_playerspawn	-991.691345 -2019.182495 64.546608	-0.052 -0.000 0.052
ttt_playerspawn	-986.055359 -1902.342407 64.561600	-0.037 -0.000 0.037
ttt_playerspawn	-983.741455 -1774.863037 64.538849	-0.060 -0.000 0.060
ttt_playerspawn	-981.291626 -1639.885132 64.576630	-0.023 -0.000 0.023
ttt_playerspawn	-977.903442 -1505.695923 64.525620	-0.073 -0.000 0.073
ttt_playerspawn	-976.909302 -1367.241089 64.527832	-0.070 -0.000 0.070
ttt_playerspawn	-976.237244 -1218.388428 64.513519	-0.085 -0.000 0.085
ttt_playerspawn	-974.940308 -1090.898926 64.545792	-0.053 -0.000 0.053
ttt_playerspawn	-973.596802 -931.209900 64.777115	-0.026 -0.201 -1.034
ttt_playerspawn	-971.191528 -746.348877 64.524490	-0.074 -0.000 0.074
ttt_playerspawn	-964.428833 -562.697754 64.557396	-0.042 -0.000 0.042
ttt_playerspawn	-958.720215 -391.709595 64.540672	-0.058 -0.000 0.058
ttt_playerspawn	-954.506409 -234.423645 64.582932	-0.017 -0.000 0.016
ttt_playerspawn	-963.516357 -112.928146 64.551949	-0.047 -0.000 0.047
ttt_playerspawn	-960.262512 15.226785 64.583923	-0.016 -0.000 0.015
ttt_playerspawn	-957.332092 112.682129 64.529976	-0.068 -0.000 0.068
ttt_playerspawn	-953.866333 225.131866 64.522163	0.076 0.000 0.076
weapon_ttt_smokegrenade	54.297501 614.820984 68.734596	0.000 90.000 0.000
weapon_ttt_smokegrenade	641.820007 1484.000000 342.734985	0.000 90.000 0.000
weapon_ttt_smokegrenade	2050.290039 1246.089966 416.734985	0.000 90.000 0.000
weapon_ttt_smokegrenade	2206.860107 290.061005 335.734985	0.000 90.000 0.000
weapon_ttt_smokegrenade	2479.060059 168.850998 69.734596	0.000 180.000 0.000
weapon_ttt_smokegrenade	2702.449951 -1290.489990 68.734596	0.000 165.500 0.000
weapon_ttt_smokegrenade	2577.899902 -1094.380005 266.734985	0.000 90.000 0.000
weapon_ttt_smokegrenade	687.458008 -1336.699951 90.734596	0.000 90.000 0.000
weapon_ttt_smokegrenade	-479.325012 1393.729980 68.734596	0.000 90.000 0.000
weapon_ttt_smokegrenade	-688.343262 341.749512 180.171936	-2.120 -1.402 -1.159
weapon_ttt_smokegrenade	-575.593933 414.792572 180.172791	-2.088 -1.401 -1.142
weapon_ttt_smokegrenade	-834.977905 21.825897 64.175392	-1.164 -1.521 -1.184
weapon_ttt_smokegrenade	-835.626831 10.063698 64.158463	-1.525 -1.456 -1.553
weapon_ttt_smokegrenade	-834.547607 258.616364 64.176208	-1.147 -1.529 -1.167
weapon_ttt_smokegrenade	-835.043640 244.003555 64.154037	-1.620 -1.419 -1.649
weapon_ttt_smokegrenade	-841.522461 -762.841370 64.170250	-1.274 -1.504 -1.296
weapon_ttt_smokegrenade	-843.749817 -776.861206 64.180092	-1.064 -1.539 -1.082
weapon_ttt_smokegrenade	-834.488342 -1734.168579 64.208046	-0.469 -1.570 -0.475
weapon_ttt_smokegrenade	-835.078491 -1754.119507 64.143051	-1.854 -1.283 -1.889
weapon_ttt_smokegrenade	-838.902344 -2004.867188 64.160576	-1.480 -1.456 -1.507
weapon_ttt_smokegrenade	-838.912903 -2020.455444 64.187668	-0.903 -1.553 -0.917
item_box_buckshot_ttt	-86.205002 -128.350998 73.212097	0.000 90.000 0.000
item_box_buckshot_ttt	-411.987000 791.945007 65.293900	0.000 90.000 0.000
item_box_buckshot_ttt	363.544006 763.651978 65.293900	0.000 90.000 0.000
item_box_buckshot_ttt	472.894989 1197.329956 335.907990	0.000 90.000 0.000
item_box_buckshot_ttt	2108.820068 478.235992 229.294006	0.000 90.000 0.000
item_box_buckshot_ttt	1628.630005 -90.106201 64.293900	0.000 90.000 0.000
item_box_buckshot_ttt	1044.020020 -1768.079956 161.388000	0.000 90.000 0.000
item_box_buckshot_ttt	702.419006 -1318.859985 86.293900	0.000 90.000 0.000
item_box_buckshot_ttt	-449.522003 1392.329956 64.293900	0.000 90.000 0.000
item_box_buckshot_ttt	2512.280029 -1217.050049 65.293900	0.000 90.000 0.000
item_box_buckshot_ttt	1659.729980 -2062.620117 388.294006	0.000 90.000 0.000
item_box_buckshot_ttt	1933.829956 -1824.849976 190.294006	0.000 90.000 0.000
item_box_buckshot_ttt	-548.452026 807.328003 442.294006	0.000 90.000 0.000
item_box_buckshot_ttt	-794.214661 -1968.109131 64.444481	-0.536 -0.007 0.476
item_box_buckshot_ttt	-813.686279 -1967.760620 64.433479	-0.623 -0.007 0.553
item_box_buckshot_ttt	-792.607178 -1984.454346 64.344170	0.618 0.003 -0.491
item_box_buckshot_ttt	-812.397034 -1984.761475 64.448540	-0.504 -0.007 0.447
item_box_buckshot_ttt	-793.451050 146.628677 64.382904	0.454 -0.002 0.424
item_box_buckshot_ttt	-809.758972 147.301590 64.381638	0.241 0.001 0.249
item_box_buckshot_ttt	-794.783936 161.530579 64.419418	0.820 0.003 0.659
item_box_buckshot_ttt	-810.120422 163.196442 64.370064	-0.759 -0.105 -0.559
item_box_buckshot_ttt	-791.684082 -76.531532 64.435493	-0.605 -0.007 0.538
item_box_buckshot_ttt	-791.063354 -64.172028 64.413971	-0.770 -0.005 0.687
item_box_buckshot_ttt	-805.263550 -64.004448 64.432274	-0.632 -0.007 0.561
item_box_buckshot_ttt	-805.973511 -77.575966 64.404648	-0.843 -0.007 0.752
item_box_buckshot_ttt	-792.077698 -716.342407 64.374298	0.751 -0.022 -0.518
item_box_buckshot_ttt	-809.419189 -716.488403 64.410339	-0.807 -0.006 0.716
item_box_buckshot_ttt	-793.189148 -728.960876 64.411873	-0.795 -0.006 0.705
item_box_buckshot_ttt	-807.062622 -729.037720 64.415421	-0.759 -0.006 0.676
item_box_buckshot_ttt	-796.167847 -1742.687500 64.453186	-0.467 -0.007 0.415
item_box_buckshot_ttt	-812.778748 -1742.787598 64.373817	0.754 -0.022 -0.523
item_box_buckshot_ttt	-794.861572 -1755.800293 64.375717	0.666 -0.001 -0.452
item_box_buckshot_ttt	-811.408508 -1755.351074 64.379173	0.119 0.003 -0.010
item_box_buckshot_ttt	2070.551758 1341.317871 412.450562	-0.513 -0.005 0.407
item_box_buckshot_ttt	2058.416992 1341.452148 412.380157	-0.032 0.002 0.111
item_box_buckshot_ttt	2070.062744 1329.899780 412.420288	-0.725 -0.006 0.645
item_box_buckshot_ttt	2058.794678 1330.633057 412.391846	-0.982 0.004 0.869
item_box_buckshot_ttt	940.895325 675.716858 86.462784	-0.416 -0.005 0.324
item_box_buckshot_ttt	941.097168 693.273438 86.384232	-0.753 -0.006 0.694
item_box_buckshot_ttt	-256.882355 -63.869522 248.369476	0.778 0.008 -0.540
item_box_buckshot_ttt	-239.954834 -67.381508 248.416275	-0.907 -0.025 0.706
item_ammo_357_ttt	-239.274002 -2161.560059 537.276001	0.000 90.000 0.000
item_ammo_357_ttt	-239.399002 -2174.379883 537.276001	0.000 90.000 0.000
item_ammo_357_ttt	1382.170044 1710.839966 547.276001	0.000 90.000 0.000
item_ammo_357_ttt	1382.290039 1723.650024 547.276001	0.000 90.000 0.000
item_ammo_357_ttt	2208.179932 -40.024700 586.276001	0.000 90.000 0.000
item_ammo_357_ttt	2208.310059 -27.209200 586.276001	0.000 90.000 0.000
item_ammo_357_ttt	2765.489990 -549.031006 350.243011	0.000 90.000 0.000
item_ammo_357_ttt	2765.610107 -536.215027 350.243011	0.000 90.000 0.000
item_ammo_357_ttt	-794.375366 -1768.615479 64.353592	0.455 0.060 0.047
item_ammo_357_ttt	-812.564209 -1768.592041 64.310013	0.446 0.073 0.064
item_ammo_357_ttt	-795.957520 -2142.323975 64.378654	0.460 0.056 0.037
item_ammo_357_ttt	-813.517578 -2141.603760 64.350014	0.454 0.062 0.048
item_ammo_357_ttt	-793.063232 -1816.965332 64.353592	0.455 0.060 0.047
item_ammo_357_ttt	-808.876465 -1815.615112 64.397232	0.463 0.055 0.029
item_ammo_357_ttt	-809.605286 -1122.801025 64.366882	0.457 0.058 0.041
item_ammo_357_ttt	-828.069946 -1122.760864 64.432137	0.470 0.054 0.015
item_ammo_357_ttt	-794.282288 -772.965942 64.302574	0.445 0.080 0.067
item_ammo_357_ttt	-809.650146 -772.750000 64.334557	0.451 0.065 0.054
item_ammo_357_ttt	-790.717651 -48.696056 64.366882	0.457 0.058 0.041
item_ammo_357_ttt	-807.415344 -49.225578 64.381378	0.460 0.056 0.035
item_ammo_357_ttt	-790.775879 178.456787 64.350014	0.454 0.062 0.048
item_ammo_357_ttt	-811.281494 178.170670 64.391502	0.462 0.055 0.031
item_ammo_357_ttt	-810.094604 -1143.952393 64.377258	0.459 0.056 0.037
item_ammo_357_ttt	-827.750061 -1145.049438 64.307571	0.446 0.080 0.065
item_ammo_357_ttt	-791.808777 196.684616 64.389084	0.462 0.055 0.032
item_ammo_357_ttt	-816.268250 197.337158 64.365303	0.457 0.058 0.042
item_ammo_357_ttt	-691.223083 370.992340 570.381409	0.461 0.058 0.035
item_ammo_357_ttt	-703.826416 371.792664 570.346375	0.454 0.064 0.049
item_ammo_357_ttt	1040.127930 -1194.276855 586.340515	0.452 0.064 0.052
item_ammo_357_ttt	1054.431763 -1195.421753 586.340515	0.452 0.064 0.052
item_ammo_357_ttt	2072.303467 1279.064941 412.371429	0.458 0.057 0.040
item_ammo_357_ttt	2054.825684 1280.066284 412.382690	0.460 0.055 0.035
item_ammo_357_ttt	971.478943 677.331665 86.377251	0.459 0.056 0.037
item_ammo_357_ttt	971.409607 693.462341 86.338577	0.451 0.064 0.053
item_ammo_357_ttt	2080.344727 -297.223694 595.377258	0.459 0.056 0.037
item_ammo_357_ttt	2094.675293 -296.873322 595.362061	0.456 0.058 0.044
item_ammo_357_ttt	-189.451584 -635.949768 859.431702	0.474 0.056 0.014
item_ammo_357_ttt	-168.050003 -636.023071 859.365723	0.467 0.060 0.038
item_ammo_revolver_ttt	-791.642395 -2005.379272 64.321671	0.448 0.068 0.059
item_ammo_revolver_ttt	-809.917236 -2003.887573 64.332489	0.450 0.065 0.055
item_ammo_revolver_ttt	-797.708313 -1833.090576 64.348183	0.454 0.062 0.049
item_ammo_revolver_ttt	-813.703186 -1832.036499 64.358765	0.456 0.060 0.044
item_ammo_revolver_ttt	-798.672180 -1723.217285 64.378654	0.460 0.056 0.037
item_ammo_revolver_ttt	-813.856201 -1723.585327 64.328262	0.450 0.068 0.057
item_ammo_revolver_ttt	-794.266174 -790.315430 64.364456	-0.010 -0.102 -0.051
item_ammo_revolver_ttt	-811.427612 -790.181152 64.356926	0.766 -0.009 -0.065
item_ammo_revolver_ttt	-792.319702 -94.700722 64.384026	0.461 0.056 0.034
item_ammo_revolver_ttt	-807.303101 -93.906410 64.357063	0.455 0.060 0.045
item_ammo_revolver_ttt	-791.738770 127.572609 64.305092	0.445 0.080 0.066
item_ammo_revolver_ttt	-810.795654 127.407150 64.314781	0.447 0.073 0.062
item_ammo_revolver_ttt	-793.375488 -13.433569 64.346321	0.453 0.062 0.049
item_ammo_revolver_ttt	-810.827942 -13.883106 64.430367	0.470 0.054 0.016
item_ammo_revolver_ttt	182.634048 -1729.559937 72.458694	1.254 -0.287 -0.715
item_ammo_revolver_ttt	169.772827 -1729.556274 72.338646	0.452 0.066 0.052
item_ammo_revolver_ttt	1206.050781 1678.181519 440.837708	0.452 2.450 0.051
item_ammo_revolver_ttt	1218.460205 1678.049683 440.789581	0.465 3.693 0.026
item_ammo_revolver_ttt	2072.954590 1294.855103 412.368408	0.457 0.057 0.041
item_ammo_revolver_ttt	2057.318115 1294.734375 412.393829	0.462 0.055 0.031
item_ammo_revolver_ttt	955.751587 676.491943 86.378639	0.459 0.056 0.037
item_ammo_revolver_ttt	956.335327 694.488770 86.397232	0.463 0.054 0.029
item_ammo_smg1_ttt	-84.689598 -113.190002 73.262901	0.000 90.000 0.000
item_ammo_smg1_ttt	-410.471985 807.106018 65.344704	0.000 90.000 0.000
item_ammo_smg1_ttt	365.058990 778.812988 65.344704	0.000 90.000 0.000
item_ammo_smg1_ttt	474.410004 1212.489990 335.959015	0.000 90.000 0.000
item_ammo_smg1_ttt	2110.330078 493.397003 229.345001	0.000 90.000 0.000
item_ammo_smg1_ttt	1630.150024 -74.945099 64.344704	0.000 90.000 0.000
item_ammo_smg1_ttt	1045.540039 -1752.920044 161.438995	0.000 90.000 0.000
item_ammo_smg1_ttt	703.934998 -1303.699951 86.344704	0.000 90.000 0.000
item_ammo_smg1_ttt	-448.006012 1407.500000 64.344704	0.000 90.000 0.000
item_ammo_smg1_ttt	2513.790039 -1201.890015 65.344704	0.000 90.000 0.000
item_ammo_smg1_ttt	1661.239990 -2047.449951 388.345001	0.000 90.000 0.000
item_ammo_smg1_ttt	1935.349976 -1809.689941 190.345001	0.000 90.000 0.000
item_ammo_smg1_ttt	-546.935974 822.489014 442.345001	0.000 90.000 0.000
item_ammo_smg1_ttt	-795.902649 267.630951 64.411224	0.265 -0.005 0.167
item_ammo_smg1_ttt	-817.799988 268.293304 64.430595	0.758 -0.002 0.496
item_ammo_smg1_ttt	-796.416870 241.716339 64.513268	-0.277 0.014 -0.233
item_ammo_smg1_ttt	-817.320679 242.165024 64.476715	0.553 -0.014 0.243
item_ammo_smg1_ttt	-795.318481 59.956371 64.391678	0.110 -0.005 0.061
item_ammo_smg1_ttt	-796.506775 83.514938 64.404167	0.191 -0.005 0.116
item_ammo_smg1_ttt	-818.312134 82.686325 64.437057	1.100 0.002 0.725
item_ammo_smg1_ttt	-818.172058 57.942360 64.499321	-0.853 0.013 -0.639
item_ammo_smg1_ttt	-795.891846 -161.016830 64.396790	0.136 -0.005 0.079
item_ammo_smg1_ttt	-796.373535 -137.705978 64.501663	-0.815 0.011 -0.606
item_ammo_smg1_ttt	-815.831238 -138.538437 64.411224	0.268 -0.005 0.168
item_ammo_smg1_ttt	-814.767517 -160.320908 64.399284	0.152 -0.005 0.090
item_ammo_smg1_ttt	-797.395447 -647.415894 64.430595	0.752 -0.002 0.492
item_ammo_smg1_ttt	-797.861023 -673.176514 64.399284	0.152 -0.005 0.090
item_ammo_smg1_ttt	-816.931885 -672.399536 64.479210	0.206 0.000 0.021
item_ammo_smg1_ttt	-815.903076 -646.162292 64.539528	-0.136 0.018 -0.116
item_ammo_smg1_ttt	-799.428833 -1653.742188 64.499321	-0.853 0.013 -0.639
item_ammo_smg1_ttt	-799.813293 -1678.032471 64.475426	0.562 -0.065 0.259
item_ammo_smg1_ttt	-818.450012 -1677.365479 64.424423	0.536 -0.004 0.347
item_ammo_smg1_ttt	-818.738953 -1652.836182 64.497826	-0.865 -0.013 -0.644
item_ammo_smg1_ttt	-797.442993 -1876.130615 64.521431	-0.221 0.015 -0.193
item_ammo_smg1_ttt	-797.629272 -1901.316895 64.408905	0.237 -0.005 0.148
item_ammo_smg1_ttt	-817.023987 -1900.192017 64.535446	-0.147 0.017 -0.128
item_ammo_smg1_ttt	-816.221130 -1874.984131 64.499786	-0.839 0.012 -0.627
item_ammo_smg1_ttt	-795.684021 -2072.216797 64.389061	0.098 -0.005 0.053
item_ammo_smg1_ttt	-813.159363 -2072.069580 64.547943	-0.193 0.220 -0.024
item_ammo_smg1_ttt	-795.242676 -2051.743896 64.406555	0.212 -0.005 0.131
item_ammo_smg1_ttt	-813.581177 -2051.582031 64.383720	0.079 -0.005 0.040
item_ammo_smg1_ttt	-800.826111 -968.936707 64.432594	-0.833 0.001 0.546
item_ammo_smg1_ttt	-801.994141 -943.649658 64.445534	0.009 0.006 -0.064
item_ammo_smg1_ttt	-822.856873 -942.718506 64.411186	-0.014 0.070 0.020
item_ammo_smg1_ttt	-823.370483 -967.996704 64.428566	-0.670 0.003 0.437
item_ammo_smg1_ttt	-788.897583 -751.553406 64.524750	-0.220 0.017 -0.189
item_ammo_smg1_ttt	-812.268494 -752.501221 64.545052	-0.096 0.018 -0.084
item_ammo_smg1_ttt	-791.413635 -1790.797974 64.540062	-0.122 0.017 -0.107
item_ammo_smg1_ttt	-810.178406 -1789.770020 64.497833	-0.832 0.012 -0.618
item_ammo_smg1_ttt	-603.690247 359.713837 180.420151	-0.425 -0.004 -0.274
item_ammo_smg1_ttt	-586.326965 359.405945 180.437057	-1.107 0.002 -0.730
item_ammo_smg1_ttt	-287.592072 -800.751465 72.521751	-0.096 1.979 -0.221
item_ammo_smg1_ttt	-304.020172 -799.004822 72.534332	-0.158 0.017 -0.136
item_ammo_smg1_ttt	-644.505493 -1840.418335 494.483185	-0.790 0.003 -0.636
item_ammo_smg1_ttt	-624.403198 -1842.496826 494.413513	0.302 -0.005 0.191
item_ammo_smg1_ttt	-86.269753 -1791.329956 72.420151	-0.421 0.004 0.271
item_ammo_smg1_ttt	-100.560921 -1790.209351 72.413506	-0.301 0.005 0.190
item_ammo_smg1_ttt	19.208738 -1705.343262 251.508362	-0.428 0.011 -0.346
item_ammo_smg1_ttt	36.142227 -1707.138306 251.535049	-0.149 0.017 -0.131
item_ammo_smg1_ttt	-163.532654 -1209.509521 248.428574	-0.667 0.003 0.435
item_ammo_smg1_ttt	-146.042267 -1206.057861 248.500320	0.841 -0.012 -0.629
item_ammo_smg1_ttt	1073.981567 -856.971741 342.480682	0.090 0.002 -0.174
item_ammo_smg1_ttt	1094.088501 -856.167480 342.437073	-1.088 -0.001 0.717
item_ammo_smg1_ttt	1461.059082 1721.225952 442.234955	-0.389 0.001 -0.304
item_ammo_smg1_ttt	1478.682495 1722.752686 442.274872	-0.226 0.008 -0.208
item_ammo_smg1_ttt	2070.692871 1379.447632 412.510803	-0.327 0.011 -0.275
item_ammo_smg1_ttt	2070.236816 1358.336670 412.504425	-0.663 0.010 -0.500
item_ammo_smg1_ttt	2054.581055 1358.589844 412.411224	0.266 -0.005 0.167
item_ammo_smg1_ttt	2055.812012 1380.194214 412.523590	-0.227 0.015 -0.194
item_ammo_smg1_ttt	1424.783203 1214.305176 206.982071	-1.392 -0.313 -2.413
item_ammo_smg1_ttt	1447.040771 1214.263428 206.526581	3.069 0.446 -4.390
item_ammo_smg1_ttt	907.832214 673.766296 86.415764	-0.335 0.005 0.213
item_ammo_smg1_ttt	906.989380 693.657349 86.503113	-0.803 0.013 -0.602
item_ammo_smg1_ttt	1847.670288 1236.838013 64.432594	0.835 -0.001 0.548
item_ammo_smg1_ttt	1835.787231 1238.125854 64.452385	-0.474 0.050 -0.124
item_ammo_smg1_ttt	1099.974609 -120.867737 64.510124	0.336 -0.010 -0.277
item_ammo_smg1_ttt	1115.717041 -120.617287 64.477730	-0.547 0.083 0.242
item_ammo_smg1_ttt	939.681946 -1260.221802 86.538589	0.167 0.275 0.058
item_ammo_smg1_ttt	959.973267 -1259.115601 86.527321	0.190 -0.016 -0.166
item_ammo_smg1_ttt	2258.047852 519.704834 331.396790	0.136 -0.005 0.079
item_ammo_smg1_ttt	2276.864258 521.430786 331.401764	0.169 -0.005 0.102
item_ammo_smg1_ttt	3045.705566 411.899658 408.919586	0.105 -0.004 0.067
item_ammo_smg1_ttt	3025.242188 409.757294 409.004364	0.834 -0.009 -0.577
item_ammo_pistol_ttt	-1319.000000 -499.536987 -11.256700	0.000 90.000 0.000
item_ammo_pistol_ttt	-1319.280029 -511.075012 -11.256700	0.000 90.000 0.000
item_ammo_pistol_ttt	-1309.880005 -638.721008 -11.373300	0.000 90.000 0.000
item_ammo_pistol_ttt	-1310.160034 -650.258972 -11.373300	0.000 90.000 0.000
item_ammo_pistol_ttt	-1314.589966 -804.223022 -11.464900	0.000 90.000 0.000
item_ammo_pistol_ttt	-1314.869995 -815.760986 -11.464900	0.000 90.000 0.000
item_ammo_pistol_ttt	-1322.079956 -1648.260010 -9.078020	0.000 90.000 0.000
item_ammo_pistol_ttt	-1322.359985 -1659.790039 -9.078020	0.000 90.000 0.000
item_ammo_pistol_ttt	-1263.699951 -1547.280029 -9.324620	0.000 180.000 0.000
item_ammo_pistol_ttt	69.066299 -2175.409912 537.280029	0.000 90.000 0.000
item_ammo_pistol_ttt	33.214001 700.177002 65.280197	0.000 90.000 0.000
item_ammo_pistol_ttt	32.938702 688.638977 65.280197	0.000 90.000 0.000
item_ammo_pistol_ttt	50.000000 582.000000 65.280197	0.000 90.000 0.000
item_ammo_pistol_ttt	49.724701 570.461975 65.280197	0.000 90.000 0.000
item_ammo_pistol_ttt	926.000000 -555.724976 86.280197	0.000 180.000 0.000
item_ammo_pistol_ttt	937.538025 -556.000000 86.280197	0.000 180.000 0.000
item_ammo_pistol_ttt	1242.550049 1669.099976 292.279999	0.000 180.000 0.000
item_ammo_pistol_ttt	1254.089966 1668.819946 292.279999	0.000 180.000 0.000
item_ammo_pistol_ttt	628.724976 1395.000000 338.279999	0.000 270.000 0.000
item_ammo_pistol_ttt	629.000000 1406.540039 338.279999	0.000 270.000 0.000
item_ammo_pistol_ttt	2557.439941 -1165.380005 65.280197	0.000 180.000 0.000
item_ammo_pistol_ttt	2568.979980 -1165.660034 65.280197	0.000 180.000 0.000
item_ammo_pistol_ttt	2448.709961 -1224.699951 65.280197	0.000 180.000 0.000
item_ammo_pistol_ttt	2460.250000 -1224.979980 65.280197	0.000 180.000 0.000
item_ammo_pistol_ttt	2409.850098 -1185.510010 262.279999	0.000 180.000 0.000
item_ammo_pistol_ttt	2421.379883 -1185.780029 262.279999	0.000 180.000 0.000
item_ammo_pistol_ttt	2896.479980 -1523.760010 383.247009	0.000 180.000 0.000
item_ammo_pistol_ttt	2908.020020 -1524.040039 383.247009	0.000 180.000 0.000
item_ammo_pistol_ttt	1588.270020 -1763.469971 388.279999	0.000 180.000 0.000
item_ammo_pistol_ttt	1599.810059 -1763.739990 388.279999	0.000 180.000 0.000
item_ammo_pistol_ttt	1627.790039 -1663.000000 190.279999	0.000 180.000 0.000
item_ammo_pistol_ttt	1639.329956 -1663.280029 190.279999	0.000 180.000 0.000
item_ammo_pistol_ttt	1776.420044 -1474.359985 190.279999	0.000 180.000 0.000
item_ammo_pistol_ttt	1787.959961 -1474.640015 190.279999	0.000 180.000 0.000
item_ammo_pistol_ttt	1209.829956 -1821.510010 142.279999	0.000 180.000 0.000
item_ammo_pistol_ttt	1221.369995 -1821.780029 142.279999	0.000 180.000 0.000
item_ammo_pistol_ttt	921.474976 -1108.630005 64.280197	0.000 180.000 0.000
item_ammo_pistol_ttt	1564.359985 53.153900 219.279999	0.000 180.000 0.000
item_ammo_pistol_ttt	46.963001 638.098999 64.280197	0.000 180.000 0.000
item_ammo_pistol_ttt	-446.708008 717.327026 64.280197	0.000 180.000 0.000
item_ammo_pistol_ttt	-102.658997 -120.098999 73.198402	0.000 180.000 0.000
item_ammo_pistol_ttt	-428.441010 800.197998 65.280197	0.000 180.000 0.000
item_ammo_pistol_ttt	347.089996 771.905029 65.280197	0.000 180.000 0.000
item_ammo_pistol_ttt	456.441010 1205.579956 335.894012	0.000 180.000 0.000
item_ammo_pistol_ttt	2092.370117 486.489014 229.279999	0.000 180.000 0.000
item_ammo_pistol_ttt	1612.180054 -81.853798 64.280197	0.000 180.000 0.000
item_ammo_pistol_ttt	1027.569946 -1759.829956 161.373993	0.000 180.000 0.000
item_ammo_pistol_ttt	685.966003 -1310.599976 86.280197	0.000 180.000 0.000
item_ammo_pistol_ttt	-465.976013 1400.589966 64.280197	0.000 180.000 0.000
item_ammo_pistol_ttt	2495.820068 -1208.800049 65.280197	0.000 180.000 0.000
item_ammo_pistol_ttt	1643.270020 -2054.360107 388.279999	0.000 180.000 0.000
item_ammo_pistol_ttt	1917.380005 -1816.589966 190.279999	0.000 180.000 0.000
item_ammo_pistol_ttt	-564.906006 815.580994 442.279999	0.000 180.000 0.000
item_ammo_pistol_ttt	-792.815735 216.619431 64.349876	-0.130 -0.019 -0.039
item_ammo_pistol_ttt	-801.013916 216.900711 64.340607	-0.138 -0.019 -0.042
item_ammo_pistol_ttt	-807.975159 217.141678 64.405540	-0.081 -0.020 -0.025
item_ammo_pistol_ttt	-816.592102 217.760132 64.364815	-0.117 -0.019 -0.035
item_ammo_pistol_ttt	-791.830627 103.814507 64.335754	-0.142 -0.019 -0.043
item_ammo_pistol_ttt	-800.676697 103.992668 64.330750	-0.147 -0.018 -0.044
item_ammo_pistol_ttt	-808.134338 104.484734 64.423309	-0.066 -0.020 -0.020
item_ammo_pistol_ttt	-815.504517 104.504166 64.354309	-0.126 -0.019 -0.038
item_ammo_pistol_ttt	-791.681946 -116.401146 64.409676	-0.078 -0.020 -0.024
item_ammo_pistol_ttt	-800.933899 -116.631073 64.387024	-0.098 -0.020 -0.030
item_ammo_pistol_ttt	-807.802429 -116.089180 64.413620	-0.074 -0.020 -0.022
item_ammo_pistol_ttt	-815.655334 -115.895927 64.352112	-0.128 -0.019 -0.039
item_ammo_pistol_ttt	-793.729736 -699.139099 64.429840	-0.060 -0.020 -0.018
item_ammo_pistol_ttt	-800.384094 -699.052429 64.429840	-0.060 -0.020 -0.018
item_ammo_pistol_ttt	-806.980042 -698.210083 64.364815	-0.117 -0.019 -0.035
item_ammo_pistol_ttt	-815.010498 -698.007996 64.428795	-0.061 -0.020 -0.018
item_ammo_pistol_ttt	-795.650574 -814.746399 64.478394	-1.422 0.170 0.768
item_ammo_pistol_ttt	-803.194519 -814.207458 64.384850	-0.553 0.205 1.205
item_ammo_pistol_ttt	-811.462158 -813.356567 64.386101	-0.560 0.265 1.075
item_ammo_pistol_ttt	-817.567505 -813.059753 64.360542	0.173 0.033 1.086
item_ammo_pistol_ttt	-794.368713 -1702.625732 64.402687	-0.084 -0.020 -0.025
item_ammo_pistol_ttt	-801.454773 -1701.832397 64.356476	-0.124 -0.019 -0.038
item_ammo_pistol_ttt	-810.067200 -1701.967041 64.328194	-0.149 -0.018 -0.045
item_ammo_pistol_ttt	-818.501953 -1701.563965 64.338196	-0.140 -0.019 -0.042
item_ammo_pistol_ttt	-795.897339 -1854.152710 64.352104	-0.128 -0.019 -0.039
item_ammo_pistol_ttt	-804.890503 -1854.147827 64.387024	-0.098 -0.020 -0.030
item_ammo_pistol_ttt	-811.766052 -1854.975586 64.376419	-0.107 -0.019 -0.032
item_ammo_pistol_ttt	-818.197510 -1853.893433 64.345314	-0.134 -0.019 -0.041
item_ammo_pistol_ttt	-791.968628 -2028.505249 64.376419	-0.107 -0.019 -0.032
item_ammo_pistol_ttt	-800.566650 -2028.173950 64.354309	-0.126 -0.019 -0.038
item_ammo_pistol_ttt	-806.570129 -2027.701172 64.408524	-0.153 -0.026 -0.055
item_ammo_pistol_ttt	-813.257507 -2027.243530 64.376419	-0.107 -0.019 -0.032
item_ammo_pistol_ttt	1407.547241 1744.124023 456.656464	0.004 -0.096 -0.007
item_ammo_pistol_ttt	1417.342285 1743.324219 456.469055	0.002 0.117 -0.003
item_ammo_pistol_ttt	2075.615723 1313.697876 412.416138	-0.072 -0.020 -0.022
item_ammo_pistol_ttt	2066.597412 1313.972534 412.442108	-0.049 -0.020 -0.015
item_ammo_pistol_ttt	2060.440918 1313.879883 412.347626	-0.132 -0.019 -0.040
item_ammo_pistol_ttt	2054.434570 1314.159790 412.410461	-0.210 -0.008 -0.106
item_ammo_pistol_ttt	926.700256 676.639221 86.437691	-0.053 -0.020 -0.016
item_ammo_pistol_ttt	925.779541 695.644287 86.356476	-0.124 -0.019 -0.038
item_ammo_pistol_ttt	1050.444702 -125.409767 64.370750	-0.112 -0.020 -0.034
item_ammo_pistol_ttt	1062.784302 -124.971550 64.345306	-0.134 -0.019 -0.041
ttt_random_weapon	-869.195313 -1662.155029 65.220703	1.642 4.922 -93.132
ttt_random_weapon	-872.334167 -1708.684692 65.234818	1.482 4.909 -93.498
ttt_random_weapon	-870.385986 -1780.674072 65.236671	1.461 4.907 -93.546
ttt_random_weapon	-870.053528 -1831.676147 65.230415	1.532 4.914 -93.383
ttt_random_weapon	-869.207520 -1904.052368 65.221519	1.632 4.921 -93.153
ttt_random_weapon	-868.728638 -1976.060059 65.200867	1.865 4.929 -92.619
ttt_random_weapon	-868.228394 -2068.114258 65.207504	1.791 4.928 -92.791
ttt_random_weapon	-875.976196 -1132.521606 65.235214	1.477 4.909 -93.508
ttt_random_weapon	-874.484985 -1062.008057 65.190575	1.981 4.920 -92.354
ttt_random_weapon	-875.836792 -975.268372 65.197914	1.899 4.927 -92.543
ttt_random_weapon	-872.411255 -822.885010 64.839844	2.291 4.236 -91.113
ttt_random_weapon	-870.747070 -745.943848 65.197914	1.899 4.927 -92.543
ttt_random_weapon	-869.817200 -701.087952 65.194778	1.934 4.924 -92.462
ttt_random_weapon	-864.500000 -172.694946 65.211586	1.745 4.927 -92.896
ttt_random_weapon	-863.553467 -97.215019 65.208717	1.777 4.928 -92.822
ttt_random_weapon	-862.722839 -15.235717 65.204315	1.827 4.929 -92.708
ttt_random_weapon	-861.926514 56.761768 65.208717	1.777 4.927 -92.822
ttt_random_weapon	-861.053528 137.756348 65.206886	1.798 4.929 -92.775
ttt_random_weapon	-860.609985 207.265991 65.242859	1.391 4.900 -93.706
ttt_random_weapon	-859.840027 294.255676 65.220291	1.646 4.922 -93.121
ttt_random_weapon	72.195335 758.090454 114.620262	1.475 18.861 -93.814
ttt_random_weapon	150.541321 733.827698 114.913193	-2.387 136.367 86.219
ttt_random_weapon	138.932236 778.926392 114.424522	1.247 33.999 -93.757
ttt_random_weapon	107.314362 752.682983 114.962440	-1.343 -153.380 83.435
ttt_random_weapon	101.209900 726.948547 114.575165	1.704 53.052 -94.814
ttt_random_weapon	69.541687 729.873169 114.671394	1.628 -55.870 -95.310
ttt_random_weapon	145.942856 690.177002 114.431999	0.987 -100.334 -93.948
ttt_random_weapon	-422.461700 675.085815 65.209892	1.764 4.928 -92.852
ttt_random_weapon	-415.496704 718.962097 65.223824	1.606 4.920 -93.213
ttt_random_weapon	-597.224182 824.277283 443.220490	1.644 10.799 -93.126
ttt_random_weapon	-597.338440 808.267578 443.242798	1.158 5.473 -95.127
ttt_random_weapon	1653.736572 -1475.076904 389.196106	1.919 4.718 -92.497
ttt_random_weapon	1653.929810 -1435.912231 389.214081	1.716 4.703 -92.961
ttt_random_weapon	1731.226807 -1475.158569 389.221405	1.634 4.694 -93.150
ttt_random_weapon	1731.167969 -1432.759644 389.215088	1.705 4.702 -92.987
ttt_random_weapon	2020.871460 1613.349121 413.199921	1.876 4.716 -92.595
ttt_random_weapon	2036.243408 1657.138794 413.209137	1.772 4.709 -92.833
ttt_random_weapon	2035.999512 1694.201538 413.222198	1.625 4.692 -93.170
ttt_random_weapon	1962.676880 1596.544189 413.211975	1.740 4.706 -92.906
ttt_random_weapon	1657.090942 736.100403 87.210289	1.759 4.707 -92.862
ttt_random_weapon	1582.853882 735.038330 87.231628	1.518 4.678 -93.415
ttt_random_weapon	1508.801636 731.497070 87.205421	1.814 4.712 -92.737
ttt_random_weapon	964.806213 735.786804 87.223717	1.608 4.691 -93.210
ttt_random_weapon	915.444824 733.906677 87.201363	1.860 4.715 -92.632
ttt_random_weapon	1044.952271 -572.479614 87.218422	1.668 4.697 -93.073
ttt_random_weapon	1125.804443 -573.236084 87.204109	1.829 4.713 -92.703
ttt_random_weapon	1192.101318 -573.895569 87.210297	1.759 4.707 -92.863
ttt_random_weapon	1310.567871 -573.936157 87.220161	1.648 4.695 -93.118
ttt_random_weapon	1450.993408 -573.073364 87.199188	1.884 4.716 -92.576
ttt_random_weapon	1566.465576 -567.569824 87.196915	1.910 4.718 -92.517
ttt_random_weapon	1701.296143 -570.348022 87.194527	1.937 4.719 -92.456
ttt_random_weapon	3542.739746 61.476810 227.747452	1.332 5.738 -93.841
ttt_random_weapon	3559.151855 -47.759106 227.747452	1.332 5.744 -93.841
ttt_random_weapon	3598.229004 -85.292229 227.747452	1.332 5.570 -93.841
ttt_random_weapon	3605.835693 18.684490 227.747452	1.332 5.559 -93.841
ttt_random_weapon	3361.085449 76.207291 227.747452	1.332 5.567 -93.841
ttt_random_weapon	3387.120605 -100.829758 227.747452	1.332 5.588 -93.841
ttt_random_weapon	3282.279785 -169.002548 227.747452	1.332 5.557 -93.841
ttt_random_weapon	3725.856934 87.134430 227.747452	1.332 5.711 -93.841
ttt_random_weapon	3880.078125 68.809128 227.747452	1.332 5.574 -93.841
ttt_random_weapon	3848.482666 -87.605064 403.831360	1.439 2.832 -93.596
ttt_random_weapon	3919.919922 -208.692322 403.827179	1.486 2.820 -93.488
ttt_random_weapon	3914.020752 -22.324406 403.821503	1.550 2.824 -93.341
ttt_random_weapon	3753.715576 -1.372826 403.839478	1.347 2.821 -93.807
ttt_random_weapon	3589.911865 -150.089661 227.747406	1.332 6.468 -93.840
ttt_random_weapon	3599.784424 -261.860596 227.747406	1.332 5.564 -93.840
ttt_random_weapon	3402.421875 137.314377 227.747360	1.333 5.595 -93.839
ttt_random_weapon	2233.167725 276.983185 332.195343	1.928 4.718 -92.477
ttt_random_weapon	1924.738525 118.277679 213.211761	1.743 4.765 -92.900
ttt_random_weapon	1926.506104 173.864365 213.218414	1.667 4.697 -93.073
ttt_random_weapon	1932.002197 245.722794 213.210861	1.753 4.706 -92.877
ttt_random_weapon	1931.115234 294.041992 213.210281	1.759 4.707 -92.862
ttt_random_weapon	1929.537964 396.171906 213.243958	1.378 4.653 -93.735
ttt_random_weapon	1090.453613 117.361153 87.232117	1.513 4.677 -93.427
ttt_random_weapon	1089.943848 141.105331 87.202759	1.844 4.714 -92.668
ttt_random_weapon	1067.823364 534.650696 87.210289	1.759 4.707 -92.862
ttt_random_weapon	985.791443 531.920471 87.225487	1.588 4.688 -93.256
ttt_random_weapon	928.670349 535.601868 87.221802	1.629 4.694 -93.160
ttt_random_weapon	929.030212 568.206848 87.213577	1.722 4.703 -92.947
ttt_random_weapon	673.248779 678.291992 87.233200	1.500 7.841 -93.455
ttt_random_weapon	673.232239 616.696838 87.180405	1.964 5.746 -92.242
ttt_random_weapon	661.015930 560.090942 87.224083	1.604 4.689 -93.219
ttt_random_weapon	668.574402 463.922546 87.207932	1.786 4.709 -92.802
ttt_random_weapon	516.237427 -53.462814 87.192879	1.955 4.720 -92.413
ttt_random_weapon	503.258820 176.998367 87.193710	1.946 4.720 -92.434
ttt_random_weapon	559.951965 -1615.303101 87.200645	1.868 4.716 -92.613
ttt_random_weapon	515.402344 -1615.603760 87.228951	1.548 4.682 -93.345
ttt_random_weapon	1730.910522 -1184.890625 87.217041	1.683 4.700 -93.037
ttt_random_weapon	1728.289795 -1154.907959 87.237457	1.452 4.668 -93.566
ttt_random_weapon	1522.909058 -1169.275024 87.173889	2.067 4.217 -92.041
weapon_ttt_g3sg1	-690.508118 349.381348 571.348572	-0.864 2.047 -87.980
weapon_ttt_g3sg1	2096.467529 -279.432098 596.301392	-0.700 3.283 -87.567
weapon_ttt_g3sg1	-182.588669 -623.054077 860.205505	-0.121 -0.008 -87.872
weapon_ttt_sg550	1036.111938 -1183.492065 587.802612	0.378 -12.009 -92.122
weapon_ttt_m16	-1302.000000 -513.536987 -6.853970	0.000 90.000 0.000
weapon_ttt_m16	-1292.880005 -652.721008 -6.970640	0.000 90.000 0.000
weapon_ttt_m16	-1297.589966 -818.223022 -7.062160	0.000 90.000 0.000
weapon_ttt_m16	-1305.079956 -1662.260010 -4.675320	0.000 90.000 0.000
weapon_ttt_m16	86.341599 -2177.870117 541.682983	0.000 90.000 0.000
weapon_ttt_m16	50.214001 686.177002 69.682800	0.000 90.000 0.000
weapon_ttt_m16	67.000000 568.000000 69.682800	0.000 90.000 0.000
weapon_ttt_m16	940.000000 -538.724976 90.682800	0.000 180.000 0.000
weapon_ttt_m16	1256.550049 1686.099976 296.683014	0.000 180.000 0.000
weapon_ttt_m16	611.724976 1409.000000 342.683014	0.000 270.000 0.000
weapon_ttt_m16	2571.439941 -1148.380005 69.682800	0.000 180.000 0.000
weapon_ttt_m16	2462.709961 -1207.699951 69.682800	0.000 180.000 0.000
weapon_ttt_m16	2423.850098 -1168.510010 266.683014	0.000 180.000 0.000
weapon_ttt_m16	2910.479980 -1506.760010 387.649994	0.000 180.000 0.000
weapon_ttt_m16	1602.270020 -1746.469971 392.683014	0.000 180.000 0.000
weapon_ttt_m16	1641.790039 -1646.000000 194.682999	0.000 180.000 0.000
weapon_ttt_m16	1790.420044 -1457.359985 194.682999	0.000 180.000 0.000
weapon_ttt_m16	1223.829956 -1804.510010 146.682999	0.000 180.000 0.000
weapon_zm_sledge	-1307.569946 354.727997 -7.633330	0.000 179.000 0.000
weapon_zm_sledge	-1297.329956 -2209.090088 -8.325850	0.000 179.000 0.000
weapon_zm_sledge	1830.089966 339.292999 67.857803	0.000 90.000 0.000
weapon_zm_sledge	-247.416000 1449.270020 67.857803	0.000 179.000 0.000
weapon_zm_sledge	-223.666306 -222.660522 69.751404	12.261 0.418 2.706
weapon_zm_sledge	921.275452 -420.669403 83.808449	18.634 -0.301 2.992
weapon_ttt_mp5	-595.232117 333.048462 181.094604	0.270 6.177 -87.228
weapon_ttt_mp5	-17.419605 -1703.623047 252.093063	0.325 1.281 -87.296
weapon_ttt_mp5	2260.425781 491.307770 331.957764	0.126 5.714 -86.348
weapon_ttt_galil	-157.453094 -1265.650024 249.133621	0.886 -10.924 -87.418
weapon_ttt_galil	3036.985352 432.143677 410.060303	0.122 -16.492 -91.665
weapon_ttt_revolver	1183.700562 1678.051758 442.926941	9.256 33.378 73.884
weapon_zm_molotov	54.297501 607.820984 68.734596	0.000 90.000 0.000
weapon_zm_molotov	641.820007 1477.000000 342.734985	0.000 90.000 0.000
weapon_zm_molotov	2050.290039 1239.089966 416.734985	0.000 90.000 0.000
weapon_zm_molotov	2206.860107 283.061005 335.734985	0.000 90.000 0.000
weapon_zm_molotov	2486.060059 168.850998 69.734596	0.000 180.000 0.000
weapon_zm_molotov	2709.219971 -1292.250000 68.734596	0.000 165.500 0.000
weapon_zm_molotov	2577.899902 -1101.380005 266.734985	0.000 90.000 0.000
weapon_zm_molotov	687.458008 -1343.699951 90.734596	0.000 90.000 0.000
weapon_zm_molotov	-479.325012 1386.729980 68.734596	0.000 90.000 0.000
weapon_zm_molotov	2639.360107 -1800.479980 486.734985	0.000 180.000 0.000
weapon_zm_molotov	1176.449951 -1227.979980 590.734985	0.000 180.000 0.000
weapon_zm_molotov	1197.560059 -1245.189941 590.734985	0.000 180.000 0.000
weapon_zm_molotov	592.255005 -1888.180054 493.734985	0.000 180.000 0.000
weapon_zm_molotov	1769.329956 -1953.150024 392.734985	0.000 180.000 0.000
weapon_zm_molotov	2102.000000 -1814.060059 392.734985	0.000 180.000 0.000
weapon_zm_molotov	-173.044006 -2142.500000 541.734009	0.000 180.000 0.000
weapon_zm_molotov	-836.374756 116.134895 64.134842	-2.036 -1.256 -2.065
weapon_zm_molotov	-837.625244 96.246239 64.141724	-1.888 -1.286 -1.915
weapon_zm_molotov	-840.313843 -118.418533 64.198143	-0.680 -1.565 -0.690
weapon_zm_molotov	-839.897583 -139.327087 64.180092	-1.064 -1.539 -1.082
weapon_zm_molotov	-842.256042 -651.581177 64.182983	-1.005 -1.542 -1.017
weapon_zm_molotov	-841.732300 -669.803467 64.182281	-1.018 -1.541 -1.034
weapon_zm_molotov	-809.032837 -1169.054810 64.141731	-1.882 -1.286 -1.918
weapon_zm_molotov	-834.732422 -1167.968994 64.193550	-0.778 -1.561 -0.789
weapon_zm_molotov	-834.990967 -1827.267456 64.161613	-1.458 -1.457 -1.484
weapon_zm_molotov	-833.919189 -1851.041382 64.134758	-2.029 -1.256 -2.071
weapon_zm_molotov	-154.023895 -1245.507202 72.155403	-0.746 -1.696 -1.137
weapon_zm_molotov	-167.957626 -1245.273682 72.111084	-1.186 -1.462 -1.814
weapon_zm_molotov	53.370853 -757.589478 72.145866	-0.841 -1.649 -1.283
weapon_zm_molotov	52.513016 -771.376831 72.141991	-0.879 -1.638 -1.342
weapon_zm_molotov	105.754051 -1847.698364 72.112839	-1.181 -1.479 -1.779
weapon_zm_molotov	1115.208374 1672.132080 416.792664	-0.139 -1.525 -0.131
weapon_zm_molotov	1124.077637 1671.469360 416.787506	-0.278 -1.524 -0.269
weapon_zm_molotov	590.802429 118.595230 612.119690	-1.101 -1.420 -1.682
weapon_zm_molotov	566.654297 116.736244 612.112854	-1.168 -1.482 -1.787
ttt_random_ammo	3707.846191 -51.886528 403.085388	0.047 0.017 0.056
ttt_random_ammo	3792.671143 -34.307220 403.084747	0.059 0.018 0.071
ttt_random_ammo	3884.626221 -40.274685 403.009338	1.509 0.036 1.808
ttt_random_ammo	3935.731689 -109.126976 402.989075	1.208 0.018 1.420
ttt_random_ammo	3838.444092 -122.735802 402.975250	0.182 0.001 0.166
ttt_random_ammo	3882.676758 -230.756775 402.939270	0.046 0.000 -0.018
ttt_random_ammo	3818.473389 86.174370 226.989944	0.534 -0.047 -0.648
ttt_random_ammo	3651.738037 70.210831 226.989868	0.543 -0.047 -0.658
ttt_random_ammo	3619.438965 115.950142 226.989792	0.552 -0.048 -0.669
ttt_random_ammo	3519.565430 -8.435298 226.989929	0.537 -0.046 -0.650
ttt_random_ammo	3497.009033 -111.659966 226.989670	0.568 -0.046 -0.688
ttt_random_ammo	3247.892578 134.724289 226.989288	0.614 -0.042 -0.744
ttt_random_ammo	3317.366943 66.462807 226.988754	0.678 -0.042 -0.821
ttt_random_ammo	3526.720703 70.421936 226.994263	-0.002 -0.015 0.002
ttt_random_ammo	3439.431885 -78.583794 226.994156	-0.006 -0.015 0.007
ttt_random_ammo	3311.773193 -139.096008 226.993988	-0.009 -0.015 0.011
ttt_random_ammo	3221.442383 -149.142395 226.993835	-0.013 -0.015 0.015
ttt_random_ammo	3232.268066 -235.358704 226.993439	0.000 -0.234 -0.002
ttt_random_ammo	3628.829834 66.189644 226.991760	-0.074 -0.016 0.087
ttt_random_ammo	3723.531006 125.290230 226.990112	-0.095 -0.015 0.112
ttt_random_ammo	3745.934326 53.180149 226.988220	-0.137 -0.014 0.161
ttt_random_ammo	3996.385254 70.179909 226.985596	-0.191 -0.014 0.223
ttt_random_ammo	3702.610107 -14.938255 403.022156	1.282 0.031 1.538
ttt_random_ammo	3431.339355 70.996521 226.945297	-1.088 -0.024 1.277
weapon_zm_rifle	-254.578995 -2178.419922 538.958008	0.000 90.000 0.000
weapon_zm_rifle	1366.989990 1706.800049 548.958008	0.000 90.000 0.000
weapon_zm_rifle	2193.000000 -44.063000 587.958008	0.000 90.000 0.000
weapon_zm_rifle	2750.310059 -553.068970 351.924988	0.000 90.000 0.000
weapon_ttt_glock	1387.060425 1747.658447 457.015778	-0.218 25.253 90.379
weapon_ttt_p228	-459.190704 719.961975 64.185944	36.413 0.399 0.058
weapon_ttt_p228	1050.486816 -148.018494 64.168205	36.695 0.407 0.069
weapon_ttt_dual_elites	2894.121582 -1425.233154 382.969238	1.916 0.146 -0.065
weapon_ttt_tmp	1839.476685 1260.401123 65.264481	0.146 -22.625 -88.799
weapon_ttt_tmp	938.528992 -1287.327026 87.316757	-0.044 -26.932 -89.950
weapon_ttt_confgrenade	-305.407990 -188.664993 67.487099	0.000 90.000 0.000
weapon_ttt_confgrenade	54.297501 600.820984 67.487099	0.000 90.000 0.000
weapon_ttt_confgrenade	641.820007 1470.000000 341.487000	0.000 90.000 0.000
weapon_ttt_confgrenade	2050.290039 1232.089966 415.487000	0.000 90.000 0.000
weapon_ttt_confgrenade	2206.860107 276.061005 334.487000	0.000 90.000 0.000
weapon_ttt_confgrenade	2493.060059 168.850998 68.487099	0.000 180.000 0.000
weapon_ttt_confgrenade	2716.000000 -1294.000000 67.487099	0.000 165.500 0.000
weapon_ttt_confgrenade	2577.899902 -1108.380005 265.487000	0.000 90.000 0.000
weapon_ttt_confgrenade	687.458008 -1350.699951 89.487099	0.000 90.000 0.000
weapon_ttt_confgrenade	-479.325012 1379.729980 67.487099	0.000 90.000 0.000
weapon_ttt_confgrenade	2646.360107 -1800.479980 485.487000	0.000 180.000 0.000
weapon_ttt_confgrenade	1183.449951 -1227.979980 589.487000	0.000 180.000 0.000
weapon_ttt_confgrenade	1204.560059 -1245.189941 589.487000	0.000 180.000 0.000
weapon_ttt_confgrenade	599.255005 -1888.180054 492.487000	0.000 180.000 0.000
weapon_ttt_confgrenade	1776.329956 -1953.150024 391.487000	0.000 180.000 0.000
weapon_ttt_confgrenade	2109.000000 -1814.060059 391.487000	0.000 180.000 0.000
weapon_ttt_confgrenade	-166.044006 -2142.500000 540.487000	0.000 180.000 0.000
weapon_ttt_confgrenade	-839.296082 -1936.886108 66.154648	-36.647 -49.345 -91.399
weapon_ttt_confgrenade	-838.302490 -1919.671265 66.148926	-36.560 -49.432 -91.262
weapon_ttt_confgrenade	-843.829529 -1689.654663 66.127777	-36.237 -49.745 -90.758
weapon_ttt_confgrenade	-843.753235 -1668.222778 66.154648	-36.647 -49.345 -91.399
weapon_ttt_confgrenade	-841.691895 -724.021057 66.149094	-36.562 -49.427 -91.266
weapon_ttt_confgrenade	-843.386963 -701.202209 66.131531	-36.294 -49.687 -90.847
weapon_ttt_confgrenade	-831.419250 -65.334694 66.156982	-36.683 -49.302 -91.456
weapon_ttt_confgrenade	-832.434448 -43.366295 66.143105	-36.471 -49.517 -91.122
weapon_ttt_confgrenade	-830.558289 156.820541 66.160576	-36.738 -49.247 -91.543
weapon_ttt_confgrenade	-832.026306 179.130203 66.168175	-36.854 -49.133 -91.727
weapon_ttt_confgrenade	58.801460 -219.015289 74.158508	14.888 -26.151 -90.449
weapon_ttt_confgrenade	56.066151 -199.182144 74.116180	15.405 -25.986 -89.647
weapon_ttt_confgrenade	-93.812912 -1839.345581 74.179550	14.629 -26.228 -90.850
weapon_ttt_confgrenade	-113.508362 -1841.951904 74.225899	14.048 -26.397 -91.736
weapon_ttt_confgrenade	57.199276 -1703.625366 253.124741	-36.190 -56.300 -90.686
weapon_ttt_confgrenade	57.053665 -1716.594849 253.122025	-36.149 -56.340 -90.622
weapon_ttt_confgrenade	479.345459 -175.144165 88.148315	-36.550 -55.939 -91.247
weapon_ttt_confgrenade	479.327881 -154.424454 88.104820	-35.886 -56.597 -90.219
weapon_ttt_confgrenade	1257.265625 26.658846 495.127045	-36.225 -56.267 -90.741
weapon_ttt_confgrenade	1224.961060 30.160053 495.174500	-36.951 -55.522 -91.881
weapon_ttt_confgrenade	1262.265991 125.829262 495.075989	-35.446 -57.005 -89.555
weapon_ttt_confgrenade	1223.608398 126.210182 495.231812	-37.825 -54.558 -93.311
weapon_ttt_confgrenade	518.427979 -438.635986 479.235016	-37.874 -54.504 -93.393
weapon_ttt_confgrenade	507.992218 -455.651276 479.142151	-36.456 -56.036 -91.100
weapon_ttt_confgrenade	521.239136 236.904892 342.888123	-36.395 -56.099 -91.003
weapon_ttt_confgrenade	519.483948 220.379639 342.994202	-38.014 -54.341 -93.628
weapon_zm_shotgun	1001.368530 685.905396 87.118111	-0.392 -8.491 -84.335
weapon_zm_shotgun	-247.848602 -92.313065 249.093033	-0.342 -8.491 -84.099
weapon_ttt_famas	-639.422485 -1862.222534 495.052490	0.000 16.891 89.164
weapon_ttt_famas	1109.377441 -143.895828 64.983650	0.000 16.895 88.723
weapon_zm_revolver	-1267.699951 -1547.280029 -7.606780	0.000 180.000 0.000
weapon_zm_revolver	917.474976 -1108.630005 65.998001	0.000 180.000 0.000
weapon_zm_revolver	1560.359985 53.153900 220.998001	0.000 180.000 0.000
weapon_zm_revolver	42.963001 638.098999 65.998001	0.000 180.000 0.000
weapon_zm_revolver	171.638580 -1716.909302 72.970535	1.932 -20.588 -85.914
weapon_ttt_aug	1460.064331 1705.913330 442.293610	0.104 9.735 86.727
weapon_ttt_sg552	-288.944550 -777.412109 73.068153	1.755 8.900 -84.133
weapon_ttt_sg552	1440.499878 1178.256836 208.532379	1.291 -0.728 -85.694
