# Trouble in Terrorist Town weapon/ammo placement overrides
# For map: ttt_rooftops_2016_v1
# Exported by: dduudu
setting:	replacespawns 1
ttt_playerspawn	2978.952148 -722.107788 321.599854	0.000 1.953 0.000
ttt_playerspawn	2854.424805 -720.433899 321.598419	-0.125 0.204 0.121
ttt_playerspawn	2849.533203 -847.992859 321.599274	0.311 -2.909 -0.309
ttt_playerspawn	2977.964844 -850.729736 321.473328	0.033 0.751 -0.033
ttt_playerspawn	1978.394775 -908.633118 65.597527	-0.001 -0.968 -0.008
ttt_playerspawn	1908.045776 -1217.298828 65.537941	0.061 0.000 0.061
ttt_playerspawn	60.834572 1152.306396 257.532043	-0.066 -0.000 0.066
ttt_playerspawn	68.720383 900.386597 257.553375	-0.046 -0.000 0.045
ttt_playerspawn	567.096069 899.411133 257.528900	-0.069 -0.000 0.069
ttt_playerspawn	580.183105 1153.436523 257.536987	-0.062 -0.000 0.061
ttt_playerspawn	1078.751831 1155.321167 257.517334	-0.081 -0.000 0.081
ttt_playerspawn	1083.065796 896.950317 257.551941	-0.047 -0.000 0.047
ttt_playerspawn	1596.098633 893.785156 257.538849	-0.060 -0.000 0.060
ttt_playerspawn	1594.586548 1149.607910 257.529968	0.068 0.000 0.068
ttt_playerspawn	1841.130737 1156.896851 257.522186	0.076 0.000 0.076
ttt_playerspawn	1838.714722 890.142334 257.532043	-0.066 -0.000 0.066
ttt_playerspawn	99.115616 1991.310547 266.734558	-0.076 1.609 0.076
ttt_playerspawn	285.280151 1989.367188 263.799408	-0.034 -0.000 0.035
ttt_playerspawn	451.466339 1988.100952 268.074371	-0.089 -0.741 0.089
ttt_playerspawn	1208.120850 2100.996094 385.538879	-0.060 -0.000 0.060
ttt_playerspawn	1212.119141 2003.174805 385.528992	-0.069 -0.000 0.069
ttt_playerspawn	2589.356445 2031.904541 769.565491	0.054 0.000 -0.055
ttt_playerspawn	3308.111572 2246.506836 769.541687	-0.057 -0.000 0.057
ttt_playerspawn	3315.322510 2112.977539 769.527893	-0.071 -0.000 0.070
ttt_playerspawn	3388.298828 2432.958740 641.538086	0.061 0.000 0.060
ttt_playerspawn	3802.606689 2307.647705 641.517517	-0.081 -0.000 0.081
ttt_playerspawn	3580.796875 2317.168213 769.549744	-0.050 -0.000 0.048
ttt_playerspawn	3444.310791 2316.063721 769.523438	-0.075 -0.000 0.075
ttt_playerspawn	3019.940918 52.047935 634.376038	0.070 0.000 0.070
ttt_playerspawn	3029.229980 234.921356 634.403748	0.048 -0.000 -0.047
ttt_playerspawn	2782.279785 159.748123 372.959595	-0.637 -0.085 -0.278
ttt_playerspawn	2570.999756 157.378220 375.574860	-2.000 0.549 0.246
ttt_playerspawn	2577.411377 303.824036 376.502502	-1.966 0.670 0.244
ttt_playerspawn	2784.685059 318.872437 374.863281	-0.713 -0.052 -0.147
ttt_playerspawn	2712.602783 413.645996 111.499092	-0.040 -0.000 0.041
ttt_playerspawn	2241.260010 1121.484375 385.537933	-0.061 -0.000 0.061
ttt_playerspawn	3194.564209 309.348724 111.506432	-0.037 -0.000 0.038
ttt_playerspawn	3113.531250 89.389610 111.511909	-0.035 -0.000 0.036
ttt_playerspawn	2715.580811 63.955219 111.505005	-0.038 -0.000 0.038
ttt_playerspawn	1519.253662 -110.326706 66.535080	-0.063 -0.000 0.063
ttt_playerspawn	1684.869141 -101.195503 66.552689	-0.046 -0.000 0.046
ttt_playerspawn	1682.681885 181.780396 66.536057	-0.062 -0.000 0.062
ttt_playerspawn	1519.604736 181.416336 66.555450	-0.043 0.000 0.043
ttt_playerspawn	684.499695 -776.770691 65.537941	0.061 0.000 0.061
ttt_playerspawn	802.312073 -778.148987 65.529999	-0.068 -0.000 0.068
ttt_playerspawn	935.936035 -785.254517 65.536049	-0.062 -0.000 0.062
ttt_playerspawn	695.916199 -957.854187 385.549774	-0.049 -0.000 0.049
ttt_playerspawn	892.033264 -961.667786 385.527893	0.070 0.000 0.070
ttt_playerspawn	-968.668335 -1101.908936 65.541573	-0.057 -0.000 0.057
ttt_playerspawn	-968.521240 -826.871704 65.538872	-0.060 -0.000 0.060
ttt_playerspawn	-978.283203 -960.099854 65.533089	-0.065 -0.000 0.065
ttt_playerspawn	-814.698669 -510.451630 65.529999	-0.068 -0.000 0.068
ttt_playerspawn	-819.774719 -643.361633 65.563576	0.052 0.000 -0.052
ttt_playerspawn	-701.374817 -956.213379 -126.470558	0.112 -0.000 -0.112
ttt_playerspawn	-550.793274 -959.920593 -126.455444	0.088 -0.000 -0.088
ttt_playerspawn	-850.793274 -958.846924 -126.458893	0.093 -0.000 -0.093
ttt_playerspawn	-113.192940 173.386871 65.563919	-0.035 -0.000 0.035
ttt_playerspawn	-114.971222 65.511467 65.546631	-0.052 -0.000 0.052
ttt_playerspawn	1664.450806 1784.960938 385.550140	-0.188 -0.003 -0.030
ttt_playerspawn	1662.402100 1887.001709 385.550690	-0.196 -0.062 -0.039
ttt_playerspawn	1999.014648 1965.838013 257.537933	-0.061 -0.000 0.061
ttt_playerspawn	2001.499756 2077.709229 257.520996	-0.077 -0.000 0.077
ttt_playerspawn	3187.400391 2189.464111 257.534058	-0.065 -0.000 0.064
ttt_playerspawn	3188.582031 2081.987793 257.564606	0.050 -0.000 -0.050
ttt_playerspawn	3224.413086 2207.797607 513.517395	-0.081 -0.000 0.081
ttt_playerspawn	3223.626465 2073.634521 513.599670	-0.191 -3.096 -0.191
ttt_playerspawn	3114.055176 1022.345459 385.538879	0.060 0.000 0.059
item_box_buckshot_ttt	834.000000 -12.503600 64.000000	0.000 0.000 0.000
item_box_buckshot_ttt	846.000000 -14.000000 64.000000	0.000 0.000 0.000
item_box_buckshot_ttt	840.000000 -28.000000 64.000000	0.000 0.000 0.000
item_box_buckshot_ttt	747.000000 -1318.650024 640.000000	0.000 0.000 0.000
item_box_buckshot_ttt	736.244019 -1322.000000 640.000000	0.000 0.000 0.000
item_box_buckshot_ttt	721.888000 -1319.500000 640.000000	0.000 0.000 0.000
item_box_buckshot_ttt	742.719971 -1303.650024 640.000000	0.000 0.000 0.000
item_box_buckshot_ttt	732.518982 -1302.790039 640.000000	0.000 0.000 0.000
item_box_buckshot_ttt	723.601013 -1304.599976 640.000000	0.000 0.000 0.000
item_box_buckshot_ttt	424.690002 -728.000000 114.000000	0.000 0.000 0.000
item_box_buckshot_ttt	418.000000 -743.346985 114.000000	0.000 0.000 0.000
item_box_buckshot_ttt	431.317993 -742.789978 114.000000	0.000 0.000 0.000
item_box_buckshot_ttt	1261.930054 -1201.550049 65.293900	0.000 0.000 0.000
item_box_buckshot_ttt	1262.729980 -1219.000000 65.293900	0.000 0.000 0.000
item_box_buckshot_ttt	1948.770020 -212.242996 386.294006	0.000 0.000 0.000
item_box_buckshot_ttt	1929.770020 -213.832993 386.294006	0.000 0.000 0.000
item_box_buckshot_ttt	308.000000 1369.829956 256.294006	0.000 0.000 0.000
item_box_buckshot_ttt	325.467010 1371.540039 256.294006	0.000 0.000 0.000
item_box_buckshot_ttt	341.005005 1372.619995 256.294006	0.000 0.000 0.000
item_box_buckshot_ttt	3804.000000 1996.650024 705.294006	0.000 0.000 0.000
item_box_buckshot_ttt	3802.629883 2012.660034 705.294006	0.000 0.000 0.000
item_box_buckshot_ttt	2448.000000 1049.790039 385.294006	0.000 0.000 0.000
item_box_buckshot_ttt	2471.719971 1048.119995 385.294006	0.000 0.000 0.000
item_box_buckshot_ttt	-11.301000 2655.459961 260.294006	0.000 0.000 0.000
item_box_buckshot_ttt	1.133010 2656.790039 260.294006	0.000 0.000 0.000
item_box_buckshot_ttt	14.783000 2656.300049 260.294006	0.000 0.000 0.000
item_box_buckshot_ttt	632.810974 2199.360107 300.558990	0.000 0.000 0.000
item_box_buckshot_ttt	619.463989 2198.149902 300.558990	0.000 0.000 0.000
item_box_buckshot_ttt	607.693970 2197.649902 300.558990	0.000 0.000 0.000
item_box_buckshot_ttt	593.757019 2200.879883 300.558990	0.000 0.000 0.000
item_box_buckshot_ttt	956.000000 28.000000 107.000000	0.000 0.000 0.000
item_box_buckshot_ttt	968.000000 28.000000 107.000000	0.000 0.000 0.000
item_box_buckshot_ttt	980.000000 28.000000 107.000000	0.000 0.000 0.000
item_box_buckshot_ttt	2999.000000 -90.000000 113.000000	0.000 0.000 -0.500
item_box_buckshot_ttt	2982.000000 -90.000000 113.000000	0.000 0.000 -0.500
item_box_buckshot_ttt	2967.000000 -89.000000 113.000000	0.000 0.000 -0.500
item_box_buckshot_ttt	2529.790039 -104.529999 366.695007	0.000 0.000 0.000
item_box_buckshot_ttt	1312.000000 2718.000000 512.000977	0.000 0.000 0.000
item_box_buckshot_ttt	1325.000000 2718.000000 512.000977	0.000 0.000 0.000
item_box_buckshot_ttt	3112.000000 -604.000000 64.293900	0.000 0.000 0.000
item_box_buckshot_ttt	3124.000000 -604.000000 64.293900	0.000 0.000 0.000
item_box_buckshot_ttt	834.000000 -12.503600 64.000000	0.000 0.000 0.000
item_box_buckshot_ttt	846.000000 -14.000000 64.000000	0.000 0.000 0.000
item_box_buckshot_ttt	840.000000 -28.000000 64.000000	0.000 0.000 0.000
item_box_buckshot_ttt	747.000000 -1318.650024 640.000000	0.000 0.000 0.000
item_box_buckshot_ttt	736.244019 -1322.000000 640.000000	0.000 0.000 0.000
item_box_buckshot_ttt	721.888000 -1319.500000 640.000000	0.000 0.000 0.000
item_box_buckshot_ttt	742.719971 -1303.650024 640.000000	0.000 0.000 0.000
item_box_buckshot_ttt	732.518982 -1302.790039 640.000000	0.000 0.000 0.000
item_box_buckshot_ttt	723.601013 -1304.599976 640.000000	0.000 0.000 0.000
item_box_buckshot_ttt	424.690002 -728.000000 114.000000	0.000 0.000 0.000
item_box_buckshot_ttt	418.000000 -743.346985 114.000000	0.000 0.000 0.000
item_box_buckshot_ttt	431.317993 -742.789978 114.000000	0.000 0.000 0.000
item_box_buckshot_ttt	1261.930054 -1201.550049 65.293900	0.000 0.000 0.000
item_box_buckshot_ttt	1262.729980 -1219.000000 65.293900	0.000 0.000 0.000
item_box_buckshot_ttt	1948.770020 -212.242996 386.294006	0.000 0.000 0.000
item_box_buckshot_ttt	1929.770020 -213.832993 386.294006	0.000 0.000 0.000
item_box_buckshot_ttt	308.000000 1369.829956 256.294006	0.000 0.000 0.000
item_box_buckshot_ttt	325.467010 1371.540039 256.294006	0.000 0.000 0.000
item_box_buckshot_ttt	341.005005 1372.619995 256.294006	0.000 0.000 0.000
item_box_buckshot_ttt	3804.000000 1996.650024 705.294006	0.000 0.000 0.000
item_box_buckshot_ttt	3802.629883 2012.660034 705.294006	0.000 0.000 0.000
item_box_buckshot_ttt	2448.000000 1049.790039 385.294006	0.000 0.000 0.000
item_box_buckshot_ttt	2471.719971 1048.119995 385.294006	0.000 0.000 0.000
item_box_buckshot_ttt	-11.301000 2655.459961 260.294006	0.000 0.000 0.000
item_box_buckshot_ttt	1.133010 2656.790039 260.294006	0.000 0.000 0.000
item_box_buckshot_ttt	14.783000 2656.300049 260.294006	0.000 0.000 0.000
item_box_buckshot_ttt	632.810974 2199.360107 300.558990	0.000 0.000 0.000
item_box_buckshot_ttt	619.463989 2198.149902 300.558990	0.000 0.000 0.000
item_box_buckshot_ttt	607.693970 2197.649902 300.558990	0.000 0.000 0.000
item_box_buckshot_ttt	593.757019 2200.879883 300.558990	0.000 0.000 0.000
item_box_buckshot_ttt	956.000000 28.000000 107.000000	0.000 0.000 0.000
item_box_buckshot_ttt	968.000000 28.000000 107.000000	0.000 0.000 0.000
item_box_buckshot_ttt	980.000000 28.000000 107.000000	0.000 0.000 0.000
item_box_buckshot_ttt	2999.000000 -90.000000 113.000000	0.000 0.000 -0.500
item_box_buckshot_ttt	2982.000000 -90.000000 113.000000	0.000 0.000 -0.500
item_box_buckshot_ttt	2967.000000 -89.000000 113.000000	0.000 0.000 -0.500
item_box_buckshot_ttt	2529.790039 -104.529999 366.695007	0.000 0.000 0.000
item_box_buckshot_ttt	1312.000000 2718.000000 512.000977	0.000 0.000 0.000
item_box_buckshot_ttt	1325.000000 2718.000000 512.000977	0.000 0.000 0.000
item_box_buckshot_ttt	3112.000000 -604.000000 64.293900	0.000 0.000 0.000
item_box_buckshot_ttt	3124.000000 -604.000000 64.293900	0.000 0.000 0.000
weapon_ttt_smokegrenade	505.287994 2198.669922 305.000000	0.000 0.000 0.000
weapon_ttt_smokegrenade	489.855988 2198.899902 305.000000	0.000 0.000 0.000
weapon_ttt_smokegrenade	718.000000 2352.000000 318.000000	0.000 0.000 0.000
weapon_ttt_smokegrenade	149.800995 2552.739990 304.000000	0.000 0.000 0.000
weapon_ttt_smokegrenade	403.894989 2250.560059 422.734985	0.000 0.000 0.000
weapon_ttt_smokegrenade	1888.959961 1706.109985 773.734985	0.000 0.000 0.000
weapon_ttt_smokegrenade	1782.949951 1700.430054 389.734985	0.000 0.000 0.000
weapon_ttt_smokegrenade	2708.000000 1456.000000 773.734985	0.000 0.000 0.000
weapon_ttt_smokegrenade	3395.919922 2404.189941 645.734985	0.000 0.000 0.000
weapon_ttt_smokegrenade	3088.000000 1248.000000 453.734985	0.000 0.000 0.000
weapon_ttt_smokegrenade	1801.469971 1086.300049 261.734985	0.000 0.000 0.000
weapon_ttt_smokegrenade	1590.699951 90.849297 71.734596	0.000 0.000 0.000
weapon_ttt_smokegrenade	1578.079956 89.200996 71.734596	0.000 0.000 0.000
weapon_ttt_smokegrenade	1942.680054 -192.332001 390.734985	0.000 0.000 0.000
weapon_ttt_smokegrenade	1905.699951 32.869701 390.734985	0.000 0.000 0.000
weapon_ttt_smokegrenade	920.000000 -1440.000000 581.734985	0.000 0.000 0.000
weapon_ttt_smokegrenade	465.270996 -1060.300049 69.734596	0.000 0.000 0.000
weapon_ttt_smokegrenade	159.960999 81.726501 69.734596	0.000 0.000 0.000
weapon_ttt_smokegrenade	-111.920998 -101.806999 69.734596	0.000 0.000 0.000
weapon_ttt_smokegrenade	762.304993 -23.528500 69.734596	0.000 0.000 0.000
weapon_ttt_smokegrenade	1262.140015 396.980011 389.734985	0.000 0.000 0.000
weapon_ttt_smokegrenade	-712.799011 -12.701500 -184.264999	0.000 0.000 0.000
weapon_ttt_smokegrenade	-707.219971 -796.322021 69.734596	0.000 0.000 0.000
weapon_ttt_smokegrenade	1197.000000 -180.000000 99.000000	0.000 0.000 0.000
weapon_ttt_smokegrenade	1244.079956 -52.781601 69.734596	0.000 0.000 0.000
weapon_ttt_smokegrenade	786.000000 32.000000 110.000000	0.000 0.000 0.000
weapon_ttt_smokegrenade	1322.000000 126.000000 82.000000	0.000 0.000 0.000
weapon_ttt_smokegrenade	1318.000000 234.000000 81.000000	0.000 0.000 0.000
weapon_ttt_smokegrenade	2932.000000 1240.000000 1288.000000	0.000 0.000 0.000
weapon_ttt_smokegrenade	2549.669922 632.203979 375.148010	0.000 0.000 0.000
weapon_ttt_smokegrenade	2528.000000 -131.000000 371.399994	0.000 0.000 0.000
weapon_ttt_smokegrenade	1902.560059 -45.135201 110.203003	0.000 355.500 0.000
weapon_ttt_smokegrenade	3808.000000 2392.000000 420.316986	0.000 0.000 0.000
weapon_ttt_smokegrenade	3156.000000 -869.000000 323.487000	0.000 0.000 0.000
weapon_ttt_smokegrenade	505.287994 2198.669922 305.000000	0.000 0.000 0.000
weapon_ttt_smokegrenade	489.855988 2198.899902 305.000000	0.000 0.000 0.000
weapon_ttt_smokegrenade	718.000000 2352.000000 318.000000	0.000 0.000 0.000
weapon_ttt_smokegrenade	149.800995 2552.739990 304.000000	0.000 0.000 0.000
weapon_ttt_smokegrenade	403.894989 2250.560059 422.734985	0.000 0.000 0.000
weapon_ttt_smokegrenade	1888.959961 1706.109985 773.734985	0.000 0.000 0.000
weapon_ttt_smokegrenade	1782.949951 1700.430054 389.734985	0.000 0.000 0.000
weapon_ttt_smokegrenade	2708.000000 1456.000000 773.734985	0.000 0.000 0.000
weapon_ttt_smokegrenade	3395.919922 2404.189941 645.734985	0.000 0.000 0.000
weapon_ttt_smokegrenade	3088.000000 1248.000000 453.734985	0.000 0.000 0.000
weapon_ttt_smokegrenade	1801.469971 1086.300049 261.734985	0.000 0.000 0.000
weapon_ttt_smokegrenade	1590.699951 90.849297 71.734596	0.000 0.000 0.000
weapon_ttt_smokegrenade	1578.079956 89.200996 71.734596	0.000 0.000 0.000
weapon_ttt_smokegrenade	1942.680054 -192.332001 390.734985	0.000 0.000 0.000
weapon_ttt_smokegrenade	1905.699951 32.869701 390.734985	0.000 0.000 0.000
weapon_ttt_smokegrenade	920.000000 -1440.000000 581.734985	0.000 0.000 0.000
weapon_ttt_smokegrenade	465.270996 -1060.300049 69.734596	0.000 0.000 0.000
weapon_ttt_smokegrenade	159.960999 81.726501 69.734596	0.000 0.000 0.000
weapon_ttt_smokegrenade	-111.920998 -101.806999 69.734596	0.000 0.000 0.000
weapon_ttt_smokegrenade	762.304993 -23.528500 69.734596	0.000 0.000 0.000
weapon_ttt_smokegrenade	1262.140015 396.980011 389.734985	0.000 0.000 0.000
weapon_ttt_smokegrenade	-712.799011 -12.701500 -184.264999	0.000 0.000 0.000
weapon_ttt_smokegrenade	-707.219971 -796.322021 69.734596	0.000 0.000 0.000
weapon_ttt_smokegrenade	1197.000000 -180.000000 99.000000	0.000 0.000 0.000
weapon_ttt_smokegrenade	1244.079956 -52.781601 69.734596	0.000 0.000 0.000
weapon_ttt_smokegrenade	786.000000 32.000000 110.000000	0.000 0.000 0.000
weapon_ttt_smokegrenade	1322.000000 126.000000 82.000000	0.000 0.000 0.000
weapon_ttt_smokegrenade	1318.000000 234.000000 81.000000	0.000 0.000 0.000
weapon_ttt_smokegrenade	2932.000000 1240.000000 1288.000000	0.000 0.000 0.000
weapon_ttt_smokegrenade	2549.669922 632.203979 375.148010	0.000 0.000 0.000
weapon_ttt_smokegrenade	2528.000000 -131.000000 371.399994	0.000 0.000 0.000
weapon_ttt_smokegrenade	1902.560059 -45.135201 110.203003	0.000 355.500 0.000
weapon_ttt_smokegrenade	3808.000000 2392.000000 420.316986	0.000 0.000 0.000
weapon_ttt_smokegrenade	3156.000000 -869.000000 323.487000	0.000 0.000 0.000
item_ammo_357_ttt	-124.000000 -120.000000 64.000000	-0.018 271.000 1.000
item_ammo_357_ttt	-124.000000 -130.000000 64.000000	-0.018 271.000 1.000
item_ammo_357_ttt	-124.000000 -144.000000 64.000000	-0.018 271.000 1.000
item_ammo_357_ttt	876.000000 -1134.939941 881.276001	0.000 0.000 0.000
item_ammo_357_ttt	864.619995 -1120.010010 881.276001	0.000 0.000 0.000
item_ammo_357_ttt	873.966980 -1120.319946 881.276001	0.000 0.000 0.000
item_ammo_357_ttt	478.000000 -1232.000000 65.275803	0.000 0.000 0.000
item_ammo_357_ttt	492.634003 -1231.410034 65.275803	0.000 0.000 0.000
item_ammo_357_ttt	464.000000 -1232.000000 65.275803	0.000 0.000 0.000
item_ammo_357_ttt	1809.410034 994.763000 257.276001	0.000 0.000 0.000
item_ammo_357_ttt	1806.000000 1062.000000 257.276001	0.000 0.000 0.000
item_ammo_357_ttt	1216.000000 -140.000000 556.000000	0.000 0.000 0.000
item_ammo_357_ttt	1216.000000 -112.000000 556.000000	0.000 0.000 0.000
item_ammo_357_ttt	1743.060059 2122.679932 385.276001	0.000 0.000 0.000
item_ammo_357_ttt	1728.469971 2123.500000 385.276001	0.000 0.000 0.000
item_ammo_357_ttt	1716.449951 2122.989990 385.276001	0.000 0.000 0.000
item_ammo_357_ttt	1825.250000 1628.979980 769.276001	0.000 0.000 0.000
item_ammo_357_ttt	1892.250000 1626.520020 769.276001	0.000 0.000 0.000
item_ammo_357_ttt	3248.000000 1196.000000 385.276001	0.000 270.000 0.000
item_ammo_357_ttt	3248.000000 1182.000000 385.276001	0.000 270.000 0.000
item_ammo_357_ttt	1171.790039 2451.409912 769.276001	0.000 0.000 0.000
item_ammo_357_ttt	483.782990 2437.719971 301.276001	0.000 0.000 0.000
item_ammo_357_ttt	484.117004 2455.219971 301.276001	0.000 0.000 0.000
item_ammo_357_ttt	485.028015 2469.719971 301.276001	0.000 0.000 0.000
item_ammo_357_ttt	468.273987 2463.479980 301.276001	0.000 0.000 0.000
item_ammo_357_ttt	3150.000000 1964.000000 358.000000	0.000 0.000 0.000
item_ammo_357_ttt	3166.000000 1964.000000 358.000000	0.000 0.000 0.000
item_ammo_357_ttt	3184.000000 1964.000000 358.000000	0.000 0.000 0.000
item_ammo_357_ttt	2756.000000 1356.000000 1154.000000	0.000 270.000 0.000
item_ammo_357_ttt	2756.000000 1342.000000 1154.000000	0.000 270.000 0.000
item_ammo_357_ttt	2756.000000 1328.000000 1154.000000	0.000 270.000 0.000
item_ammo_357_ttt	2376.000000 1508.000000 1280.000000	0.000 0.000 0.000
item_ammo_357_ttt	2360.000000 1512.000000 1280.000000	0.000 0.000 0.000
item_ammo_357_ttt	2344.000000 1508.000000 1280.000000	0.000 0.000 0.000
item_ammo_357_ttt	3238.000000 -96.000000 629.000000	0.000 90.000 -0.500
item_ammo_357_ttt	3239.000000 -83.000000 629.000000	0.000 90.000 -0.500
item_ammo_357_ttt	3238.000000 -69.000000 629.000000	0.000 90.000 -0.500
item_ammo_357_ttt	2479.000000 583.000000 497.000000	0.000 0.000 0.000
item_ammo_357_ttt	2488.000000 584.000000 497.000000	0.000 0.000 0.000
item_ammo_357_ttt	2497.000000 583.000000 497.000000	0.000 0.000 0.000
item_ammo_357_ttt	1934.000000 2060.000000 257.958008	0.000 270.000 0.000
item_ammo_357_ttt	1934.000000 2044.000000 257.958008	0.000 270.000 0.000
item_ammo_357_ttt	1934.000000 2026.000000 257.958008	0.000 270.000 0.000
item_ammo_357_ttt	2960.000000 -1224.000000 1088.000000	0.000 0.000 0.000
item_ammo_357_ttt	2976.000000 -1228.000000 1088.000000	0.000 0.000 0.000
item_ammo_357_ttt	2944.000000 -1228.000000 1088.000000	0.000 0.000 0.000
item_ammo_357_ttt	1171.219971 2468.000000 769.276001	0.000 0.000 0.000
item_ammo_357_ttt	-124.000000 -120.000000 64.000000	-0.018 271.000 1.000
item_ammo_357_ttt	-124.000000 -130.000000 64.000000	-0.018 271.000 1.000
item_ammo_357_ttt	-124.000000 -144.000000 64.000000	-0.018 271.000 1.000
item_ammo_357_ttt	876.000000 -1134.939941 881.276001	0.000 0.000 0.000
item_ammo_357_ttt	864.619995 -1120.010010 881.276001	0.000 0.000 0.000
item_ammo_357_ttt	873.966980 -1120.319946 881.276001	0.000 0.000 0.000
item_ammo_357_ttt	478.000000 -1232.000000 65.275803	0.000 0.000 0.000
item_ammo_357_ttt	492.634003 -1231.410034 65.275803	0.000 0.000 0.000
item_ammo_357_ttt	464.000000 -1232.000000 65.275803	0.000 0.000 0.000
item_ammo_357_ttt	1809.410034 994.763000 257.276001	0.000 0.000 0.000
item_ammo_357_ttt	1806.000000 1062.000000 257.276001	0.000 0.000 0.000
item_ammo_357_ttt	1216.000000 -140.000000 556.000000	0.000 0.000 0.000
item_ammo_357_ttt	1216.000000 -112.000000 556.000000	0.000 0.000 0.000
item_ammo_357_ttt	1743.060059 2122.679932 385.276001	0.000 0.000 0.000
item_ammo_357_ttt	1728.469971 2123.500000 385.276001	0.000 0.000 0.000
item_ammo_357_ttt	1716.449951 2122.989990 385.276001	0.000 0.000 0.000
item_ammo_357_ttt	1825.250000 1628.979980 769.276001	0.000 0.000 0.000
item_ammo_357_ttt	1892.250000 1626.520020 769.276001	0.000 0.000 0.000
item_ammo_357_ttt	3248.000000 1196.000000 385.276001	0.000 270.000 0.000
item_ammo_357_ttt	3248.000000 1182.000000 385.276001	0.000 270.000 0.000
item_ammo_357_ttt	1171.790039 2451.409912 769.276001	0.000 0.000 0.000
item_ammo_357_ttt	483.782990 2437.719971 301.276001	0.000 0.000 0.000
item_ammo_357_ttt	484.117004 2455.219971 301.276001	0.000 0.000 0.000
item_ammo_357_ttt	485.028015 2469.719971 301.276001	0.000 0.000 0.000
item_ammo_357_ttt	468.273987 2463.479980 301.276001	0.000 0.000 0.000
item_ammo_357_ttt	3150.000000 1964.000000 358.000000	0.000 0.000 0.000
item_ammo_357_ttt	3166.000000 1964.000000 358.000000	0.000 0.000 0.000
item_ammo_357_ttt	3184.000000 1964.000000 358.000000	0.000 0.000 0.000
item_ammo_357_ttt	2756.000000 1356.000000 1154.000000	0.000 270.000 0.000
item_ammo_357_ttt	2756.000000 1342.000000 1154.000000	0.000 270.000 0.000
item_ammo_357_ttt	2756.000000 1328.000000 1154.000000	0.000 270.000 0.000
item_ammo_357_ttt	2376.000000 1508.000000 1280.000000	0.000 0.000 0.000
item_ammo_357_ttt	2360.000000 1512.000000 1280.000000	0.000 0.000 0.000
item_ammo_357_ttt	2344.000000 1508.000000 1280.000000	0.000 0.000 0.000
item_ammo_357_ttt	3238.000000 -96.000000 629.000000	0.000 90.000 -0.500
item_ammo_357_ttt	3239.000000 -83.000000 629.000000	0.000 90.000 -0.500
item_ammo_357_ttt	3238.000000 -69.000000 629.000000	0.000 90.000 -0.500
item_ammo_357_ttt	2479.000000 583.000000 497.000000	0.000 0.000 0.000
item_ammo_357_ttt	2488.000000 584.000000 497.000000	0.000 0.000 0.000
item_ammo_357_ttt	2497.000000 583.000000 497.000000	0.000 0.000 0.000
item_ammo_357_ttt	1934.000000 2060.000000 257.958008	0.000 270.000 0.000
item_ammo_357_ttt	1934.000000 2044.000000 257.958008	0.000 270.000 0.000
item_ammo_357_ttt	1934.000000 2026.000000 257.958008	0.000 270.000 0.000
item_ammo_357_ttt	2960.000000 -1224.000000 1088.000000	0.000 0.000 0.000
item_ammo_357_ttt	2976.000000 -1228.000000 1088.000000	0.000 0.000 0.000
item_ammo_357_ttt	2944.000000 -1228.000000 1088.000000	0.000 0.000 0.000
item_ammo_357_ttt	1171.219971 2468.000000 769.276001	0.000 0.000 0.000
item_ammo_357_ttt	1052.358032 -360.577881 64.430626	0.946 -0.027 -0.575
item_ammo_357_ttt	1065.385742 -361.029449 64.422012	1.048 -0.032 -0.700
item_ammo_357_ttt	2858.886719 -1375.356323 1088.435547	0.886 -0.024 -0.499
item_ammo_357_ttt	2873.711426 -1375.936646 1088.417114	1.100 -0.034 -0.762
item_ammo_revolver_ttt	162.000000 46.000000 65.275803	0.000 0.000 0.000
item_ammo_revolver_ttt	162.914001 62.171299 65.275803	0.000 0.000 0.000
item_ammo_revolver_ttt	845.815979 -1116.530029 577.276001	0.000 0.000 0.000
item_ammo_revolver_ttt	863.010010 -1105.329956 577.276001	0.000 0.000 0.000
item_ammo_revolver_ttt	880.096985 -1117.219971 577.276001	0.000 0.000 0.000
item_ammo_revolver_ttt	861.645020 -1130.420044 577.276001	0.000 0.000 0.000
item_ammo_revolver_ttt	494.351990 -1251.359985 65.275803	0.000 0.000 0.000
item_ammo_revolver_ttt	482.954010 -1251.650024 65.275803	0.000 0.000 0.000
item_ammo_revolver_ttt	472.833008 -1252.829956 65.275803	0.000 0.000 0.000
item_ammo_revolver_ttt	462.029999 -1252.380005 65.275803	0.000 0.000 0.000
item_ammo_revolver_ttt	1367.650024 4.004060 385.276001	0.000 0.000 0.000
item_ammo_revolver_ttt	1366.810059 -29.044001 385.276001	0.000 0.000 0.000
item_ammo_revolver_ttt	-752.000000 -906.463989 -127.000000	0.000 0.000 0.000
item_ammo_revolver_ttt	-765.908997 -907.000000 -127.000000	0.000 0.000 0.000
item_ammo_revolver_ttt	177.606003 164.375000 65.275803	0.000 0.000 0.000
item_ammo_revolver_ttt	178.886002 183.626999 65.275803	0.000 0.000 0.000
item_ammo_revolver_ttt	1972.000000 -172.000000 418.000000	-0.001 89.614 1.182
item_ammo_revolver_ttt	-376.000000 984.000000 257.276001	0.000 0.000 0.000
item_ammo_revolver_ttt	1596.589966 1703.010010 769.276001	0.000 0.000 0.000
item_ammo_revolver_ttt	1576.479980 1702.449951 769.276001	0.000 0.000 0.000
item_ammo_revolver_ttt	2557.199951 1314.270020 769.276001	0.000 0.000 0.000
item_ammo_revolver_ttt	2552.639893 1333.180054 769.276001	0.000 0.000 0.000
item_ammo_revolver_ttt	3091.780029 1317.040039 449.276001	0.000 0.000 0.000
item_ammo_revolver_ttt	3091.459961 1335.650024 449.276001	0.000 0.000 0.000
item_ammo_revolver_ttt	545.164001 1931.310059 259.804993	0.000 30.000 0.000
item_ammo_revolver_ttt	530.124023 1941.920044 259.804993	0.000 30.000 0.000
item_ammo_revolver_ttt	153.287994 2392.790039 300.276001	0.000 0.000 0.000
item_ammo_revolver_ttt	151.272003 2411.110107 299.276001	0.000 0.000 0.000
item_ammo_revolver_ttt	153.819000 2426.590088 300.276001	0.000 0.000 0.000
item_ammo_revolver_ttt	161.444000 2411.100098 300.276001	0.000 0.000 0.000
item_ammo_revolver_ttt	3240.000000 2318.000000 306.000000	0.000 0.000 0.000
item_ammo_revolver_ttt	3252.000000 2318.000000 306.000000	0.000 0.000 0.000
item_ammo_revolver_ttt	3246.000000 2300.000000 306.000000	0.000 0.000 0.000
item_ammo_revolver_ttt	818.000000 26.000000 105.000000	0.000 0.000 0.000
item_ammo_revolver_ttt	1322.000000 114.000000 138.000000	0.000 0.000 0.000
item_ammo_revolver_ttt	1336.000000 116.000000 138.000000	0.000 0.000 0.000
item_ammo_revolver_ttt	1308.000000 118.000000 138.000000	0.000 0.000 0.000
item_ammo_revolver_ttt	1986.000000 -164.000000 418.000000	-0.001 89.614 1.182
item_ammo_revolver_ttt	2296.000000 1320.000000 1284.000000	0.000 270.500 0.000
item_ammo_revolver_ttt	2296.000000 1336.000000 1284.000000	0.000 270.500 0.000
item_ammo_revolver_ttt	2296.000000 1352.000000 1284.000000	0.000 270.500 0.000
item_ammo_revolver_ttt	2632.000000 -178.000000 158.000000	0.000 0.000 -0.500
item_ammo_revolver_ttt	1890.280029 -48.181400 106.000000	0.000 265.500 0.000
item_ammo_revolver_ttt	1887.660034 -55.999802 106.000000	0.000 265.500 0.000
item_ammo_revolver_ttt	2162.000000 377.000000 101.000000	0.000 90.000 0.000
item_ammo_revolver_ttt	-125.260002 2715.000000 258.000000	0.000 180.000 0.000
item_ammo_revolver_ttt	-135.259995 2715.000000 258.000000	0.000 180.000 0.000
item_ammo_revolver_ttt	-115.260002 2715.000000 258.000000	0.000 180.000 0.000
item_ammo_revolver_ttt	2696.000000 -898.000000 192.276001	0.000 0.000 0.000
item_ammo_revolver_ttt	2702.000000 -880.000000 192.276001	0.000 0.000 0.000
item_ammo_revolver_ttt	2690.000000 -880.000000 192.276001	0.000 0.000 0.000
item_ammo_revolver_ttt	2978.000000 -1382.000000 1088.280029	0.000 0.000 0.000
item_ammo_revolver_ttt	2970.000000 -1382.000000 1088.280029	0.000 0.000 0.000
item_ammo_revolver_ttt	340.187988 -738.237000 128.921005	0.000 2.000 0.000
item_ammo_revolver_ttt	353.239990 -729.395020 128.921005	0.000 2.000 0.000
item_ammo_revolver_ttt	367.993011 -738.265991 128.921005	0.000 2.000 0.000
item_ammo_revolver_ttt	312.914001 -824.000000 128.921005	0.000 287.500 0.000
item_ammo_revolver_ttt	300.906006 -813.784973 128.921005	0.000 287.500 0.000
item_ammo_revolver_ttt	162.000000 46.000000 65.275803	0.000 0.000 0.000
item_ammo_revolver_ttt	162.914001 62.171299 65.275803	0.000 0.000 0.000
item_ammo_revolver_ttt	845.815979 -1116.530029 577.276001	0.000 0.000 0.000
item_ammo_revolver_ttt	863.010010 -1105.329956 577.276001	0.000 0.000 0.000
item_ammo_revolver_ttt	880.096985 -1117.219971 577.276001	0.000 0.000 0.000
item_ammo_revolver_ttt	861.645020 -1130.420044 577.276001	0.000 0.000 0.000
item_ammo_revolver_ttt	494.351990 -1251.359985 65.275803	0.000 0.000 0.000
item_ammo_revolver_ttt	482.954010 -1251.650024 65.275803	0.000 0.000 0.000
item_ammo_revolver_ttt	472.833008 -1252.829956 65.275803	0.000 0.000 0.000
item_ammo_revolver_ttt	462.029999 -1252.380005 65.275803	0.000 0.000 0.000
item_ammo_revolver_ttt	1367.650024 4.004060 385.276001	0.000 0.000 0.000
item_ammo_revolver_ttt	1366.810059 -29.044001 385.276001	0.000 0.000 0.000
item_ammo_revolver_ttt	-752.000000 -906.463989 -127.000000	0.000 0.000 0.000
item_ammo_revolver_ttt	-765.908997 -907.000000 -127.000000	0.000 0.000 0.000
item_ammo_revolver_ttt	177.606003 164.375000 65.275803	0.000 0.000 0.000
item_ammo_revolver_ttt	178.886002 183.626999 65.275803	0.000 0.000 0.000
item_ammo_revolver_ttt	1972.000000 -172.000000 418.000000	-0.001 89.614 1.182
item_ammo_revolver_ttt	-376.000000 984.000000 257.276001	0.000 0.000 0.000
item_ammo_revolver_ttt	1596.589966 1703.010010 769.276001	0.000 0.000 0.000
item_ammo_revolver_ttt	1576.479980 1702.449951 769.276001	0.000 0.000 0.000
item_ammo_revolver_ttt	2557.199951 1314.270020 769.276001	0.000 0.000 0.000
item_ammo_revolver_ttt	2552.639893 1333.180054 769.276001	0.000 0.000 0.000
item_ammo_revolver_ttt	3091.780029 1317.040039 449.276001	0.000 0.000 0.000
item_ammo_revolver_ttt	3091.459961 1335.650024 449.276001	0.000 0.000 0.000
item_ammo_revolver_ttt	545.164001 1931.310059 259.804993	0.000 30.000 0.000
item_ammo_revolver_ttt	530.124023 1941.920044 259.804993	0.000 30.000 0.000
item_ammo_revolver_ttt	153.287994 2392.790039 300.276001	0.000 0.000 0.000
item_ammo_revolver_ttt	151.272003 2411.110107 299.276001	0.000 0.000 0.000
item_ammo_revolver_ttt	153.819000 2426.590088 300.276001	0.000 0.000 0.000
item_ammo_revolver_ttt	161.444000 2411.100098 300.276001	0.000 0.000 0.000
item_ammo_revolver_ttt	3240.000000 2318.000000 306.000000	0.000 0.000 0.000
item_ammo_revolver_ttt	3252.000000 2318.000000 306.000000	0.000 0.000 0.000
item_ammo_revolver_ttt	3246.000000 2300.000000 306.000000	0.000 0.000 0.000
item_ammo_revolver_ttt	818.000000 26.000000 105.000000	0.000 0.000 0.000
item_ammo_revolver_ttt	1322.000000 114.000000 138.000000	0.000 0.000 0.000
item_ammo_revolver_ttt	1336.000000 116.000000 138.000000	0.000 0.000 0.000
item_ammo_revolver_ttt	1308.000000 118.000000 138.000000	0.000 0.000 0.000
item_ammo_revolver_ttt	1986.000000 -164.000000 418.000000	-0.001 89.614 1.182
item_ammo_revolver_ttt	2296.000000 1320.000000 1284.000000	0.000 270.500 0.000
item_ammo_revolver_ttt	2296.000000 1336.000000 1284.000000	0.000 270.500 0.000
item_ammo_revolver_ttt	2296.000000 1352.000000 1284.000000	0.000 270.500 0.000
item_ammo_revolver_ttt	2632.000000 -178.000000 158.000000	0.000 0.000 -0.500
item_ammo_revolver_ttt	1890.280029 -48.181400 106.000000	0.000 265.500 0.000
item_ammo_revolver_ttt	1887.660034 -55.999802 106.000000	0.000 265.500 0.000
item_ammo_revolver_ttt	2162.000000 377.000000 101.000000	0.000 90.000 0.000
item_ammo_revolver_ttt	-125.260002 2715.000000 258.000000	0.000 180.000 0.000
item_ammo_revolver_ttt	-135.259995 2715.000000 258.000000	0.000 180.000 0.000
item_ammo_revolver_ttt	-115.260002 2715.000000 258.000000	0.000 180.000 0.000
item_ammo_revolver_ttt	2696.000000 -898.000000 192.276001	0.000 0.000 0.000
item_ammo_revolver_ttt	2702.000000 -880.000000 192.276001	0.000 0.000 0.000
item_ammo_revolver_ttt	2690.000000 -880.000000 192.276001	0.000 0.000 0.000
item_ammo_revolver_ttt	2978.000000 -1382.000000 1088.280029	0.000 0.000 0.000
item_ammo_revolver_ttt	2970.000000 -1382.000000 1088.280029	0.000 0.000 0.000
item_ammo_revolver_ttt	340.187988 -738.237000 128.921005	0.000 2.000 0.000
item_ammo_revolver_ttt	353.239990 -729.395020 128.921005	0.000 2.000 0.000
item_ammo_revolver_ttt	367.993011 -738.265991 128.921005	0.000 2.000 0.000
item_ammo_revolver_ttt	312.914001 -824.000000 128.921005	0.000 287.500 0.000
item_ammo_revolver_ttt	300.906006 -813.784973 128.921005	0.000 287.500 0.000
item_ammo_smg1_ttt	178.000000 14.000000 64.000000	0.000 271.000 0.000
item_ammo_smg1_ttt	178.000000 28.000000 64.000000	0.000 271.000 0.000
item_ammo_smg1_ttt	692.000000 -1060.000000 448.000000	0.000 0.000 0.000
item_ammo_smg1_ttt	553.505981 -729.616028 130.000000	0.000 0.000 0.000
item_ammo_smg1_ttt	569.000000 -730.557983 130.000000	0.000 0.000 0.000
item_ammo_smg1_ttt	1698.750000 45.169399 67.344704	0.000 0.000 0.000
item_ammo_smg1_ttt	1698.510010 18.677000 67.344704	0.000 0.000 0.000
item_ammo_smg1_ttt	810.000000 736.793030 256.345001	0.000 0.000 0.000
item_ammo_smg1_ttt	829.773010 737.674988 256.345001	0.000 0.000 0.000
item_ammo_smg1_ttt	845.650024 736.489014 256.345001	0.000 0.000 0.000
item_ammo_smg1_ttt	3022.620117 1555.760010 385.345001	0.000 0.000 0.000
item_ammo_smg1_ttt	2994.000000 1557.000000 385.345001	0.000 0.000 0.000
item_ammo_smg1_ttt	2562.699951 1259.530029 896.000000	0.000 351.000 0.000
item_ammo_smg1_ttt	2546.000000 1264.000000 896.000000	0.000 351.000 0.000
item_ammo_smg1_ttt	2528.000000 1264.000000 896.000000	0.000 351.000 0.000
item_ammo_smg1_ttt	3116.000000 1472.000000 612.000000	0.000 0.000 0.000
item_ammo_smg1_ttt	3136.000000 1472.000000 612.000000	0.000 0.000 0.000
item_ammo_smg1_ttt	3126.000000 1502.000000 612.000000	0.000 0.000 0.000
item_ammo_smg1_ttt	606.000000 2632.000000 291.000000	0.000 0.000 0.000
item_ammo_smg1_ttt	622.862976 2631.810059 291.000000	0.000 0.000 0.000
item_ammo_smg1_ttt	2926.000000 177.000000 125.000000	0.000 0.000 -0.500
item_ammo_smg1_ttt	2926.000000 205.000000 125.000000	0.000 0.000 -0.500
item_ammo_smg1_ttt	3204.000000 -176.000000 369.632996	0.000 270.000 0.000
item_ammo_smg1_ttt	3204.000000 -193.000000 369.550995	0.000 270.000 0.000
item_ammo_smg1_ttt	686.000000 -1042.640015 448.000000	0.000 271.500 0.000
item_ammo_smg1_ttt	677.721985 -1060.000000 448.000000	0.000 0.000 0.000
item_ammo_smg1_ttt	1904.000000 -1351.060059 64.344704	0.000 0.000 0.000
item_ammo_smg1_ttt	1919.489990 -1352.000000 64.344704	0.000 0.000 0.000
item_ammo_smg1_ttt	178.000000 14.000000 64.000000	0.000 271.000 0.000
item_ammo_smg1_ttt	178.000000 28.000000 64.000000	0.000 271.000 0.000
item_ammo_smg1_ttt	692.000000 -1060.000000 448.000000	0.000 0.000 0.000
item_ammo_smg1_ttt	553.505981 -729.616028 130.000000	0.000 0.000 0.000
item_ammo_smg1_ttt	569.000000 -730.557983 130.000000	0.000 0.000 0.000
item_ammo_smg1_ttt	1698.750000 45.169399 67.344704	0.000 0.000 0.000
item_ammo_smg1_ttt	1698.510010 18.677000 67.344704	0.000 0.000 0.000
item_ammo_smg1_ttt	810.000000 736.793030 256.345001	0.000 0.000 0.000
item_ammo_smg1_ttt	829.773010 737.674988 256.345001	0.000 0.000 0.000
item_ammo_smg1_ttt	845.650024 736.489014 256.345001	0.000 0.000 0.000
item_ammo_smg1_ttt	3022.620117 1555.760010 385.345001	0.000 0.000 0.000
item_ammo_smg1_ttt	2994.000000 1557.000000 385.345001	0.000 0.000 0.000
item_ammo_smg1_ttt	2562.699951 1259.530029 896.000000	0.000 351.000 0.000
item_ammo_smg1_ttt	2546.000000 1264.000000 896.000000	0.000 351.000 0.000
item_ammo_smg1_ttt	2528.000000 1264.000000 896.000000	0.000 351.000 0.000
item_ammo_smg1_ttt	3116.000000 1472.000000 612.000000	0.000 0.000 0.000
item_ammo_smg1_ttt	3136.000000 1472.000000 612.000000	0.000 0.000 0.000
item_ammo_smg1_ttt	3126.000000 1502.000000 612.000000	0.000 0.000 0.000
item_ammo_smg1_ttt	606.000000 2632.000000 291.000000	0.000 0.000 0.000
item_ammo_smg1_ttt	622.862976 2631.810059 291.000000	0.000 0.000 0.000
item_ammo_smg1_ttt	2926.000000 177.000000 125.000000	0.000 0.000 -0.500
item_ammo_smg1_ttt	2926.000000 205.000000 125.000000	0.000 0.000 -0.500
item_ammo_smg1_ttt	3204.000000 -176.000000 369.632996	0.000 270.000 0.000
item_ammo_smg1_ttt	3204.000000 -193.000000 369.550995	0.000 270.000 0.000
item_ammo_smg1_ttt	686.000000 -1042.640015 448.000000	0.000 271.500 0.000
item_ammo_smg1_ttt	677.721985 -1060.000000 448.000000	0.000 0.000 0.000
item_ammo_smg1_ttt	1904.000000 -1351.060059 64.344704	0.000 0.000 0.000
item_ammo_smg1_ttt	1919.489990 -1352.000000 64.344704	0.000 0.000 0.000
item_ammo_pistol_ttt	803.896973 -11.651800 65.280098	0.000 0.000 0.000
item_ammo_pistol_ttt	811.500000 -13.182500 65.280098	0.000 0.000 0.000
item_ammo_pistol_ttt	732.000000 -18.000000 65.280098	0.000 0.000 0.000
item_ammo_pistol_ttt	-715.812988 -829.520996 65.280098	0.000 0.000 0.000
item_ammo_pistol_ttt	-706.706970 -829.218994 65.280098	0.000 0.000 0.000
item_ammo_pistol_ttt	-699.773987 -829.192993 65.280098	0.000 0.000 0.000
item_ammo_pistol_ttt	478.000000 -717.289978 65.280098	0.000 0.000 0.000
item_ammo_pistol_ttt	478.720001 -743.083008 65.280098	0.000 0.000 0.000
item_ammo_pistol_ttt	510.533997 -744.617981 65.280098	0.000 0.000 0.000
item_ammo_pistol_ttt	511.377014 -715.000000 65.280098	0.000 0.000 0.000
item_ammo_pistol_ttt	1270.000000 -861.000000 65.280098	0.000 0.000 0.000
item_ammo_pistol_ttt	1269.020020 -836.530029 65.280098	0.000 0.000 0.000
item_ammo_pistol_ttt	1104.000000 -984.000000 65.000603	0.000 0.000 0.000
item_ammo_pistol_ttt	1491.180054 55.100800 67.280098	0.000 0.000 0.000
item_ammo_pistol_ttt	1505.520020 54.313301 67.280098	0.000 0.000 0.000
item_ammo_pistol_ttt	1519.630005 54.323002 67.280098	0.000 0.000 0.000
item_ammo_pistol_ttt	2053.689941 276.996002 386.279999	0.000 0.000 0.000
item_ammo_pistol_ttt	2065.989990 278.864990 386.279999	0.000 0.000 0.000
item_ammo_pistol_ttt	-372.777008 1096.800049 257.279999	0.000 0.000 0.000
item_ammo_pistol_ttt	-466.342010 1042.689941 256.279999	0.000 0.000 0.000
item_ammo_pistol_ttt	-466.679993 1020.020020 256.279999	0.000 0.000 0.000
item_ammo_pistol_ttt	-210.076004 733.331970 256.279999	0.000 0.000 0.000
item_ammo_pistol_ttt	3035.000000 1558.000000 385.279999	0.000 0.000 0.000
item_ammo_pistol_ttt	3052.000000 1558.000000 385.279999	0.000 0.000 0.000
item_ammo_pistol_ttt	3044.000000 1558.000000 385.279999	0.000 0.000 0.000
item_ammo_pistol_ttt	1597.500000 1624.550049 769.280029	0.000 0.000 0.000
item_ammo_pistol_ttt	1578.660034 1625.189941 769.280029	0.000 0.000 0.000
item_ammo_pistol_ttt	2512.110107 1325.349976 769.280029	0.000 0.000 0.000
item_ammo_pistol_ttt	2525.209961 1326.319946 769.280029	0.000 0.000 0.000
item_ammo_pistol_ttt	2539.479980 1327.020020 769.280029	0.000 0.000 0.000
item_ammo_pistol_ttt	2768.649902 1377.589966 769.280029	0.000 270.000 0.000
item_ammo_pistol_ttt	2769.000000 1387.000000 769.280029	0.000 270.000 0.000
item_ammo_pistol_ttt	3534.800049 2389.429932 385.345001	0.000 270.000 0.000
item_ammo_pistol_ttt	3571.790039 2387.889893 385.345001	0.000 270.000 0.000
item_ammo_pistol_ttt	1139.520020 2229.000000 385.279999	0.000 0.000 0.000
item_ammo_pistol_ttt	1153.819946 2229.469971 385.279999	0.000 0.000 0.000
item_ammo_pistol_ttt	1167.000000 2229.520020 385.279999	0.000 0.000 0.000
item_ammo_pistol_ttt	-381.230011 1937.119995 260.279999	0.000 0.000 0.000
item_ammo_pistol_ttt	-397.865997 1936.000000 260.279999	0.000 0.000 0.000
item_ammo_pistol_ttt	418.882996 2254.080078 418.279999	0.000 0.000 0.000
item_ammo_pistol_ttt	432.000000 2256.000000 418.279999	0.000 0.000 0.000
item_ammo_pistol_ttt	876.000000 -1180.000000 705.000977	0.000 0.000 0.000
item_ammo_pistol_ttt	852.000000 -1180.000000 705.000977	0.000 0.000 0.000
item_ammo_pistol_ttt	864.000000 -1180.000000 705.000977	0.000 0.000 0.000
item_ammo_pistol_ttt	3766.000000 2496.000000 696.000000	0.000 0.000 0.000
item_ammo_pistol_ttt	3754.000000 2496.000000 696.000000	0.000 0.000 0.000
item_ammo_pistol_ttt	3012.000000 1268.000000 1280.000000	0.000 0.000 0.000
item_ammo_pistol_ttt	3028.000000 1272.000000 1280.000000	0.000 0.000 0.000
item_ammo_pistol_ttt	3044.000000 1268.000000 1280.000000	0.000 0.000 0.000
item_ammo_pistol_ttt	3109.000000 192.000000 369.000000	0.000 90.000 -0.500
item_ammo_pistol_ttt	3108.000000 210.000000 369.000000	0.000 90.000 -0.500
item_ammo_pistol_ttt	3108.000000 231.000000 369.000000	0.000 90.000 -0.500
item_ammo_pistol_ttt	2064.000000 -226.000000 97.000000	0.000 270.000 0.000
item_ammo_pistol_ttt	3581.000000 1767.000000 509.373993	0.000 270.000 -0.500
item_ammo_pistol_ttt	890.000000 -1048.000000 386.683014	0.008 180.500 -0.500
item_ammo_pistol_ttt	900.000000 -1048.000000 386.683014	0.008 180.500 -0.500
item_ammo_pistol_ttt	2544.000000 -1424.000000 65.211700	0.000 0.000 0.000
item_ammo_pistol_ttt	2536.000000 -1424.000000 65.211700	0.000 0.000 0.000
item_ammo_pistol_ttt	2527.000000 -1424.000000 65.211700	0.000 0.000 0.000
item_ammo_pistol_ttt	3328.000000 1762.000000 509.373993	0.000 270.000 -0.500
item_ammo_pistol_ttt	2066.000000 -215.000000 97.000000	0.000 270.000 0.000
item_ammo_pistol_ttt	803.896973 -11.651800 65.280098	0.000 0.000 0.000
item_ammo_pistol_ttt	811.500000 -13.182500 65.280098	0.000 0.000 0.000
item_ammo_pistol_ttt	732.000000 -18.000000 65.280098	0.000 0.000 0.000
item_ammo_pistol_ttt	-715.812988 -829.520996 65.280098	0.000 0.000 0.000
item_ammo_pistol_ttt	-706.706970 -829.218994 65.280098	0.000 0.000 0.000
item_ammo_pistol_ttt	-699.773987 -829.192993 65.280098	0.000 0.000 0.000
item_ammo_pistol_ttt	478.000000 -717.289978 65.280098	0.000 0.000 0.000
item_ammo_pistol_ttt	478.720001 -743.083008 65.280098	0.000 0.000 0.000
item_ammo_pistol_ttt	510.533997 -744.617981 65.280098	0.000 0.000 0.000
item_ammo_pistol_ttt	511.377014 -715.000000 65.280098	0.000 0.000 0.000
item_ammo_pistol_ttt	1270.000000 -861.000000 65.280098	0.000 0.000 0.000
item_ammo_pistol_ttt	1269.020020 -836.530029 65.280098	0.000 0.000 0.000
item_ammo_pistol_ttt	1104.000000 -984.000000 65.000603	0.000 0.000 0.000
item_ammo_pistol_ttt	1491.180054 55.100800 67.280098	0.000 0.000 0.000
item_ammo_pistol_ttt	1505.520020 54.313301 67.280098	0.000 0.000 0.000
item_ammo_pistol_ttt	1519.630005 54.323002 67.280098	0.000 0.000 0.000
item_ammo_pistol_ttt	2053.689941 276.996002 386.279999	0.000 0.000 0.000
item_ammo_pistol_ttt	2065.989990 278.864990 386.279999	0.000 0.000 0.000
item_ammo_pistol_ttt	-372.777008 1096.800049 257.279999	0.000 0.000 0.000
item_ammo_pistol_ttt	-466.342010 1042.689941 256.279999	0.000 0.000 0.000
item_ammo_pistol_ttt	-466.679993 1020.020020 256.279999	0.000 0.000 0.000
item_ammo_pistol_ttt	-210.076004 733.331970 256.279999	0.000 0.000 0.000
item_ammo_pistol_ttt	3035.000000 1558.000000 385.279999	0.000 0.000 0.000
item_ammo_pistol_ttt	3052.000000 1558.000000 385.279999	0.000 0.000 0.000
item_ammo_pistol_ttt	3044.000000 1558.000000 385.279999	0.000 0.000 0.000
item_ammo_pistol_ttt	1597.500000 1624.550049 769.280029	0.000 0.000 0.000
item_ammo_pistol_ttt	1578.660034 1625.189941 769.280029	0.000 0.000 0.000
item_ammo_pistol_ttt	2512.110107 1325.349976 769.280029	0.000 0.000 0.000
item_ammo_pistol_ttt	2525.209961 1326.319946 769.280029	0.000 0.000 0.000
item_ammo_pistol_ttt	2539.479980 1327.020020 769.280029	0.000 0.000 0.000
item_ammo_pistol_ttt	2768.649902 1377.589966 769.280029	0.000 270.000 0.000
item_ammo_pistol_ttt	2769.000000 1387.000000 769.280029	0.000 270.000 0.000
item_ammo_pistol_ttt	3534.800049 2389.429932 385.345001	0.000 270.000 0.000
item_ammo_pistol_ttt	3571.790039 2387.889893 385.345001	0.000 270.000 0.000
item_ammo_pistol_ttt	1139.520020 2229.000000 385.279999	0.000 0.000 0.000
item_ammo_pistol_ttt	1153.819946 2229.469971 385.279999	0.000 0.000 0.000
item_ammo_pistol_ttt	1167.000000 2229.520020 385.279999	0.000 0.000 0.000
item_ammo_pistol_ttt	-381.230011 1937.119995 260.279999	0.000 0.000 0.000
item_ammo_pistol_ttt	-397.865997 1936.000000 260.279999	0.000 0.000 0.000
item_ammo_pistol_ttt	418.882996 2254.080078 418.279999	0.000 0.000 0.000
item_ammo_pistol_ttt	432.000000 2256.000000 418.279999	0.000 0.000 0.000
item_ammo_pistol_ttt	876.000000 -1180.000000 705.000977	0.000 0.000 0.000
item_ammo_pistol_ttt	852.000000 -1180.000000 705.000977	0.000 0.000 0.000
item_ammo_pistol_ttt	864.000000 -1180.000000 705.000977	0.000 0.000 0.000
item_ammo_pistol_ttt	3766.000000 2496.000000 696.000000	0.000 0.000 0.000
item_ammo_pistol_ttt	3754.000000 2496.000000 696.000000	0.000 0.000 0.000
item_ammo_pistol_ttt	3012.000000 1268.000000 1280.000000	0.000 0.000 0.000
item_ammo_pistol_ttt	3028.000000 1272.000000 1280.000000	0.000 0.000 0.000
item_ammo_pistol_ttt	3044.000000 1268.000000 1280.000000	0.000 0.000 0.000
item_ammo_pistol_ttt	3109.000000 192.000000 369.000000	0.000 90.000 -0.500
item_ammo_pistol_ttt	3108.000000 210.000000 369.000000	0.000 90.000 -0.500
item_ammo_pistol_ttt	3108.000000 231.000000 369.000000	0.000 90.000 -0.500
item_ammo_pistol_ttt	2064.000000 -226.000000 97.000000	0.000 270.000 0.000
item_ammo_pistol_ttt	3581.000000 1767.000000 509.373993	0.000 270.000 -0.500
item_ammo_pistol_ttt	890.000000 -1048.000000 386.683014	0.008 180.500 -0.500
item_ammo_pistol_ttt	900.000000 -1048.000000 386.683014	0.008 180.500 -0.500
item_ammo_pistol_ttt	2544.000000 -1424.000000 65.211700	0.000 0.000 0.000
item_ammo_pistol_ttt	2536.000000 -1424.000000 65.211700	0.000 0.000 0.000
item_ammo_pistol_ttt	2527.000000 -1424.000000 65.211700	0.000 0.000 0.000
item_ammo_pistol_ttt	3328.000000 1762.000000 509.373993	0.000 270.000 -0.500
item_ammo_pistol_ttt	2066.000000 -215.000000 97.000000	0.000 270.000 0.000
ttt_random_weapon	1369.000000 206.000000 69.000000	0.000 0.000 0.000
ttt_random_weapon	1320.000000 114.000000 84.000000	0.000 0.000 0.000
ttt_random_weapon	1369.000000 147.000000 72.000000	0.000 0.000 0.000
ttt_random_weapon	1320.000000 244.000000 104.000000	0.000 0.000 0.000
ttt_random_weapon	1320.000000 244.000000 142.000000	0.000 0.000 0.000
ttt_random_weapon	1320.000000 116.000000 104.000000	0.000 0.000 0.000
ttt_random_weapon	1088.000000 424.000000 71.372902	0.000 0.000 0.000
ttt_random_weapon	612.000000 24.000000 73.372902	0.000 0.000 0.000
ttt_random_weapon	872.000000 128.000000 105.247002	0.000 0.000 0.000
ttt_random_weapon	1160.000000 -220.000000 73.372902	0.000 0.000 0.000
ttt_random_weapon	2000.000000 318.000000 73.372902	0.000 270.000 0.000
ttt_random_weapon	1816.000000 312.000000 104.000000	0.000 270.000 0.000
ttt_random_weapon	2160.000000 380.000000 88.584198	0.000 270.000 0.000
ttt_random_weapon	1974.000000 -188.000000 73.372902	0.000 270.000 0.000
ttt_random_weapon	2140.000000 -342.000000 73.372902	0.000 0.000 0.000
ttt_random_weapon	1980.000000 160.000000 92.000000	0.000 0.000 0.000
ttt_random_weapon	1193.000000 -71.396400 92.000000	0.000 90.000 0.000
ttt_random_weapon	3890.330078 2529.080078 393.372986	0.000 0.000 0.000
ttt_random_weapon	3766.000000 2392.000000 393.372986	0.000 0.000 0.000
ttt_random_weapon	-691.601990 8.838470 -181.626999	0.000 0.000 0.000
ttt_random_weapon	-656.000000 -16.000000 -181.626999	0.000 270.000 0.000
ttt_random_weapon	-796.000000 -404.000000 -181.626999	0.000 0.000 0.000
ttt_random_weapon	1369.000000 206.000000 69.000000	0.000 0.000 0.000
ttt_random_weapon	1320.000000 114.000000 84.000000	0.000 0.000 0.000
ttt_random_weapon	1369.000000 147.000000 72.000000	0.000 0.000 0.000
ttt_random_weapon	1320.000000 244.000000 104.000000	0.000 0.000 0.000
ttt_random_weapon	1320.000000 244.000000 142.000000	0.000 0.000 0.000
ttt_random_weapon	1320.000000 116.000000 104.000000	0.000 0.000 0.000
ttt_random_weapon	1088.000000 424.000000 71.372902	0.000 0.000 0.000
ttt_random_weapon	612.000000 24.000000 73.372902	0.000 0.000 0.000
ttt_random_weapon	872.000000 128.000000 105.247002	0.000 0.000 0.000
ttt_random_weapon	1160.000000 -220.000000 73.372902	0.000 0.000 0.000
ttt_random_weapon	2000.000000 318.000000 73.372902	0.000 270.000 0.000
ttt_random_weapon	1816.000000 312.000000 104.000000	0.000 270.000 0.000
ttt_random_weapon	2160.000000 380.000000 88.584198	0.000 270.000 0.000
ttt_random_weapon	1974.000000 -188.000000 73.372902	0.000 270.000 0.000
ttt_random_weapon	2140.000000 -342.000000 73.372902	0.000 0.000 0.000
ttt_random_weapon	1980.000000 160.000000 92.000000	0.000 0.000 0.000
ttt_random_weapon	1193.000000 -71.396400 92.000000	0.000 90.000 0.000
ttt_random_weapon	3890.330078 2529.080078 393.372986	0.000 0.000 0.000
ttt_random_weapon	3766.000000 2392.000000 393.372986	0.000 0.000 0.000
ttt_random_weapon	-691.601990 8.838470 -181.626999	0.000 0.000 0.000
ttt_random_weapon	-656.000000 -16.000000 -181.626999	0.000 270.000 0.000
ttt_random_weapon	-796.000000 -404.000000 -181.626999	0.000 0.000 0.000
weapon_zm_sledge	915.000000 -1119.000000 586.372986	0.000 0.000 0.000
weapon_zm_sledge	3198.000000 567.000000 114.000000	0.000 0.000 -0.500
weapon_zm_sledge	2300.000000 -868.000000 73.372902	0.000 0.000 0.000
weapon_zm_sledge	915.000000 -1119.000000 586.372986	0.000 0.000 0.000
weapon_zm_sledge	3198.000000 567.000000 114.000000	0.000 0.000 -0.500
weapon_zm_sledge	2300.000000 -868.000000 73.372902	0.000 0.000 0.000
weapon_ttt_m16	714.000000 -8.000000 70.000000	0.052 270.999 -3.000
weapon_ttt_m16	777.000000 204.000000 202.000000	0.000 0.000 0.000
weapon_ttt_m16	-709.963989 -817.403992 69.682800	0.000 0.000 0.000
weapon_ttt_m16	1280.000000 -842.880005 69.000000	0.035 272.000 -0.999
weapon_ttt_m16	1434.140015 420.000000 66.000000	0.000 0.000 86.000
weapon_ttt_m16	2060.909912 294.470001 390.683014	0.000 0.000 0.000
weapon_ttt_m16	-484.000000 1036.000000 260.683014	0.000 275.500 0.000
weapon_ttt_m16	2750.000000 1392.000000 773.682983	0.000 270.000 0.000
weapon_ttt_m16	3552.000000 2400.000000 388.000000	0.000 270.000 -2.500
weapon_ttt_m16	1144.699951 2252.350098 389.683014	0.000 0.000 0.000
weapon_ttt_m16	419.570007 2234.669922 422.683014	0.000 0.000 0.000
weapon_ttt_m16	856.000000 -1128.000000 756.000000	0.000 0.000 0.000
weapon_ttt_m16	3020.000000 1240.000000 1286.000000	0.000 0.000 0.000
weapon_ttt_m16	3086.000000 205.000000 373.000000	0.000 90.000 -0.500
weapon_ttt_m16	872.000000 -1050.000000 388.683014	1.000 270.009 -89.500
weapon_ttt_m16	714.000000 -8.000000 70.000000	0.052 270.999 -3.000
weapon_ttt_m16	777.000000 204.000000 202.000000	0.000 0.000 0.000
weapon_ttt_m16	-709.963989 -817.403992 69.682800	0.000 0.000 0.000
weapon_ttt_m16	1280.000000 -842.880005 69.000000	0.035 272.000 -0.999
weapon_ttt_m16	1434.140015 420.000000 66.000000	0.000 0.000 86.000
weapon_ttt_m16	2060.909912 294.470001 390.683014	0.000 0.000 0.000
weapon_ttt_m16	-484.000000 1036.000000 260.683014	0.000 275.500 0.000
weapon_ttt_m16	2750.000000 1392.000000 773.682983	0.000 270.000 0.000
weapon_ttt_m16	3552.000000 2400.000000 388.000000	0.000 270.000 -2.500
weapon_ttt_m16	1144.699951 2252.350098 389.683014	0.000 0.000 0.000
weapon_ttt_m16	419.570007 2234.669922 422.683014	0.000 0.000 0.000
weapon_ttt_m16	856.000000 -1128.000000 756.000000	0.000 0.000 0.000
weapon_ttt_m16	3020.000000 1240.000000 1286.000000	0.000 0.000 0.000
weapon_ttt_m16	3086.000000 205.000000 373.000000	0.000 90.000 -0.500
weapon_ttt_m16	872.000000 -1050.000000 388.683014	1.000 270.009 -89.500
weapon_zm_molotov	-740.000000 -1028.000000 -122.264999	0.000 0.000 0.000
weapon_zm_molotov	166.720001 174.322998 69.734596	0.000 0.000 0.000
weapon_zm_molotov	771.755005 -19.825899 69.734596	0.000 0.000 0.000
weapon_zm_molotov	1366.729980 -48.607399 389.734985	0.000 0.000 0.000
weapon_zm_molotov	1596.430054 -29.364500 71.734596	0.000 0.000 0.000
weapon_zm_molotov	1964.000000 232.000000 422.000000	0.000 0.000 0.000
weapon_zm_molotov	1784.209961 929.507019 261.734985	0.000 0.000 0.000
weapon_zm_molotov	837.288025 1357.969971 260.734985	0.000 0.000 0.000
weapon_zm_molotov	154.000000 2572.000000 304.000000	0.000 0.000 0.000
weapon_zm_molotov	414.346008 2465.919922 305.734985	0.000 0.000 0.000
weapon_zm_molotov	719.000000 2516.000000 264.000000	0.000 0.000 0.000
weapon_zm_molotov	-368.000000 1944.000000 264.734985	0.000 0.000 0.000
weapon_zm_molotov	1113.000000 2060.000000 389.734985	0.000 0.000 0.000
weapon_zm_molotov	1141.219971 2451.409912 773.734985	0.000 0.000 0.000
weapon_zm_molotov	1836.089966 1711.010010 773.734985	0.000 0.000 0.000
weapon_zm_molotov	2724.000000 1456.000000 773.734985	0.000 0.000 0.000
weapon_zm_molotov	3474.000000 2456.610107 389.734985	0.000 0.000 0.000
weapon_zm_molotov	3149.429932 1555.349976 517.734985	0.000 0.000 0.000
weapon_zm_molotov	2367.840088 1202.069946 389.734985	0.000 0.000 0.000
weapon_zm_molotov	779.429993 -722.765015 69.734596	0.000 0.000 0.000
weapon_zm_molotov	-703.963013 -1226.560059 69.734596	0.000 0.000 0.000
weapon_zm_molotov	1376.680054 -349.032013 69.734596	0.000 0.000 0.000
weapon_zm_molotov	1074.000000 52.000000 85.000000	0.000 0.000 0.000
weapon_zm_molotov	734.000000 366.000000 101.000000	0.000 0.000 0.000
weapon_zm_molotov	796.000000 28.000000 110.000000	0.000 0.000 0.000
weapon_zm_molotov	1338.000000 126.000000 82.000000	0.000 0.000 0.000
weapon_zm_molotov	1308.000000 126.000000 82.000000	0.000 0.000 0.000
weapon_zm_molotov	1304.000000 234.000000 81.000000	0.000 0.000 0.000
weapon_zm_molotov	1334.000000 234.000000 81.000000	0.000 0.000 0.000
weapon_zm_molotov	2904.000000 1256.000000 1332.000000	0.000 0.000 0.000
weapon_zm_molotov	2230.000000 1382.000000 1286.000000	0.000 270.500 0.000
weapon_zm_molotov	2624.000000 1056.000000 132.000000	0.000 0.000 0.000
weapon_zm_molotov	3090.000000 257.000000 375.000000	0.000 90.000 -0.500
weapon_zm_molotov	2584.439941 575.388000 376.772003	0.000 0.000 0.000
weapon_zm_molotov	3215.000000 -23.000000 681.000000	0.000 0.000 89.500
weapon_zm_molotov	1928.000000 6.000000 98.352303	0.000 0.000 0.000
weapon_zm_molotov	3832.000000 2392.000000 420.316986	0.000 0.000 0.000
weapon_zm_molotov	1281.069946 -821.552979 69.734596	0.000 45.000 0.000
weapon_zm_molotov	2354.000000 -834.000000 196.735001	0.000 0.000 0.000
weapon_zm_molotov	-740.000000 -1028.000000 -122.264999	0.000 0.000 0.000
weapon_zm_molotov	166.720001 174.322998 69.734596	0.000 0.000 0.000
weapon_zm_molotov	771.755005 -19.825899 69.734596	0.000 0.000 0.000
weapon_zm_molotov	1366.729980 -48.607399 389.734985	0.000 0.000 0.000
weapon_zm_molotov	1596.430054 -29.364500 71.734596	0.000 0.000 0.000
weapon_zm_molotov	1964.000000 232.000000 422.000000	0.000 0.000 0.000
weapon_zm_molotov	1784.209961 929.507019 261.734985	0.000 0.000 0.000
weapon_zm_molotov	837.288025 1357.969971 260.734985	0.000 0.000 0.000
weapon_zm_molotov	154.000000 2572.000000 304.000000	0.000 0.000 0.000
weapon_zm_molotov	414.346008 2465.919922 305.734985	0.000 0.000 0.000
weapon_zm_molotov	719.000000 2516.000000 264.000000	0.000 0.000 0.000
weapon_zm_molotov	-368.000000 1944.000000 264.734985	0.000 0.000 0.000
weapon_zm_molotov	1113.000000 2060.000000 389.734985	0.000 0.000 0.000
weapon_zm_molotov	1141.219971 2451.409912 773.734985	0.000 0.000 0.000
weapon_zm_molotov	1836.089966 1711.010010 773.734985	0.000 0.000 0.000
weapon_zm_molotov	2724.000000 1456.000000 773.734985	0.000 0.000 0.000
weapon_zm_molotov	3474.000000 2456.610107 389.734985	0.000 0.000 0.000
weapon_zm_molotov	3149.429932 1555.349976 517.734985	0.000 0.000 0.000
weapon_zm_molotov	2367.840088 1202.069946 389.734985	0.000 0.000 0.000
weapon_zm_molotov	779.429993 -722.765015 69.734596	0.000 0.000 0.000
weapon_zm_molotov	-703.963013 -1226.560059 69.734596	0.000 0.000 0.000
weapon_zm_molotov	1376.680054 -349.032013 69.734596	0.000 0.000 0.000
weapon_zm_molotov	1074.000000 52.000000 85.000000	0.000 0.000 0.000
weapon_zm_molotov	734.000000 366.000000 101.000000	0.000 0.000 0.000
weapon_zm_molotov	796.000000 28.000000 110.000000	0.000 0.000 0.000
weapon_zm_molotov	1338.000000 126.000000 82.000000	0.000 0.000 0.000
weapon_zm_molotov	1308.000000 126.000000 82.000000	0.000 0.000 0.000
weapon_zm_molotov	1304.000000 234.000000 81.000000	0.000 0.000 0.000
weapon_zm_molotov	1334.000000 234.000000 81.000000	0.000 0.000 0.000
weapon_zm_molotov	2904.000000 1256.000000 1332.000000	0.000 0.000 0.000
weapon_zm_molotov	2230.000000 1382.000000 1286.000000	0.000 270.500 0.000
weapon_zm_molotov	2624.000000 1056.000000 132.000000	0.000 0.000 0.000
weapon_zm_molotov	3090.000000 257.000000 375.000000	0.000 90.000 -0.500
weapon_zm_molotov	2584.439941 575.388000 376.772003	0.000 0.000 0.000
weapon_zm_molotov	3215.000000 -23.000000 681.000000	0.000 0.000 89.500
weapon_zm_molotov	1928.000000 6.000000 98.352303	0.000 0.000 0.000
weapon_zm_molotov	3832.000000 2392.000000 420.316986	0.000 0.000 0.000
weapon_zm_molotov	1281.069946 -821.552979 69.734596	0.000 45.000 0.000
weapon_zm_molotov	2354.000000 -834.000000 196.735001	0.000 0.000 0.000
weapon_ttt_sg550	1068.623535 -352.519867 65.183716	0.242 -2.646 -86.164
weapon_ttt_sg550	3001.664063 1478.832275 1350.857544	0.287 -39.860 -89.309
weapon_ttt_sg550	2899.708496 -1338.527100 1089.312378	0.187 88.120 -87.232
weapon_zm_rifle	-110.000000 -122.000000 66.000000	0.000 271.000 0.000
weapon_zm_rifle	849.960999 -1112.000000 884.000000	-0.018 271.000 1.000
weapon_zm_rifle	466.000000 -1220.000000 66.957497	0.000 0.000 0.000
weapon_zm_rifle	1804.000000 1040.000000 258.957001	0.000 270.000 -88.500
weapon_zm_rifle	1202.000000 -126.000000 556.000000	0.000 0.000 0.000
weapon_zm_rifle	1718.000000 1976.000000 386.000000	0.000 0.000 0.000
weapon_zm_rifle	1848.000000 1626.000000 770.958008	0.000 0.000 0.000
weapon_zm_rifle	3232.000000 1203.000000 386.958008	0.000 270.000 0.000
weapon_zm_rifle	1128.000000 2460.639893 770.958008	0.000 0.000 0.000
weapon_zm_rifle	416.463989 2399.459961 302.958008	0.000 0.000 0.000
weapon_zm_rifle	3150.000000 1986.000000 358.000000	0.000 0.000 0.000
weapon_zm_rifle	2772.000000 1352.000000 1154.000000	0.000 270.000 0.000
weapon_zm_rifle	2351.000000 1489.000000 1286.000000	0.000 0.000 0.000
weapon_zm_rifle	2976.000000 -160.000000 239.000000	0.000 0.000 -0.500
weapon_zm_rifle	3226.000000 -95.000000 631.000000	0.000 90.000 -0.500
weapon_zm_rifle	1948.000000 2054.000000 257.958008	0.000 270.000 0.000
weapon_zm_rifle	2950.000000 -1247.000000 1090.000000	0.000 0.000 0.000
weapon_zm_rifle	-110.000000 -122.000000 66.000000	0.000 271.000 0.000
weapon_zm_rifle	849.960999 -1112.000000 884.000000	-0.018 271.000 1.000
weapon_zm_rifle	466.000000 -1220.000000 66.957497	0.000 0.000 0.000
weapon_zm_rifle	1804.000000 1040.000000 258.957001	0.000 270.000 -88.500
weapon_zm_rifle	1202.000000 -126.000000 556.000000	0.000 0.000 0.000
weapon_zm_rifle	1718.000000 1976.000000 386.000000	0.000 0.000 0.000
weapon_zm_rifle	1848.000000 1626.000000 770.958008	0.000 0.000 0.000
weapon_zm_rifle	3232.000000 1203.000000 386.958008	0.000 270.000 0.000
weapon_zm_rifle	1128.000000 2460.639893 770.958008	0.000 0.000 0.000
weapon_zm_rifle	416.463989 2399.459961 302.958008	0.000 0.000 0.000
weapon_zm_rifle	3150.000000 1986.000000 358.000000	0.000 0.000 0.000
weapon_zm_rifle	2772.000000 1352.000000 1154.000000	0.000 270.000 0.000
weapon_zm_rifle	2351.000000 1489.000000 1286.000000	0.000 0.000 0.000
weapon_zm_rifle	2976.000000 -160.000000 239.000000	0.000 0.000 -0.500
weapon_zm_rifle	3226.000000 -95.000000 631.000000	0.000 90.000 -0.500
weapon_zm_rifle	1948.000000 2054.000000 257.958008	0.000 270.000 0.000
weapon_zm_rifle	2950.000000 -1247.000000 1090.000000	0.000 0.000 0.000
weapon_ttt_glock	1258.000000 -1130.000000 130.000000	0.000 0.000 -2.000
weapon_ttt_glock	-197.580994 734.489990 257.932007	0.000 0.000 0.000
weapon_ttt_glock	3038.000000 1542.000000 386.000000	0.000 0.000 -0.500
weapon_ttt_glock	147.175003 2526.000000 301.000000	0.000 0.000 0.000
weapon_ttt_glock	2616.000000 1040.000000 132.000000	0.000 0.000 0.000
weapon_ttt_glock	2504.000000 -1424.000000 65.931702	0.000 0.000 -0.500
weapon_ttt_glock	1258.000000 -1130.000000 130.000000	0.000 0.000 -2.000
weapon_ttt_glock	-197.580994 734.489990 257.932007	0.000 0.000 0.000
weapon_ttt_glock	3038.000000 1542.000000 386.000000	0.000 0.000 -0.500
weapon_ttt_glock	147.175003 2526.000000 301.000000	0.000 0.000 0.000
weapon_ttt_glock	2616.000000 1040.000000 132.000000	0.000 0.000 0.000
weapon_ttt_glock	2504.000000 -1424.000000 65.931702	0.000 0.000 -0.500
weapon_zm_mac10	174.000000 8.000000 66.000000	0.035 270.999 -2.000
weapon_zm_mac10	470.000000 -1178.000000 134.000000	0.000 0.000 -1.500
weapon_zm_mac10	1009.000000 -842.000000 198.000000	0.000 0.000 -1.500
weapon_zm_mac10	1672.000000 36.000000 66.000000	0.000 0.000 89.500
weapon_zm_mac10	823.765991 752.000000 260.471008	0.000 0.000 0.000
weapon_zm_mac10	3000.070068 1554.420044 386.000000	0.000 0.000 89.500
weapon_zm_mac10	2604.000000 1288.000000 836.000000	0.000 0.000 -1.500
weapon_zm_mac10	3116.000000 1486.130005 612.000000	0.000 0.000 0.000
weapon_zm_mac10	628.739990 1931.969971 264.000000	0.000 30.000 0.000
weapon_zm_mac10	2614.000000 1072.000000 132.000000	0.000 0.000 0.000
weapon_zm_mac10	2939.000000 196.000000 125.000000	0.000 0.000 89.500
weapon_zm_mac10	3195.000000 -207.000000 376.000000	0.000 0.000 0.000
weapon_zm_mac10	605.000000 2619.429932 295.000000	0.000 0.000 0.000
weapon_zm_mac10	660.000000 -1044.640015 451.000000	1.000 270.009 -89.500
weapon_zm_mac10	1904.000000 -1336.000000 68.471199	0.000 0.000 -1.500
weapon_zm_mac10	174.000000 8.000000 66.000000	0.035 270.999 -2.000
weapon_zm_mac10	470.000000 -1178.000000 134.000000	0.000 0.000 -1.500
weapon_zm_mac10	1009.000000 -842.000000 198.000000	0.000 0.000 -1.500
weapon_zm_mac10	1672.000000 36.000000 66.000000	0.000 0.000 89.500
weapon_zm_mac10	823.765991 752.000000 260.471008	0.000 0.000 0.000
weapon_zm_mac10	3000.070068 1554.420044 386.000000	0.000 0.000 89.500
weapon_zm_mac10	2604.000000 1288.000000 836.000000	0.000 0.000 -1.500
weapon_zm_mac10	3116.000000 1486.130005 612.000000	0.000 0.000 0.000
weapon_zm_mac10	628.739990 1931.969971 264.000000	0.000 30.000 0.000
weapon_zm_mac10	2614.000000 1072.000000 132.000000	0.000 0.000 0.000
weapon_zm_mac10	2939.000000 196.000000 125.000000	0.000 0.000 89.500
weapon_zm_mac10	3195.000000 -207.000000 376.000000	0.000 0.000 0.000
weapon_zm_mac10	605.000000 2619.429932 295.000000	0.000 0.000 0.000
weapon_zm_mac10	660.000000 -1044.640015 451.000000	1.000 270.009 -89.500
weapon_zm_mac10	1904.000000 -1336.000000 68.471199	0.000 0.000 -1.500
weapon_zm_pistol	-128.000000 -104.000000 66.000000	-0.018 271.000 1.000
weapon_zm_pistol	-126.000000 -150.000000 66.000000	1.000 270.009 -89.500
weapon_zm_pistol	792.000000 -4.000000 66.000000	-0.044 270.999 2.500
weapon_zm_pistol	493.270996 -719.418030 66.723198	0.000 0.000 0.000
weapon_zm_pistol	489.933990 -743.598022 66.723198	0.000 0.000 0.000
weapon_zm_pistol	1629.709961 954.210999 258.722992	0.000 0.000 0.000
weapon_zm_pistol	1626.400024 1070.030029 258.722992	0.000 0.000 0.000
weapon_zm_pistol	1208.000000 190.000000 556.000000	0.000 0.000 0.000
weapon_zm_pistol	1621.890015 1621.959961 770.723022	0.000 0.000 0.000
weapon_zm_pistol	3710.340088 2390.000000 692.000000	0.000 0.000 0.000
weapon_zm_pistol	2386.000000 1210.000000 436.000000	0.000 272.000 0.000
weapon_zm_pistol	-368.000000 1936.000000 261.722992	0.000 0.000 0.000
weapon_zm_pistol	663.585022 2200.000000 301.988007	0.000 0.000 0.000
weapon_zm_pistol	390.048004 2465.320068 302.722992	0.000 0.000 0.000
weapon_zm_pistol	1192.000000 -116.000000 86.000000	0.000 90.500 0.000
weapon_zm_pistol	1321.540039 -307.036011 66.723198	0.000 0.000 0.000
weapon_zm_pistol	2514.000000 1403.319946 825.724976	0.000 0.000 0.000
weapon_zm_pistol	2845.000000 569.513977 373.000000	0.000 0.000 0.000
weapon_zm_pistol	2059.000000 -198.000000 98.000000	0.000 270.000 0.000
weapon_zm_pistol	3322.000000 1771.000000 517.372986	0.000 0.000 -15.500
weapon_zm_pistol	886.000000 -1068.000000 388.683014	1.000 270.009 -89.500
weapon_zm_pistol	3149.000000 -854.000000 322.000000	0.000 0.000 0.000
weapon_zm_pistol	-128.000000 -104.000000 66.000000	-0.018 271.000 1.000
weapon_zm_pistol	-126.000000 -150.000000 66.000000	1.000 270.009 -89.500
weapon_zm_pistol	792.000000 -4.000000 66.000000	-0.044 270.999 2.500
weapon_zm_pistol	493.270996 -719.418030 66.723198	0.000 0.000 0.000
weapon_zm_pistol	489.933990 -743.598022 66.723198	0.000 0.000 0.000
weapon_zm_pistol	1629.709961 954.210999 258.722992	0.000 0.000 0.000
weapon_zm_pistol	1626.400024 1070.030029 258.722992	0.000 0.000 0.000
weapon_zm_pistol	1208.000000 190.000000 556.000000	0.000 0.000 0.000
weapon_zm_pistol	1621.890015 1621.959961 770.723022	0.000 0.000 0.000
weapon_zm_pistol	3710.340088 2390.000000 692.000000	0.000 0.000 0.000
weapon_zm_pistol	2386.000000 1210.000000 436.000000	0.000 272.000 0.000
weapon_zm_pistol	-368.000000 1936.000000 261.722992	0.000 0.000 0.000
weapon_zm_pistol	663.585022 2200.000000 301.988007	0.000 0.000 0.000
weapon_zm_pistol	390.048004 2465.320068 302.722992	0.000 0.000 0.000
weapon_zm_pistol	1192.000000 -116.000000 86.000000	0.000 90.500 0.000
weapon_zm_pistol	1321.540039 -307.036011 66.723198	0.000 0.000 0.000
weapon_zm_pistol	2514.000000 1403.319946 825.724976	0.000 0.000 0.000
weapon_zm_pistol	2845.000000 569.513977 373.000000	0.000 0.000 0.000
weapon_zm_pistol	2059.000000 -198.000000 98.000000	0.000 270.000 0.000
weapon_zm_pistol	3322.000000 1771.000000 517.372986	0.000 0.000 -15.500
weapon_zm_pistol	886.000000 -1068.000000 388.683014	1.000 270.009 -89.500
weapon_zm_pistol	3149.000000 -854.000000 322.000000	0.000 0.000 0.000
weapon_ttt_confgrenade	752.000000 204.000000 200.000000	0.000 0.000 0.000
weapon_ttt_confgrenade	384.171997 2395.620117 304.487000	0.000 0.000 0.000
weapon_ttt_confgrenade	296.000000 2200.000000 303.752014	0.000 0.000 0.000
weapon_ttt_confgrenade	1313.469971 739.607971 259.487000	0.000 0.000 0.000
weapon_ttt_confgrenade	3792.000000 2224.649902 644.487000	0.000 0.000 0.000
weapon_ttt_confgrenade	2983.000000 1555.000000 388.487000	0.000 0.000 0.000
weapon_ttt_confgrenade	2066.260010 29.344700 389.487000	0.000 0.000 0.000
weapon_ttt_confgrenade	736.000000 -1244.000000 580.487000	0.000 0.000 0.000
weapon_ttt_confgrenade	-704.309021 -12.949000 -185.513000	0.000 0.000 0.000
weapon_ttt_confgrenade	1300.000000 2460.000000 772.487000	0.000 0.000 0.000
weapon_ttt_confgrenade	1062.510010 -278.140991 68.487099	0.000 0.000 0.000
weapon_ttt_confgrenade	594.000000 30.000000 68.000000	0.000 0.000 0.000
weapon_ttt_confgrenade	1322.000000 242.000000 165.000000	0.000 0.000 0.000
weapon_ttt_confgrenade	2740.000000 1356.000000 1156.000000	0.000 270.000 0.000
weapon_ttt_confgrenade	2416.000000 1460.000000 1286.000000	0.000 270.500 0.000
weapon_ttt_confgrenade	3205.000000 -23.000000 683.000000	0.000 0.000 89.500
weapon_ttt_confgrenade	1824.000000 144.000000 100.013000	0.000 0.000 0.000
weapon_ttt_confgrenade	2150.000000 -328.000000 74.372902	0.000 180.000 0.000
weapon_ttt_confgrenade	3706.659912 1843.489990 515.487000	0.000 0.000 0.000
weapon_ttt_confgrenade	3924.000000 1808.000000 387.487000	0.000 0.000 0.000
weapon_ttt_confgrenade	2560.000000 -1424.000000 67.487099	0.000 0.000 0.000
weapon_ttt_confgrenade	2971.360107 -1018.929993 739.487000	0.000 0.000 0.000
weapon_ttt_confgrenade	2976.000000 -1600.000000 324.734985	0.000 0.000 0.000
weapon_ttt_confgrenade	2992.000000 -1376.000000 1091.489990	0.000 0.000 0.000
weapon_ttt_confgrenade	1135.000000 -1241.000000 67.487099	0.000 0.000 0.000
weapon_ttt_confgrenade	752.000000 204.000000 200.000000	0.000 0.000 0.000
weapon_ttt_confgrenade	384.171997 2395.620117 304.487000	0.000 0.000 0.000
weapon_ttt_confgrenade	296.000000 2200.000000 303.752014	0.000 0.000 0.000
weapon_ttt_confgrenade	1313.469971 739.607971 259.487000	0.000 0.000 0.000
weapon_ttt_confgrenade	3792.000000 2224.649902 644.487000	0.000 0.000 0.000
weapon_ttt_confgrenade	2983.000000 1555.000000 388.487000	0.000 0.000 0.000
weapon_ttt_confgrenade	2066.260010 29.344700 389.487000	0.000 0.000 0.000
weapon_ttt_confgrenade	736.000000 -1244.000000 580.487000	0.000 0.000 0.000
weapon_ttt_confgrenade	-704.309021 -12.949000 -185.513000	0.000 0.000 0.000
weapon_ttt_confgrenade	1300.000000 2460.000000 772.487000	0.000 0.000 0.000
weapon_ttt_confgrenade	1062.510010 -278.140991 68.487099	0.000 0.000 0.000
weapon_ttt_confgrenade	594.000000 30.000000 68.000000	0.000 0.000 0.000
weapon_ttt_confgrenade	1322.000000 242.000000 165.000000	0.000 0.000 0.000
weapon_ttt_confgrenade	2740.000000 1356.000000 1156.000000	0.000 270.000 0.000
weapon_ttt_confgrenade	2416.000000 1460.000000 1286.000000	0.000 270.500 0.000
weapon_ttt_confgrenade	3205.000000 -23.000000 683.000000	0.000 0.000 89.500
weapon_ttt_confgrenade	1824.000000 144.000000 100.013000	0.000 0.000 0.000
weapon_ttt_confgrenade	2150.000000 -328.000000 74.372902	0.000 180.000 0.000
weapon_ttt_confgrenade	3706.659912 1843.489990 515.487000	0.000 0.000 0.000
weapon_ttt_confgrenade	3924.000000 1808.000000 387.487000	0.000 0.000 0.000
weapon_ttt_confgrenade	2560.000000 -1424.000000 67.487099	0.000 0.000 0.000
weapon_ttt_confgrenade	2971.360107 -1018.929993 739.487000	0.000 0.000 0.000
weapon_ttt_confgrenade	2976.000000 -1600.000000 324.734985	0.000 0.000 0.000
weapon_ttt_confgrenade	2992.000000 -1376.000000 1091.489990	0.000 0.000 0.000
weapon_ttt_confgrenade	1135.000000 -1241.000000 67.487099	0.000 0.000 0.000
weapon_zm_shotgun	856.000000 -12.000000 66.000000	-0.009 271.000 0.500
weapon_zm_shotgun	855.000000 -1306.000000 642.000000	0.000 0.000 90.000
weapon_zm_shotgun	855.000000 -1324.000000 642.000000	0.000 0.000 90.000
weapon_zm_shotgun	1013.000000 -866.000000 196.000000	0.000 0.000 -0.500
weapon_zm_shotgun	1930.459961 -227.733994 388.489014	0.000 0.000 0.000
weapon_zm_shotgun	314.994995 1388.000000 258.489014	0.000 0.000 0.000
weapon_zm_shotgun	3787.899902 1992.000000 707.489014	0.000 92.500 0.000
weapon_zm_shotgun	2449.510010 1032.000000 387.489014	0.000 0.000 0.000
weapon_zm_shotgun	-8.328990 2669.560059 262.489014	0.000 0.000 0.000
weapon_zm_shotgun	549.984985 2196.949951 302.753998	0.000 0.000 0.000
weapon_zm_shotgun	956.000000 20.000000 109.000000	0.000 0.000 0.000
weapon_zm_shotgun	2979.000000 -102.000000 113.000000	0.000 0.000 89.500
weapon_zm_shotgun	2526.000000 -119.000000 369.000000	0.000 0.000 0.000
weapon_zm_shotgun	1313.420044 2701.469971 521.372986	0.000 0.000 0.000
weapon_zm_shotgun	1273.000000 -1205.140015 68.000000	-0.500 270.004 0.500
weapon_zm_shotgun	3108.209961 -618.469971 66.598900	0.000 0.000 0.000
weapon_zm_shotgun	856.000000 -12.000000 66.000000	-0.009 271.000 0.500
weapon_zm_shotgun	855.000000 -1306.000000 642.000000	0.000 0.000 90.000
weapon_zm_shotgun	855.000000 -1324.000000 642.000000	0.000 0.000 90.000
weapon_zm_shotgun	1013.000000 -866.000000 196.000000	0.000 0.000 -0.500
weapon_zm_shotgun	1930.459961 -227.733994 388.489014	0.000 0.000 0.000
weapon_zm_shotgun	314.994995 1388.000000 258.489014	0.000 0.000 0.000
weapon_zm_shotgun	3787.899902 1992.000000 707.489014	0.000 92.500 0.000
weapon_zm_shotgun	2449.510010 1032.000000 387.489014	0.000 0.000 0.000
weapon_zm_shotgun	-8.328990 2669.560059 262.489014	0.000 0.000 0.000
weapon_zm_shotgun	549.984985 2196.949951 302.753998	0.000 0.000 0.000
weapon_zm_shotgun	956.000000 20.000000 109.000000	0.000 0.000 0.000
weapon_zm_shotgun	2979.000000 -102.000000 113.000000	0.000 0.000 89.500
weapon_zm_shotgun	2526.000000 -119.000000 369.000000	0.000 0.000 0.000
weapon_zm_shotgun	1313.420044 2701.469971 521.372986	0.000 0.000 0.000
weapon_zm_shotgun	1273.000000 -1205.140015 68.000000	-0.500 270.004 0.500
weapon_zm_shotgun	3108.209961 -618.469971 66.598900	0.000 0.000 0.000
weapon_zm_revolver	182.000000 70.000000 116.000000	0.000 271.000 0.000
weapon_zm_revolver	181.964996 58.000000 116.000000	0.000 271.000 0.000
weapon_zm_revolver	856.000000 -1110.000000 578.000000	-0.026 271.000 1.500
weapon_zm_revolver	866.000000 -1110.000000 578.000000	-0.026 271.000 1.500
weapon_zm_revolver	484.041992 -1263.280029 66.997902	0.000 0.000 0.000
weapon_zm_revolver	460.000000 -1264.000000 66.997902	0.000 0.000 0.000
weapon_zm_revolver	298.000000 -772.994019 178.000000	0.000 358.500 0.000
weapon_zm_revolver	-765.142029 -1029.790039 -125.001999	0.000 0.000 0.000
weapon_zm_revolver	1498.000000 18.000000 68.997902	0.000 0.000 0.000
weapon_zm_revolver	1367.859985 -14.235400 386.997986	0.000 0.000 0.000
weapon_zm_revolver	1982.000000 -198.000000 418.000000	0.000 0.000 91.500
weapon_zm_revolver	1966.000000 -178.000000 418.000000	0.000 320.500 91.500
weapon_zm_revolver	1622.369995 1704.660034 770.997986	0.000 0.000 0.000
weapon_zm_revolver	1817.920044 1746.160034 386.997986	0.000 0.000 0.000
weapon_zm_revolver	-369.319000 988.174011 258.997986	0.000 0.000 0.000
weapon_zm_revolver	2510.659912 1424.239990 826.000000	0.000 0.000 0.000
weapon_zm_revolver	3788.699951 2240.000000 642.997986	0.000 0.000 0.000
weapon_zm_revolver	3088.000000 1504.000000 612.000000	0.000 0.000 0.000
weapon_zm_revolver	1108.000000 2046.000000 386.997986	0.000 0.000 0.000
weapon_zm_revolver	534.000000 2627.860107 292.000000	0.000 0.000 0.000
weapon_zm_revolver	272.000000 2201.659912 302.263000	0.000 0.000 0.000
weapon_zm_revolver	3224.000000 2296.000000 306.000000	0.000 0.000 0.000
weapon_zm_revolver	800.000000 26.000000 107.000000	0.000 0.000 0.000
weapon_zm_revolver	589.517029 1965.900024 357.000000	0.000 30.000 0.000
weapon_zm_revolver	2324.000000 1288.000000 1324.000000	0.000 270.500 0.000
weapon_zm_revolver	2632.000000 -160.000000 160.000000	0.000 0.000 -0.500
weapon_zm_revolver	2481.000000 598.000000 499.000000	0.000 0.000 89.500
weapon_zm_revolver	1901.170044 -50.041401 108.000000	0.000 265.500 0.000
weapon_zm_revolver	-126.260002 2705.000000 259.997986	0.052 269.001 3.000
weapon_zm_revolver	3914.000000 1816.000000 387.000000	0.000 270.000 0.000
weapon_zm_revolver	896.000000 -1068.000000 388.683014	1.000 270.009 -89.500
weapon_zm_revolver	2674.000000 -896.000000 193.998001	0.000 0.000 0.000
weapon_zm_revolver	1316.000000 122.000000 138.000000	0.000 0.000 0.000
weapon_zm_revolver	2968.000000 -1372.000000 1090.000000	0.000 0.000 0.000
weapon_zm_revolver	322.473999 -759.840027 178.000000	0.000 268.500 0.000
weapon_zm_revolver	1066.000000 38.000000 83.000000	0.000 90.500 0.000
weapon_zm_revolver	-741.000000 -1.000000 -142.000000	0.000 0.000 0.000
weapon_zm_revolver	182.000000 70.000000 116.000000	0.000 271.000 0.000
weapon_zm_revolver	181.964996 58.000000 116.000000	0.000 271.000 0.000
weapon_zm_revolver	856.000000 -1110.000000 578.000000	-0.026 271.000 1.500
weapon_zm_revolver	866.000000 -1110.000000 578.000000	-0.026 271.000 1.500
weapon_zm_revolver	484.041992 -1263.280029 66.997902	0.000 0.000 0.000
weapon_zm_revolver	460.000000 -1264.000000 66.997902	0.000 0.000 0.000
weapon_zm_revolver	298.000000 -772.994019 178.000000	0.000 358.500 0.000
weapon_zm_revolver	-765.142029 -1029.790039 -125.001999	0.000 0.000 0.000
weapon_zm_revolver	1498.000000 18.000000 68.997902	0.000 0.000 0.000
weapon_zm_revolver	1367.859985 -14.235400 386.997986	0.000 0.000 0.000
weapon_zm_revolver	1982.000000 -198.000000 418.000000	0.000 0.000 91.500
weapon_zm_revolver	1966.000000 -178.000000 418.000000	0.000 320.500 91.500
weapon_zm_revolver	1622.369995 1704.660034 770.997986	0.000 0.000 0.000
weapon_zm_revolver	1817.920044 1746.160034 386.997986	0.000 0.000 0.000
weapon_zm_revolver	-369.319000 988.174011 258.997986	0.000 0.000 0.000
weapon_zm_revolver	2510.659912 1424.239990 826.000000	0.000 0.000 0.000
weapon_zm_revolver	3788.699951 2240.000000 642.997986	0.000 0.000 0.000
weapon_zm_revolver	3088.000000 1504.000000 612.000000	0.000 0.000 0.000
weapon_zm_revolver	1108.000000 2046.000000 386.997986	0.000 0.000 0.000
weapon_zm_revolver	534.000000 2627.860107 292.000000	0.000 0.000 0.000
weapon_zm_revolver	272.000000 2201.659912 302.263000	0.000 0.000 0.000
weapon_zm_revolver	3224.000000 2296.000000 306.000000	0.000 0.000 0.000
weapon_zm_revolver	800.000000 26.000000 107.000000	0.000 0.000 0.000
weapon_zm_revolver	589.517029 1965.900024 357.000000	0.000 30.000 0.000
weapon_zm_revolver	2324.000000 1288.000000 1324.000000	0.000 270.500 0.000
weapon_zm_revolver	2632.000000 -160.000000 160.000000	0.000 0.000 -0.500
weapon_zm_revolver	2481.000000 598.000000 499.000000	0.000 0.000 89.500
weapon_zm_revolver	1901.170044 -50.041401 108.000000	0.000 265.500 0.000
weapon_zm_revolver	-126.260002 2705.000000 259.997986	0.052 269.001 3.000
weapon_zm_revolver	3914.000000 1816.000000 387.000000	0.000 270.000 0.000
weapon_zm_revolver	896.000000 -1068.000000 388.683014	1.000 270.009 -89.500
weapon_zm_revolver	2674.000000 -896.000000 193.998001	0.000 0.000 0.000
weapon_zm_revolver	1316.000000 122.000000 138.000000	0.000 0.000 0.000
weapon_zm_revolver	2968.000000 -1372.000000 1090.000000	0.000 0.000 0.000
weapon_zm_revolver	322.473999 -759.840027 178.000000	0.000 268.500 0.000
weapon_zm_revolver	1066.000000 38.000000 83.000000	0.000 90.500 0.000
weapon_zm_revolver	-741.000000 -1.000000 -142.000000	0.000 0.000 0.000
