# Trouble in Terrorist Town weapon/ammo placement overrides
# For map: ttt_community_pool_overhaul_b3
# Exported by: Ahbiga
setting:	replacespawns 1
ttt_random_weapon	-594.280029 35.223999 113.916000	0.000 0.000 0.000
ttt_random_weapon	-687.085022 522.192017 106.404999	0.000 0.000 0.000
ttt_random_weapon	-511.644012 656.469971 106.404999	0.000 0.000 0.000
ttt_random_weapon	327.243988 -81.249802 73.372902	0.000 0.000 0.000
ttt_random_weapon	-177.182007 -70.982803 106.404999	0.000 0.000 0.000
ttt_random_weapon	-1185.359985 753.877014 113.373001	0.000 90.000 0.000
ttt_random_weapon	-1222.010010 957.335999 113.373001	0.000 90.000 0.000
ttt_random_weapon	-1097.479980 967.231995 113.373001	0.000 90.000 0.000
ttt_random_weapon	-1096.099976 1175.430054 113.373001	0.000 90.000 0.000
ttt_random_weapon	-1334.609985 1177.859985 113.373001	0.000 90.000 0.000
ttt_random_weapon	-1855.910034 983.151001 73.372902	0.000 90.000 0.000
ttt_random_weapon	-2142.350098 1000.489990 73.372902	0.000 90.000 0.000
ttt_random_weapon	-2148.739990 1281.239990 73.372902	0.000 90.000 0.000
ttt_random_weapon	-1733.180054 1478.619995 73.372902	0.000 90.000 0.000
ttt_random_weapon	-1799.469971 1478.880005 73.372902	0.000 90.000 0.000
ttt_random_weapon	-1066.290039 2185.350098 73.372902	0.000 90.000 0.000
ttt_random_weapon	-1378.670044 2170.520020 73.372902	0.000 90.000 0.000
ttt_random_weapon	-1326.569946 1793.949951 73.372902	0.000 90.000 0.000
ttt_random_weapon	-1587.829956 2451.040039 73.372902	0.000 90.000 0.000
ttt_random_weapon	-1586.140015 2352.540039 73.372902	0.000 90.000 0.000
ttt_random_weapon	-782.159973 2407.649902 73.372902	0.000 90.000 0.000
ttt_random_weapon	-762.195984 2808.510010 73.372902	0.000 90.000 0.000
ttt_random_weapon	-1626.349976 2599.760010 73.372902	0.000 90.000 0.000
ttt_random_weapon	-1630.250000 2659.469971 73.372902	0.000 90.000 0.000
ttt_random_weapon	-1629.030029 2719.610107 73.372902	0.000 90.000 0.000
ttt_random_weapon	-472.774994 1630.030029 73.372902	0.000 90.000 0.000
ttt_random_weapon	-470.334015 1477.420044 73.372902	0.000 90.000 0.000
ttt_random_weapon	-170.320007 1197.750000 -6.627100	0.000 90.000 0.000
ttt_random_weapon	-247.710999 1246.660034 -54.627102	0.000 90.000 0.000
ttt_random_weapon	-219.628998 872.698975 -54.627102	0.000 90.000 0.000
ttt_random_weapon	-208.737000 986.059998 -54.627102	0.000 90.000 0.000
ttt_random_weapon	824.517029 1434.709961 249.373001	0.000 90.000 0.000
ttt_random_weapon	726.539001 1633.890015 -6.627100	0.000 90.000 0.000
ttt_random_weapon	238.667999 1536.219971 -230.626999	0.000 90.000 0.000
ttt_random_weapon	852.177979 889.395996 121.373001	0.000 90.000 0.000
ttt_random_weapon	852.151978 1328.979980 121.373001	0.000 90.000 0.000
ttt_random_weapon	475.803009 731.924988 73.372902	0.000 90.000 0.000
ttt_random_weapon	329.028992 540.778015 73.372902	0.000 90.000 0.000
ttt_random_weapon	848.835999 515.328003 73.372902	0.000 90.000 0.000
ttt_random_weapon	613.408997 508.052002 73.372902	0.000 90.000 0.000
ttt_random_weapon	1186.189941 750.609985 113.373001	0.000 90.000 0.000
ttt_random_weapon	1305.280029 749.812988 113.373001	0.000 90.000 0.000
ttt_random_weapon	1499.119995 889.919006 113.373001	0.000 90.000 0.000
ttt_random_weapon	1355.619995 967.142029 113.373001	0.000 90.000 0.000
ttt_random_weapon	1224.550049 962.190002 113.373001	0.000 90.000 0.000
ttt_random_weapon	1232.810059 1175.640015 113.373001	0.000 90.000 0.000
ttt_random_weapon	1900.439941 1319.969971 73.372902	0.000 90.000 0.000
ttt_random_weapon	2249.219971 1284.160034 73.372902	0.000 90.000 0.000
ttt_random_weapon	2276.379883 1472.569946 73.372902	0.000 90.000 0.000
ttt_random_weapon	2282.270020 1100.729980 73.372902	0.000 90.000 0.000
ttt_random_weapon	2034.060059 1464.209961 73.372902	0.000 90.000 0.000
ttt_random_weapon	1503.829956 2166.489990 73.372902	0.000 90.000 0.000
ttt_random_weapon	1191.380005 2160.080078 73.372902	0.000 90.000 0.000
ttt_random_weapon	1199.760010 1859.770020 73.372902	0.000 90.000 0.000
ttt_random_weapon	-16.230600 745.039978 -822.627014	0.000 90.000 0.000
ttt_random_weapon	352.829987 808.153992 -822.627014	0.000 90.000 0.000
ttt_random_weapon	296.652008 780.250977 -822.627014	0.000 90.000 0.000
ttt_random_weapon	-1637.510010 1242.000000 -822.627014	0.000 90.000 0.000
ttt_random_weapon	-106.079445 -744.197266 65.234917	1.481 5.664 -93.500
ttt_random_weapon	-105.167801 -696.541199 65.216949	1.684 5.662 -93.035
ttt_random_weapon	-106.163300 -651.181824 65.218330	1.668 5.661 -93.070
ttt_random_weapon	-107.093491 -613.309448 65.227692	1.563 5.662 -93.313
ttt_random_weapon	-109.052551 -569.619690 65.199043	1.886 5.655 -92.572
ttt_random_weapon	-104.387138 -518.072632 65.208420	1.780 5.661 -92.814
ttt_random_weapon	-104.589020 -466.424500 65.212410	1.735 5.660 -92.917
ttt_random_weapon	-103.943718 -415.446045 65.201225	1.861 5.653 -92.628
ttt_random_weapon	281.091278 -772.192688 65.204697	1.822 4.825 -92.718
ttt_random_weapon	279.282318 -718.473938 65.224350	1.600 4.783 -93.226
ttt_random_weapon	289.284088 -672.681091 65.192116	1.964 5.625 -92.394
ttt_random_weapon	290.933197 -621.046387 65.204170	1.828 5.619 -92.705
ttt_random_weapon	288.082794 -566.195740 65.196983	1.909 5.623 -92.519
ttt_random_weapon	282.783905 -502.843048 65.183090	2.065 5.121 -92.161
ttt_random_weapon	288.445007 -446.303986 65.228088	1.558 5.595 -93.323
ttt_random_weapon	289.742981 -392.248627 65.209770	1.765 5.615 -92.849
ttt_random_weapon	-649.093384 56.523067 105.483452	1.633 4.704 -93.151
ttt_random_weapon	-549.974060 40.070255 105.489754	1.562 4.684 -93.314
ttt_random_weapon	864.830811 -3.573889 65.202751	1.844 4.714 -92.668
ttt_random_weapon	841.159851 -33.934334 65.227753	1.562 4.684 -93.314
ttt_random_weapon	653.240234 517.105652 65.210289	1.759 4.707 -92.862
ttt_random_weapon	721.439270 520.675720 65.223709	1.608 4.691 -93.210
ttt_random_weapon	785.697754 515.150269 65.193604	1.947 4.188 -92.432
ttt_random_weapon	-844.769287 105.268471 105.477005	1.705 4.702 -92.987
ttt_random_weapon	-837.965942 84.271446 105.477982	1.694 4.700 -93.012
ttt_random_weapon	-874.007996 149.652969 105.485291	1.611 4.686 -93.201
ttt_random_weapon	-1081.117310 -91.578400 105.473015	1.594 4.113 -93.063
ttt_random_weapon	-1056.256226 -36.564041 105.460335	1.893 4.717 -92.557
ttt_random_weapon	-1124.061768 280.065674 65.206062	1.807 4.711 -92.753
ttt_random_weapon	-1125.330444 304.974121 65.214088	1.716 4.703 -92.961
ttt_random_weapon	-1124.323975 336.615448 65.192871	1.955 4.720 -92.413
ttt_random_weapon	-887.473450 551.961731 65.209709	1.766 4.708 -92.848
ttt_random_weapon	-1347.443970 890.276184 105.204079	1.829 4.777 -92.702
ttt_random_weapon	-1449.086670 976.644592 65.199181	1.884 4.716 -92.576
ttt_random_weapon	-1446.961426 950.711487 65.221794	1.629 4.694 -93.160
ttt_random_weapon	-1443.226196 920.725403 65.202057	1.852 4.715 -92.650
ttt_random_weapon	-1442.216309 881.635315 65.208534	1.779 4.709 -92.817
ttt_random_weapon	-861.466614 1385.110718 65.203339	1.838 4.712 -92.683
ttt_random_weapon	-858.489380 1360.121216 65.227127	1.569 4.686 -93.298
ttt_random_weapon	-856.929260 1334.686768 65.219749	1.652 5.179 -93.107
ttt_random_weapon	-856.893738 1315.013550 65.220238	1.496 4.510 -93.292
ttt_random_weapon	-1948.315308 1489.660034 65.230064	1.536 4.681 -93.374
ttt_random_weapon	-1688.949341 1222.268799 65.203430	1.837 4.714 -92.685
ttt_random_weapon	-1684.483032 1250.599609 65.219299	1.658 4.697 -93.096
ttt_random_weapon	-1691.350464 1079.155396 65.214600	1.711 4.702 -92.974
ttt_random_weapon	-1687.991577 1048.704346 65.201355	1.860 4.715 -92.632
ttt_random_weapon	-1689.220703 1021.884521 65.232117	1.513 4.677 -93.427
ttt_random_weapon	-1300.788574 1796.927734 65.231377	1.521 4.679 -93.408
ttt_random_weapon	-1354.474609 1795.592163 65.200645	1.868 4.716 -92.613
ttt_random_weapon	-1355.205566 2166.228027 65.207924	1.786 4.709 -92.802
ttt_random_weapon	-1091.183960 2188.651855 65.230865	1.527 4.679 -93.395
ttt_random_weapon	-1272.948364 1514.725708 65.216568	1.688 4.700 -93.025
ttt_random_weapon	-1272.217651 1558.063232 65.234352	1.487 4.673 -93.485
ttt_random_weapon	-481.571716 1586.897339 65.231201	1.523 4.913 -93.404
ttt_random_weapon	-478.335388 1543.694946 65.201576	1.857 4.928 -92.638
ttt_random_weapon	-477.034393 1431.348633 65.228745	1.551 4.915 -93.340
ttt_random_weapon	-479.577972 1391.641846 65.197914	1.899 4.927 -92.543
ttt_random_weapon	-221.249146 935.306519 -62.794380	1.812 4.928 -92.742
ttt_random_weapon	-226.782593 1055.126709 -62.802086	1.899 4.927 -92.543
ttt_random_weapon	562.968323 1185.339233 -14.787863	1.738 4.926 -92.910
ttt_random_weapon	567.104675 1208.630493 -14.781044	1.661 4.633 -93.087
ttt_random_weapon	570.685974 1228.792969 -14.803332	1.913 3.911 -92.511
ttt_random_weapon	574.479065 1248.718384 -14.788917	1.690 4.563 -92.953
ttt_random_weapon	-349.446198 1532.630737 -222.083206	2.001 4.922 -92.308
ttt_random_weapon	-19.685364 1629.406128 145.216675	1.687 4.708 -93.028
ttt_random_weapon	693.741150 1965.242065 -228.732040	1.852 4.715 -92.650
ttt_random_weapon	54.718559 146.684525 89.223122	1.598 5.722 -93.294
ttt_random_weapon	59.072174 128.138458 89.188049	1.972 5.707 -92.526
ttt_random_weapon	1247.050781 286.385681 65.236961	1.458 4.668 -93.553
ttt_random_weapon	1252.940186 324.330200 65.211418	1.747 4.706 -92.892
ttt_random_weapon	1255.259521 357.504608 65.206696	1.800 4.711 -92.770
ttt_random_weapon	999.327637 535.606445 65.224792	1.595 4.689 -93.238
ttt_random_weapon	1024.559082 1345.051392 65.224792	1.595 4.689 -93.238
ttt_random_weapon	1027.355225 1374.191895 65.207314	1.793 4.710 -92.786
ttt_random_weapon	2060.985352 1466.033081 65.208534	1.779 4.709 -92.817
ttt_random_weapon	2104.191406 1465.064209 65.202057	1.852 4.715 -92.650
ttt_random_weapon	2150.668457 1463.633789 65.210854	1.753 4.706 -92.877
ttt_random_weapon	-1604.304321 2627.904785 65.230179	1.523 5.724 -93.449
ttt_random_weapon	-1603.189209 2698.076660 65.197266	1.874 5.711 -92.728
ttt_random_weapon	-1406.335571 1476.896484 -830.764832	1.478 4.973 -93.505
ttt_random_weapon	-1457.859741 1471.571045 -830.765442	1.485 4.975 -93.490
ttt_random_weapon	-1092.930420 1338.032471 -830.774902	1.592 4.986 -93.245
ttt_random_weapon	-1140.375244 1333.560791 -830.758301	1.404 4.960 -93.676
ttt_random_weapon	-557.220642 1657.619141 -1038.751587	1.431 4.874 -94.197
ttt_random_weapon	-560.778748 1699.764648 -1038.762817	1.455 4.907 -93.559
ttt_random_weapon	-560.260925 1682.162720 -1038.795654	1.826 4.929 -92.708
ttt_random_weapon	-32.582352 1242.232666 -1038.784790	1.703 4.926 -92.991
ttt_random_weapon	-57.776402 1205.471436 -1038.801392	1.890 4.927 -92.563
ttt_random_weapon	-47.013187 1172.887817 -1038.771606	1.554 4.916 -93.333
ttt_random_weapon	261.433685 1166.110229 -1038.799194	1.865 4.929 -92.620
ttt_random_weapon	255.314972 1208.599976 -1038.777344	1.619 4.921 -93.184
ttt_random_weapon	306.901031 1203.797363 -1038.786011	1.634 4.394 -93.055
ttt_random_weapon	-340.847961 1669.743896 -767.157104	0.844 4.295 -93.260
ttt_random_weapon	-714.508179 1156.697144 -830.760193	1.426 4.904 -93.626
ttt_random_weapon	-289.253906 1124.445557 -830.780518	1.656 4.923 -93.099
ttt_random_weapon	323.552856 767.521179 -830.789490	1.757 4.927 -92.867
ttt_random_weapon	259.581360 789.037598 -830.792480	1.791 4.928 -92.791
ttt_random_weapon	260.722260 746.426697 -830.771240	1.551 4.915 -93.340
ttt_random_weapon	-116.658752 592.038940 -830.782349	1.676 4.924 -93.053
ttt_random_weapon	-169.896957 590.830383 -830.773071	1.571 4.917 -93.292
ttt_random_weapon	863.573792 930.035583 113.209129	1.772 4.708 -92.832
ttt_random_weapon	864.755493 964.545105 113.197678	1.901 4.718 -92.537
ttt_random_weapon	866.502197 1004.358765 113.209129	1.772 4.708 -92.832
ttt_random_weapon	867.647827 1044.142090 113.204765	1.822 4.712 -92.720
ttt_random_weapon	6.323826 739.213318 65.204102	1.829 4.713 -92.703
ttt_random_weapon	69.805862 743.132507 65.228355	1.555 4.684 -93.330
ttt_random_weapon	132.813034 738.531433 65.209694	1.766 4.917 -92.847
ttt_random_weapon	-699.737915 2000.511108 -242.444397	2.834 4.331 -78.493
ttt_random_weapon	-685.697998 2026.814697 -238.659790	22.009 -17.710 -98.857
ttt_random_weapon	-656.239685 1987.931641 -242.837402	-5.846 -2.013 91.110
ttt_random_weapon	1169.671631 1877.603516 65.213570	1.722 4.703 -92.947
ttt_random_weapon	1218.027466 2156.382080 65.210289	1.759 4.707 -92.862
ttt_random_weapon	1462.556885 2152.801025 65.237610	1.450 4.667 -93.570
ttt_random_weapon	1490.437134 1894.411865 65.213570	1.722 4.703 -92.947
ttt_random_weapon	1532.352661 1895.218384 65.225143	1.591 4.689 -93.247
ttt_random_weapon	1670.950073 1390.141113 65.212509	1.734 4.705 -92.920
weapon_ttt_knife	-1597.000000 1596.000000 -560.000000	0.000 90.000 0.000
item_ammo_pistol_ttt	347.151978 -1131.501831 64.447029	-0.045 -0.020 -0.014
item_ammo_pistol_ttt	330.261963 -1128.264771 64.435814	-0.055 -0.020 -0.017
item_ammo_pistol_ttt	348.329803 -1108.123901 64.445442	-0.047 -0.020 -0.014
item_ammo_pistol_ttt	-164.278137 -1086.019531 64.360710	-0.121 -0.019 -0.036
item_ammo_pistol_ttt	-151.815887 -1080.353516 64.320290	-0.156 -0.017 -0.047
item_ammo_pistol_ttt	-142.910416 -1097.469849 64.422157	-0.067 -0.020 -0.020
item_ammo_pistol_ttt	-1498.180664 124.881866 64.413948	-0.493 0.024 0.331
item_ammo_pistol_ttt	-1482.640137 119.784073 64.595207	-4.174 0.143 -0.249
item_ammo_pistol_ttt	-1465.286499 117.167694 64.770470	-0.347 -0.224 2.483
item_ammo_pistol_ttt	-1548.979004 1683.364868 64.364815	-0.117 -0.019 -0.035
item_ammo_pistol_ttt	-1535.166992 1685.216431 64.374557	-0.108 -0.020 -0.033
item_ammo_pistol_ttt	-1521.380371 1685.920898 64.328194	-0.149 -0.018 -0.045
item_ammo_pistol_ttt	554.744080 1121.395996 -15.652388	-0.132 -0.019 -0.040
item_ammo_pistol_ttt	552.735962 1100.004272 -15.585941	-0.717 -0.498 -0.172
item_ammo_pistol_ttt	540.372192 1108.020752 -15.604850	-0.090 -0.020 -0.027
item_ammo_pistol_ttt	1999.399658 1234.454834 64.401222	-0.085 -0.020 -0.026
item_ammo_pistol_ttt	2010.481934 1236.642700 64.387024	-0.098 -0.020 -0.030
item_ammo_pistol_ttt	-1408.975220 2502.433105 64.425278	1.155 0.059 -0.104
item_ammo_pistol_ttt	-1429.860352 2500.281738 64.419807	-0.069 -0.020 -0.021
item_ammo_pistol_ttt	-1286.766846 1324.181152 -831.551636	1.759 0.172 0.242
item_ammo_pistol_ttt	-1272.121704 1324.764893 -831.541260	-0.286 0.238 -0.346
item_ammo_pistol_ttt	666.009277 848.535339 112.411011	-0.077 -0.020 -0.023
item_ammo_pistol_ttt	652.650391 841.388855 112.412491	-0.436 0.047 -0.109
item_ammo_pistol_ttt	1670.536377 1481.652344 64.406944	-0.080 -0.020 -0.024
item_ammo_pistol_ttt	1653.246460 1481.415527 64.393562	-0.190 -0.025 -0.084
item_ammo_pistol_ttt	1671.254761 1515.509521 64.356461	-0.124 -0.019 -0.038
weapon_ttt_confgrenade	434.975952 -107.026474 67.531738	1.715 0.236 -0.715
weapon_ttt_confgrenade	417.243866 -101.306198 67.554161	1.388 0.225 -0.579
weapon_ttt_confgrenade	422.849091 -85.263603 67.535248	1.664 0.232 -0.694
weapon_ttt_confgrenade	-1509.506958 98.281509 67.509010	1.844 0.260 1.621
weapon_ttt_confgrenade	-1511.123901 88.491348 67.548897	1.322 0.214 1.162
weapon_ttt_confgrenade	-1813.601196 1335.571533 67.513283	1.793 0.252 1.560
weapon_ttt_confgrenade	-1812.063477 1350.722534 67.541039	1.430 0.223 1.244
weapon_ttt_confgrenade	-636.293091 1134.686157 -60.478626	1.692 0.237 1.456
weapon_ttt_confgrenade	-636.046082 1144.335083 -60.480579	1.719 0.236 1.478
weapon_ttt_confgrenade	-637.385498 1156.438110 -60.427177	1.012 0.212 0.870
weapon_ttt_confgrenade	2139.987793 982.910217 67.497063	2.218 0.191 -0.925
weapon_ttt_confgrenade	2148.262695 974.153198 67.516563	1.935 0.226 -0.807
weapon_ttt_confgrenade	-1281.056152 1485.433350 -828.513062	2.384 0.275 -0.984
weapon_ttt_confgrenade	-1263.857666 1486.573975 -828.503357	2.246 0.224 -0.929
weapon_ttt_confgrenade	642.367798 1098.097412 148.279816	0.190 -0.675 -1.664
weapon_ttt_ak47	-120.708763 -86.711258 64.920822	0.050 3.715 -87.921
weapon_ttt_ak47	-1229.435303 159.312225 64.859093	0.177 11.252 -87.186
weapon_ttt_ak47	-1684.074585 1188.038696 64.878670	0.151 10.039 -87.416
weapon_ttt_ak47	-538.557983 1263.984131 169.494888	0.096 10.885 -89.910
weapon_ttt_ak47	872.815735 1685.655151 25.390354	0.033 13.304 -87.827
weapon_ttt_ak47	-539.045044 1438.254761 -1039.141724	0.180 11.848 -87.196
weapon_ttt_ak47	875.888245 618.307190 64.867409	-0.000 10.503 -87.488
weapon_ttt_smokegrenade	270.359131 -126.249382 68.605614	2.251 -0.127 -2.338
weapon_ttt_smokegrenade	254.180252 -136.000854 68.516235	0.376 0.003 -0.074
weapon_ttt_smokegrenade	252.357544 -113.702324 68.613533	1.982 -0.120 -2.049
weapon_ttt_smokegrenade	-1503.503418 92.213432 68.620522	1.751 -0.118 -1.797
weapon_ttt_smokegrenade	-1813.065918 1290.796265 68.531487	0.991 0.012 -0.778
weapon_ttt_smokegrenade	-1811.928467 1306.253662 68.577606	3.043 -0.137 -3.167
weapon_ttt_smokegrenade	-636.761780 1100.518311 -59.463238	2.382 -0.004 -2.295
weapon_ttt_smokegrenade	-636.052551 1116.555176 -59.470211	0.859 0.012 -0.603
weapon_ttt_smokegrenade	-612.201416 1097.354248 -59.474361	0.634 0.009 -0.346
weapon_ttt_smokegrenade	2134.510010 964.992371 68.630630	1.500 -0.114 -1.551
weapon_ttt_smokegrenade	2122.916992 968.724854 68.629173	1.510 -0.114 -1.556
weapon_ttt_smokegrenade	-1234.487183 1484.974609 -827.352600	0.931 -0.107 -0.946
weapon_ttt_smokegrenade	-1217.881836 1485.947876 -827.414795	2.751 -0.135 -2.833
weapon_ttt_smokegrenade	636.227600 1081.238525 149.280029	1.222 0.012 -0.947
ttt_playerspawn	134.007263 -1311.995361 65.653427	-0.068 -0.000 0.068
ttt_playerspawn	151.276276 -1451.673218 68.093925	-0.055 0.471 0.055
ttt_playerspawn	69.134224 -1550.234619 67.059799	-0.090 0.919 0.090
ttt_playerspawn	-31.075050 -1530.154663 66.505188	-0.076 0.264 0.076
ttt_playerspawn	27.758484 -1434.090210 66.029709	-0.027 0.132 0.027
ttt_playerspawn	25.015327 -1334.422852 66.711983	-0.055 0.264 0.055
ttt_playerspawn	-74.954338 -1312.984131 67.084900	-0.072 -0.000 0.072
ttt_playerspawn	39.095963 -1252.928955 67.450127	-0.063 -0.000 0.063
ttt_playerspawn	-631.707581 244.980453 67.325096	-0.082 -0.132 0.082
ttt_playerspawn	-601.709351 364.618011 66.672211	-0.068 -0.000 0.068
ttt_playerspawn	-530.481750 292.412048 66.689163	-0.046 -0.000 0.046
ttt_playerspawn	-457.726868 313.665314 66.228119	-0.036 1.182 0.036
ttt_playerspawn	-494.992462 180.483688 67.619576	-0.063 -0.132 0.063
ttt_playerspawn	489.976288 1318.179810 -15.481426	-0.080 -0.000 0.080
ttt_playerspawn	525.484497 1238.751343 -15.466937	-0.065 -0.000 0.065
ttt_playerspawn	507.291779 1126.164551 -15.454210	-0.053 -0.000 0.053
ttt_playerspawn	416.518188 1215.923218 -15.426790	-0.095 -0.051 -0.010
ttt_playerspawn	323.270447 1250.459351 -15.461151	-0.060 -0.000 0.060
ttt_playerspawn	2101.746826 1268.518921 65.643906	0.000 0.936 -0.138
ttt_playerspawn	2154.955078 1131.578369 66.526100	-0.050 0.528 0.050
ttt_playerspawn	2067.088867 1152.343506 66.174133	-0.069 -0.132 0.069
ttt_playerspawn	-1230.851685 2715.531494 68.851357	-0.010 0.132 0.010
ttt_playerspawn	-1089.302124 2768.891113 69.328865	-0.015 -0.000 0.015
ttt_playerspawn	-1139.703003 2667.932373 70.462074	-0.012 0.132 0.012
ttt_playerspawn	-1151.250244 2565.584717 68.887550	-0.004 -0.000 0.004
ttt_playerspawn	766.708374 1059.539551 114.387184	-0.030 -0.000 0.030
ttt_playerspawn	786.524780 931.155579 114.357315	-0.075 0.131 0.075
ttt_playerspawn	709.083435 973.437256 114.587326	-0.055 -0.132 0.055
ttt_playerspawn	618.124756 290.336853 67.093559	0.076 0.264 -0.076
ttt_playerspawn	683.481262 195.298111 66.785072	-0.030 0.132 0.030
ttt_playerspawn	589.107361 136.424377 66.074234	-0.093 -0.000 0.093
ttt_playerspawn	501.350677 215.617874 69.228516	-0.032 0.132 0.032
ttt_playerspawn	387.264679 125.176262 66.064751	-0.071 -0.132 0.071
ttt_playerspawn	-659.125244 1455.337646 65.876862	-0.086 -0.000 0.086
ttt_playerspawn	-701.846252 1542.836670 66.648605	-0.075 0.264 0.075
ttt_playerspawn	-598.252075 1549.127930 65.893127	-0.029 -0.396 0.028
weapon_zm_molotov	342.610107 -115.335754 68.592911	2.552 -0.131 -2.642
weapon_zm_molotov	309.687866 -110.782616 68.523201	0.544 0.007 -0.272
weapon_zm_molotov	356.400970 -98.444351 68.555191	3.551 -0.098 -3.683
weapon_zm_molotov	-1512.620605 83.443687 68.580467	2.877 -0.130 -2.965
weapon_zm_molotov	-1059.204102 768.492920 108.590553	2.637 -0.128 -2.730
weapon_zm_molotov	-1810.547485 1377.558228 68.587090	2.779 -0.136 -2.891
weapon_zm_molotov	-1808.350342 1390.174194 68.599335	2.364 -0.128 -2.443
weapon_zm_molotov	-633.108215 1168.452148 -59.501270	0.254 0.002 0.128
weapon_zm_molotov	-630.606934 1178.836060 -59.485935	0.358 0.002 -0.020
weapon_zm_molotov	-601.949036 1174.273071 -59.408863	2.658 -0.129 -2.746
weapon_zm_molotov	2156.608398 968.792786 68.529564	0.848 0.012 -0.618
weapon_zm_molotov	2143.615479 961.333252 68.575920	3.089 -0.128 -3.216
weapon_zm_molotov	-1296.584595 2566.014648 120.076263	-0.158 -2.240 -6.204
weapon_zm_molotov	-1311.113037 1485.670288 -827.343933	0.662 -0.105 -0.668
weapon_zm_molotov	-1326.570435 1485.041870 -827.416321	2.792 -0.136 -2.876
weapon_zm_molotov	653.915222 1080.714478 149.401550	0.855 -0.102 -0.865
item_ammo_smg1_ttt	-155.196335 -1116.214600 64.513046	-0.292 0.012 -0.250
item_ammo_smg1_ttt	-132.041382 -1125.187866 64.525902	-0.214 0.016 -0.182
item_ammo_smg1_ttt	-152.880875 -1156.096802 64.509560	-0.363 0.011 -0.300
item_ammo_smg1_ttt	-126.110870 -117.813087 64.513527	-0.852 0.314 -0.228
item_ammo_smg1_ttt	-101.220428 -117.573181 64.521530	-0.906 0.369 -0.318
item_ammo_smg1_ttt	-1170.521729 146.153610 64.551903	-0.547 -1.444 -0.287
item_ammo_smg1_ttt	-1136.324219 147.388000 64.525703	-0.548 -0.839 -0.107
item_ammo_smg1_ttt	-1562.940796 88.225906 67.664520	-3.377 0.271 -4.250
item_ammo_smg1_ttt	-1586.807495 119.164589 66.682198	7.542 -0.196 -0.639
item_ammo_smg1_ttt	-1675.035522 1149.983643 64.432594	0.833 -0.001 0.547
item_ammo_smg1_ttt	-1674.927368 1125.854004 64.499359	-0.853 0.013 -0.639
item_ammo_smg1_ttt	-1553.402588 1486.900513 64.426506	-0.598 0.003 0.389
item_ammo_smg1_ttt	-1529.892700 1482.743042 64.513130	0.275 -0.012 -0.238
item_ammo_smg1_ttt	-1511.456177 1482.135010 64.396790	-0.136 0.005 0.079
item_ammo_smg1_ttt	-519.832947 1261.321899 168.894180	-0.391 0.013 -0.299
item_ammo_smg1_ttt	-542.421326 1248.609375 168.796188	0.018 0.030 0.002
item_ammo_smg1_ttt	533.429749 1026.914917 -15.584248	0.338 -0.005 0.215
item_ammo_smg1_ttt	544.154907 1057.313965 -15.593446	0.212 -0.005 0.130
item_ammo_smg1_ttt	859.802063 1639.514893 48.760132	-0.149 -0.006 -0.085
item_ammo_smg1_ttt	882.158997 1638.428711 48.856571	0.826 0.012 0.614
item_ammo_smg1_ttt	872.814453 1616.032837 48.800301	-0.019 0.057 -0.041
item_ammo_smg1_ttt	1070.613037 750.109192 104.512276	-0.287 0.012 -0.246
item_ammo_smg1_ttt	1799.828613 956.385193 64.540916	-0.130 0.018 -0.111
item_ammo_smg1_ttt	1801.818115 981.286865 64.428566	0.662 -0.003 0.432
item_ammo_smg1_ttt	-1362.815308 2471.316162 64.514267	-0.283 0.012 -0.242
item_ammo_smg1_ttt	-1383.758667 2467.934814 64.437073	1.088 0.001 0.717
item_ammo_smg1_ttt	-577.867126 1427.198608 -1039.575562	0.536 -0.004 0.348
item_ammo_smg1_ttt	-573.405579 1463.948120 -1039.468384	-0.183 0.017 -0.158
item_ammo_smg1_ttt	691.018188 842.062866 112.532982	0.166 0.015 0.097
item_ammo_smg1_ttt	722.000732 842.259705 112.512474	-0.957 0.477 -0.290
item_ammo_smg1_ttt	889.823120 666.268677 64.514648	-0.737 -0.135 -0.158
item_ammo_smg1_ttt	889.922119 719.614014 64.510086	-0.681 -0.382 -0.090
item_ammo_smg1_ttt	1678.715820 1681.299561 64.437042	1.110 0.002 0.731
item_ammo_smg1_ttt	1655.396729 1679.740234 64.406555	0.214 -0.005 0.132
weapon_ttt_glock	358.986206 -1106.582397 83.031670	3.616 31.284 93.498
weapon_ttt_glock	359.949585 -1117.826538 82.947533	3.677 31.286 93.445
weapon_ttt_glock	-190.877136 -1080.097046 82.355042	-5.225 24.746 89.028
weapon_ttt_glock	-192.430267 -1092.020996 82.211113	-5.125 25.676 88.537
weapon_ttt_glock	-1501.891479 161.999771 67.127754	11.529 -30.942 -87.907
weapon_ttt_glock	-1471.600830 154.727554 67.893471	32.090 1.617 8.064
weapon_ttt_glock	-1584.881104 1675.259033 65.110802	-0.688 25.625 91.331
weapon_ttt_glock	-1571.369385 1684.832764 65.107109	-0.467 25.641 90.875
weapon_ttt_glock	573.205505 1113.744751 8.576937	-0.650 26.525 90.748
weapon_ttt_glock	570.286316 1093.480347 8.596437	0.994 33.902 90.694
weapon_ttt_glock	1980.622803 1233.931152 65.112785	-0.807 25.596 91.576
weapon_ttt_glock	-1324.310059 2492.926758 65.112000	-0.749 25.434 91.476
weapon_ttt_glock	-1320.448364 2473.842285 65.109711	-0.614 25.449 91.193
weapon_ttt_glock	-1330.999512 1325.388428 -830.891418	-0.548 25.454 91.054
weapon_ttt_glock	-1311.419678 1323.050781 -830.889038	-0.685 25.442 91.340
weapon_ttt_glock	563.957214 850.302673 113.112175	-0.770 25.609 91.501
weapon_ttt_glock	1705.844238 1500.861694 65.106499	-0.431 25.641 90.800
weapon_ttt_glock	1695.436035 1487.336670 65.112320	-0.779 25.609 91.519
ttt_random_ammo	466.542999 427.565002 148.828995	0.000 0.000 0.000
ttt_random_ammo	354.097992 430.941010 148.828995	0.000 0.000 0.000
ttt_random_ammo	-223.869995 421.251007 148.828003	0.000 0.000 0.000
ttt_random_ammo	-349.957001 423.053009 148.828995	0.000 0.000 0.000
ttt_random_ammo	-286.895996 -47.751999 97.032997	0.000 0.000 0.000
ttt_random_ammo	-530.924011 -88.344803 104.825996	0.000 0.000 0.000
ttt_random_ammo	-0.416138 800.789978 -791.762024	0.000 90.000 0.000
ttt_random_ammo	-1998.020020 1491.530029 64.000603	0.000 0.000 0.000
ttt_random_ammo	-140.303558 -364.801178 64.439445	1.081 0.028 1.298
ttt_random_ammo	-134.089371 -340.897827 64.380997	0.182 0.001 0.164
ttt_random_ammo	-108.882172 -371.288483 64.355392	0.055 0.000 -0.004
ttt_random_ammo	-125.877075 -393.611328 64.351151	0.050 0.000 -0.011
ttt_random_ammo	-99.639374 -391.173187 64.365387	0.073 0.000 0.024
ttt_random_ammo	-75.035522 -369.509216 64.390251	0.471 0.003 0.518
ttt_random_ammo	-94.792999 -356.811371 64.358505	-0.002 0.113 0.137
ttt_random_ammo	-92.428207 -330.185852 64.339989	0.047 0.000 -0.023
ttt_random_ammo	-67.219566 -345.277344 64.386711	0.312 0.002 0.323
ttt_random_ammo	-122.798515 -320.977386 64.361488	0.064 0.000 0.011
ttt_random_ammo	-125.045036 -292.473663 64.386787	0.294 0.001 0.303
ttt_random_ammo	-104.476524 -277.222046 64.379471	0.157 0.001 0.133
ttt_random_ammo	-99.741127 -312.364014 64.342262	0.046 -0.000 0.021
ttt_random_ammo	-74.835236 -325.724182 64.376175	0.136 0.000 0.103
ttt_random_ammo	-66.134926 -295.571014 64.337631	0.047 0.000 -0.025
ttt_random_ammo	323.976868 -330.472015 64.339928	0.046 0.000 -0.023
ttt_random_ammo	297.139526 -293.160797 64.463989	0.599 0.021 0.718
ttt_random_ammo	315.737823 -305.421051 64.348976	0.049 0.000 -0.014
ttt_random_ammo	282.066193 -322.832092 64.330353	0.046 0.000 -0.029
ttt_random_ammo	299.782501 -358.644348 64.337570	0.045 0.000 -0.024
ttt_random_ammo	268.473145 -354.441193 64.385406	0.270 0.001 0.271
ttt_random_ammo	298.614594 -334.279907 64.376167	0.129 0.000 0.097
ttt_random_ammo	275.493958 -296.277222 64.445122	1.090 0.028 1.322
ttt_random_ammo	254.662674 -311.109772 64.385109	0.279 -0.001 -0.282
ttt_random_ammo	252.440369 -337.039886 64.330353	0.046 0.000 -0.029
ttt_random_ammo	-169.221329 427.232361 64.335991	-0.047 -0.000 -0.027
ttt_random_ammo	-134.689209 432.875519 64.378319	-0.136 -0.000 0.103
ttt_random_ammo	-102.109467 427.011414 64.447830	-1.411 -0.032 1.700
ttt_random_ammo	-129.026291 401.691284 64.360550	-0.064 -0.000 0.007
ttt_random_ammo	-293.311310 441.945679 64.352043	-0.053 -0.000 -0.011
ttt_random_ammo	-262.963867 422.238831 64.335991	-0.047 -0.000 -0.027
ttt_random_ammo	-286.487061 408.019867 64.328598	-0.047 -0.000 -0.031
ttt_random_ammo	-652.729248 524.033508 64.391281	0.540 0.004 0.602
ttt_random_ammo	-637.583923 537.640076 64.437073	1.292 0.032 1.570
ttt_random_ammo	-637.955933 509.066864 64.446686	1.078 0.028 1.309
ttt_random_ammo	-541.079834 677.996948 64.444901	-1.664 -0.036 2.018
ttt_random_ammo	-543.317322 645.681091 64.332848	0.047 -0.000 0.028
ttt_random_ammo	-564.164429 671.851196 64.378326	-0.137 -0.000 0.104
ttt_random_ammo	-544.638672 701.557251 64.378311	-0.135 -0.000 0.102
ttt_random_ammo	-571.325562 647.254517 64.328598	-0.047 -0.000 -0.031
ttt_random_ammo	-592.445496 30.362564 75.833611	0.191 0.001 0.174
ttt_random_ammo	-627.516602 24.656399 75.927223	0.448 -0.002 0.317
ttt_random_ammo	-607.043762 47.674007 75.835030	0.214 0.001 0.203
ttt_random_ammo	-519.783997 22.281013 75.834946	0.178 0.001 0.157
ttt_random_ammo	-552.450256 32.507416 75.817154	0.069 0.000 0.017
ttt_random_ammo	-546.564819 50.366951 75.878838	1.315 0.033 1.578
ttt_random_ammo	-664.633118 22.909416 75.873177	1.468 0.035 1.766
ttt_random_ammo	-695.121521 35.165676 75.869408	1.589 0.042 1.916
ttt_random_ammo	-678.007080 55.619911 75.790489	0.046 0.000 -0.026
ttt_random_ammo	-752.850098 28.854610 75.821831	1.244 0.016 1.342
ttt_random_ammo	-716.291870 30.370232 75.837723	0.272 0.001 0.275
ttt_random_ammo	-726.700745 50.529778 75.841187	0.415 0.003 0.450
ttt_random_ammo	862.320618 -53.379887 64.322739	0.047 0.000 -0.033
ttt_random_ammo	867.694214 -88.074577 64.325317	0.047 0.000 -0.032
ttt_random_ammo	844.403198 -82.798141 64.346832	0.050 0.000 -0.017
ttt_random_ammo	838.825134 -55.851070 64.456902	0.846 0.024 1.026
ttt_random_ammo	857.617249 -67.910965 64.342308	0.048 0.000 -0.022
ttt_random_ammo	829.382629 -72.020226 64.448349	1.014 -0.027 -1.231
ttt_random_ammo	858.839417 465.841400 64.374428	0.121 -0.000 -0.084
ttt_random_ammo	859.458618 434.120300 64.327888	0.047 -0.000 0.031
ttt_random_ammo	860.301697 409.213989 64.357513	0.060 0.000 0.001
ttt_random_ammo	841.112793 422.067535 64.365402	0.077 -0.000 -0.026
ttt_random_ammo	843.559082 443.705261 64.361542	0.067 0.000 0.012
ttt_random_ammo	243.034515 428.272461 64.389740	-0.279 -0.001 0.282
ttt_random_ammo	289.875366 432.880005 64.362602	-0.067 -0.000 0.012
ttt_random_ammo	268.783813 417.519257 64.374504	-0.112 -0.000 0.072
ttt_random_ammo	286.194580 402.686554 64.404297	-0.722 -0.007 0.824
ttt_random_ammo	254.413788 401.150909 64.462952	-1.151 -0.029 1.401
ttt_random_ammo	-918.429260 163.658646 75.797050	0.047 0.000 -0.021
ttt_random_ammo	-888.415283 174.797638 75.827400	0.121 0.000 0.085
ttt_random_ammo	-896.844421 145.839645 75.815201	0.066 0.000 0.012
ttt_random_ammo	-918.374756 139.290390 75.811401	0.059 0.000 0.001
ttt_random_ammo	-970.724731 164.068604 75.817047	0.071 0.000 0.019
ttt_random_ammo	-945.143860 176.611038 75.768456	0.047 0.000 -0.036
ttt_random_ammo	-952.135864 142.957626 75.881729	1.235 0.031 1.480
ttt_random_ammo	-937.479187 140.206192 75.803398	0.050 0.000 -0.014
ttt_random_ammo	-814.877502 118.908104 75.817055	0.070 0.000 0.017
ttt_random_ammo	-816.404175 84.161743 75.811455	0.063 -0.000 -0.006
ttt_random_ammo	-849.083008 87.945480 75.803406	0.050 0.000 -0.014
ttt_random_ammo	-845.429626 119.668777 75.824097	0.099 0.000 0.057
ttt_random_ammo	-1076.316772 -41.879295 75.763153	0.048 0.000 -0.038
ttt_random_ammo	-1082.294312 -9.549631 75.794868	0.047 0.000 -0.023
ttt_random_ammo	-1052.940186 -41.748611 75.790390	0.046 0.000 -0.026
ttt_random_ammo	-1076.970825 -118.585388 75.825188	-0.258 0.276 -1.364
ttt_random_ammo	-1097.555542 -75.109779 75.805450	0.052 0.000 -0.011
ttt_random_ammo	-1056.771484 -94.111900 75.794868	0.047 0.000 -0.023
ttt_random_ammo	-1078.251831 269.172729 64.417099	1.602 -0.036 -1.937
ttt_random_ammo	-1038.500366 268.508911 64.377724	0.152 -0.001 -0.124
ttt_random_ammo	-1056.693481 282.626221 64.437119	1.252 -0.031 -1.519
ttt_random_ammo	-1020.504456 283.005371 64.349037	0.051 0.000 -0.014
ttt_random_ammo	-1002.282410 266.350037 64.367310	0.084 0.000 0.036
ttt_random_ammo	-987.453125 283.766174 64.317459	0.047 0.000 -0.035
ttt_random_ammo	-970.708740 266.210236 64.370972	0.101 0.000 0.057
ttt_random_ammo	-859.046448 527.128296 64.383781	0.243 -0.001 -0.237
ttt_random_ammo	-880.599426 522.654358 64.374481	0.123 0.000 0.086
ttt_random_ammo	-905.815552 528.064209 64.337662	0.047 -0.000 0.025
ttt_random_ammo	-1180.596680 788.357056 104.380142	-0.146 -0.001 0.117
ttt_random_ammo	-1188.869629 719.820862 104.382515	0.210 0.001 0.197
ttt_random_ammo	-1394.116455 901.153625 104.323425	-0.046 -0.000 -0.033
ttt_random_ammo	-1377.375000 906.073242 104.463203	-0.986 -0.026 1.191
ttt_random_ammo	-1096.404663 996.291016 104.454895	-1.199 0.030 -1.448
ttt_random_ammo	-1099.647827 928.754883 104.427368	1.374 -0.032 -1.659
ttt_random_ammo	-1216.303101 991.596741 104.370926	0.097 -0.000 -0.054
ttt_random_ammo	-1227.218872 979.516235 104.393028	0.803 -0.008 -0.924
ttt_random_ammo	-1574.289673 869.251038 64.335274	0.047 -0.000 0.027
ttt_random_ammo	-1575.561646 905.465210 64.353355	0.055 -0.000 0.007
ttt_random_ammo	-1579.875366 949.767395 64.366646	-0.077 -0.000 0.026
ttt_random_ammo	-1580.765381 994.373779 64.368645	-0.085 -0.000 0.036
ttt_random_ammo	-1557.963623 974.410828 64.343063	-0.048 -0.000 -0.021
ttt_random_ammo	-1560.279663 925.051514 64.314758	0.048 0.000 -0.036
ttt_random_ammo	-1553.782715 877.910156 64.370941	0.099 -0.000 -0.055
ttt_random_ammo	-1092.896118 1204.241089 104.376091	0.133 -0.000 -0.100
ttt_random_ammo	-1091.569702 1135.323120 104.335220	0.046 0.000 -0.027
ttt_random_ammo	-1341.041748 1207.685425 104.338333	-0.046 -0.000 -0.025
ttt_random_ammo	-1334.566650 1147.722900 104.418991	1.574 0.042 1.900
ttt_random_ammo	-918.402100 1395.421875 64.361542	0.067 0.000 0.012
ttt_random_ammo	-905.613037 1380.218018 64.437744	1.272 0.032 1.544
ttt_random_ammo	-935.793884 1383.262451 64.457565	0.807 -0.023 -0.979
ttt_random_ammo	-957.173340 1398.868286 64.455452	0.854 0.024 1.034
ttt_random_ammo	-980.403931 1382.348389 64.340012	0.047 -0.000 0.023
ttt_random_ammo	-1006.537231 1401.056396 64.382484	0.219 0.001 0.207
ttt_random_ammo	-1018.425903 1386.555786 64.392097	0.634 0.005 0.716
ttt_random_ammo	-1002.547119 1370.783325 64.435112	1.235 0.030 1.490
ttt_random_ammo	-958.644226 1371.170410 64.434647	1.187 0.029 1.425
ttt_random_ammo	-1845.525024 956.341370 64.439453	1.234 0.031 1.498
ttt_random_ammo	-1865.610352 953.163147 64.342308	0.048 0.000 -0.022
ttt_random_ammo	-1880.164795 961.929443 64.359550	0.063 0.000 0.006
ttt_random_ammo	-1979.076538 1489.464355 64.394814	1.256 0.019 1.475
ttt_random_ammo	-1684.491211 1505.253540 64.357513	0.060 0.000 0.001
ttt_random_ammo	-1682.336548 1480.000244 64.391373	0.527 0.004 0.586
ttt_random_ammo	-1683.682129 1452.020996 64.376099	0.136 -0.000 -0.103
ttt_random_ammo	-1848.435059 1500.296509 64.428543	1.373 0.032 1.657
ttt_random_ammo	-1827.952759 1503.988403 64.374489	0.122 0.000 0.085
ttt_random_ammo	-1698.479126 1157.288940 64.361542	0.067 0.000 0.011
ttt_random_ammo	-1698.885254 1133.148071 64.376190	0.134 0.000 0.101
ttt_random_ammo	-1697.351196 1108.745728 64.367317	0.083 0.000 0.034
ttt_random_ammo	-1724.118652 1120.826416 64.380981	0.193 0.001 0.175
ttt_random_ammo	-1721.109009 1145.268311 64.417862	1.628 0.036 1.969
ttt_random_ammo	-1343.539673 1895.395142 64.315514	-0.048 -0.000 -0.036
ttt_random_ammo	-1391.977661 1902.537354 64.326057	-0.047 -0.000 -0.032
ttt_random_ammo	-1419.092041 1904.632813 64.470863	-0.864 -0.024 1.051
ttt_random_ammo	-1405.301270 1884.953003 64.374496	-0.111 -0.000 0.072
ttt_random_ammo	-1383.314819 1886.855469 64.380234	-0.154 -0.001 0.126
ttt_random_ammo	-1045.007446 1904.446655 64.372688	0.111 -0.000 -0.071
ttt_random_ammo	-1036.209717 1888.356323 64.419640	1.607 0.036 1.945
ttt_random_ammo	-1058.815186 1888.462646 64.363487	0.072 -0.000 -0.018
ttt_random_ammo	-1106.649658 1909.648682 64.374413	0.123 -0.000 -0.086
ttt_random_ammo	-1091.517822 1887.934814 64.392380	0.708 -0.007 -0.807
ttt_random_ammo	-1111.007813 1890.739990 64.325348	0.047 -0.000 0.032
ttt_random_ammo	-1383.515625 2124.314697 64.461388	-1.204 -0.030 1.466
ttt_random_ammo	-1413.011597 2127.382568 64.453087	-1.411 -0.033 1.713
ttt_random_ammo	-1394.225952 2135.635254 64.370605	-0.091 -0.000 0.045
ttt_random_ammo	-1335.690552 2121.466797 64.354210	-0.055 -0.000 -0.007
ttt_random_ammo	-1343.455078 2141.650635 64.460876	-1.222 -0.030 1.488
ttt_random_ammo	-1097.141235 2125.958984 64.397774	-0.483 -0.003 0.532
ttt_random_ammo	-1085.149414 2151.733887 64.395691	-0.420 -0.003 0.455
ttt_random_ammo	-1053.502686 2147.996826 64.397812	-0.487 -0.003 0.537
ttt_random_ammo	-1034.847168 2129.515381 64.385918	-0.217 -0.001 0.205
ttt_random_ammo	-1227.913452 1491.913452 64.362602	-0.067 -0.000 0.012
ttt_random_ammo	-1257.415771 1491.315186 64.360542	-0.064 -0.000 0.006
ttt_random_ammo	-1241.834229 1505.582642 64.382126	-0.172 -0.001 0.148
ttt_random_ammo	-1203.482422 1505.559326 64.360550	-0.064 -0.000 0.007
ttt_random_ammo	-1183.906616 1488.106079 64.384010	-0.192 -0.001 0.174
ttt_random_ammo	-471.071838 1320.568848 104.954659	-1.557 0.037 -1.891
ttt_random_ammo	-493.819397 1310.372314 104.921272	-0.082 0.138 -0.005
ttt_random_ammo	-487.676880 1336.042969 104.956711	-1.488 0.034 -1.808
ttt_random_ammo	-506.075500 1310.082031 64.394760	1.458 0.025 1.720
ttt_random_ammo	-487.519196 1359.329224 64.361542	0.066 0.000 0.011
ttt_random_ammo	-505.901672 1362.696045 64.337631	0.047 0.000 -0.025
ttt_random_ammo	-514.078491 1343.565430 64.376175	0.136 0.000 0.103
ttt_random_ammo	-531.217285 1328.326782 64.344582	0.048 0.000 -0.020
ttt_random_ammo	-547.594604 1341.905640 64.339981	0.047 0.000 -0.023
ttt_random_ammo	-539.951111 1360.628906 64.335243	0.047 0.000 -0.027
ttt_random_ammo	-517.596985 1383.137695 64.363495	0.071 0.000 0.018
ttt_random_ammo	-565.536133 1350.869019 64.426949	1.444 0.034 1.747
ttt_random_ammo	597.242798 1263.856934 10.290699	88.014 99.944 110.261
ttt_random_ammo	-556.351929 1293.419067 128.741699	-0.109 -0.000 0.070
ttt_random_ammo	-580.190430 1299.317505 128.704269	-0.046 -0.000 -0.026
ttt_random_ammo	-585.246094 1273.942871 128.752838	-0.216 -0.001 0.205
ttt_random_ammo	-567.918518 1257.269409 128.762360	-0.415 -0.003 0.451
ttt_random_ammo	-229.098740 1211.000977 -63.666454	-0.046 -0.000 -0.028
ttt_random_ammo	-203.461746 1193.257935 -63.560230	1.174 -0.029 -1.423
ttt_random_ammo	-245.727341 1197.555786 -63.637409	-0.067 -0.000 0.012
ttt_random_ammo	-136.326965 1199.729614 -15.666452	-0.046 -0.000 -0.028
ttt_random_ammo	-114.692627 1188.323242 -15.614075	-0.219 -0.001 0.208
ttt_random_ammo	-141.809540 1171.044312 -15.676536	-0.047 -0.000 -0.033
ttt_random_ammo	-279.811646 862.650696 -63.563938	1.287 0.031 1.561
ttt_random_ammo	-311.360352 862.864014 -63.642490	0.059 -0.000 -0.001
ttt_random_ammo	-326.009399 886.303467 -63.674664	0.046 -0.000 0.032
ttt_random_ammo	-305.453217 891.556213 -63.642490	0.060 -0.000 -0.001
ttt_random_ammo	-278.926697 887.790222 -63.611160	0.404 -0.002 -0.436
ttt_random_ammo	-284.605927 909.265442 -63.536320	0.644 0.021 0.777
ttt_random_ammo	598.036926 1244.785400 7.826196	0.045 0.000 -0.030
ttt_random_ammo	595.815857 1231.422241 7.862919	0.078 0.000 0.030
ttt_random_ammo	591.473328 1212.857422 7.828525	0.045 0.000 -0.029
ttt_random_ammo	583.570801 1188.505493 7.826428	-0.135 -0.105 -0.243
ttt_random_ammo	583.021606 1166.094238 7.823831	0.045 0.000 -0.031
ttt_random_ammo	546.323547 982.213867 7.881008	0.286 0.001 0.292
ttt_random_ammo	541.511475 953.388550 7.882150	0.332 0.002 0.349
ttt_random_ammo	536.970703 927.733521 7.849919	0.052 0.000 -0.009
ttt_random_ammo	529.426636 898.668030 7.828525	0.045 0.000 -0.029
ttt_random_ammo	529.895752 967.548767 -15.613544	0.311 -0.002 -0.322
ttt_random_ammo	523.549500 948.108459 -15.636497	0.071 0.000 0.017
ttt_random_ammo	522.617065 923.468628 -15.619018	0.192 0.001 0.174
ttt_random_ammo	511.524597 898.795105 -15.648793	0.052 0.000 -0.012
ttt_random_ammo	498.613922 935.170593 -15.612080	0.364 0.002 0.387
ttt_random_ammo	501.909393 955.335083 -15.662368	0.047 0.000 -0.025
ttt_random_ammo	698.718201 1663.549072 -15.676537	-0.047 -0.000 -0.033
ttt_random_ammo	700.653625 1643.927979 -15.619893	-0.152 0.001 -0.123
ttt_random_ammo	720.613464 1668.000854 -15.652385	-0.049 0.000 0.017
ttt_random_ammo	-308.007751 1536.078857 -222.909851	-0.055 -0.000 -0.004
ttt_random_ammo	-285.868958 1536.290405 -222.898071	-0.081 -0.000 0.033
ttt_random_ammo	-262.339142 1541.353760 -222.863922	-0.691 -0.006 0.787
ttt_random_ammo	143.610809 1663.853271 144.456238	-1.315 0.032 -1.600
ttt_random_ammo	178.318848 1596.593872 144.376083	0.137 -0.000 -0.104
ttt_random_ammo	-41.293652 1589.052490 144.444305	1.127 0.029 1.369
ttt_random_ammo	-15.912338 1545.764893 144.351212	0.053 0.000 -0.011
ttt_random_ammo	720.123535 2010.054077 -229.595932	-0.046 0.000 0.028
ttt_random_ammo	755.108765 1984.915649 -229.554352	-0.124 0.000 -0.089
ttt_random_ammo	765.639709 1953.415527 -229.558105	-0.100 0.000 -0.058
ttt_random_ammo	720.652222 1930.795410 -229.533936	-0.477 0.003 -0.526
ttt_random_ammo	193.247604 1560.550903 -239.636490	0.071 0.000 0.018
ttt_random_ammo	227.054321 1593.226074 -239.548050	0.936 0.025 1.135
ttt_random_ammo	273.644897 1552.232422 -239.669632	0.046 0.000 -0.029
ttt_random_ammo	-255.129593 1339.076782 -111.554283	0.057 0.000 -0.001
ttt_random_ammo	-281.729004 1338.595459 -111.582703	0.045 0.000 -0.030
ttt_random_ammo	-282.165222 1391.261963 -111.520325	0.688 0.006 0.784
ttt_random_ammo	106.525063 121.054039 88.333458	-0.045 -0.000 -0.027
ttt_random_ammo	86.833672 113.159592 88.376289	-0.116 -0.000 0.080
ttt_random_ammo	6.426874 132.203308 88.335884	-0.045 -0.000 -0.026
ttt_random_ammo	20.816690 118.342163 88.385765	-0.207 -0.001 0.195
ttt_random_ammo	1188.908813 267.308075 64.346832	0.050 0.000 -0.017
ttt_random_ammo	1150.536011 263.729980 64.448769	1.030 0.027 1.251
ttt_random_ammo	1162.767944 283.086517 64.372704	0.109 -0.000 -0.069
ttt_random_ammo	1118.165894 262.672943 64.394630	1.086 0.014 1.268
ttt_random_ammo	1135.267822 281.937012 64.391678	0.614 -0.005 -0.692
ttt_random_ammo	983.742371 562.799072 64.445427	1.077 -0.028 -1.308
ttt_random_ammo	1008.314697 565.626587 64.344604	0.049 -0.000 0.019
ttt_random_ammo	1025.498901 557.890381 64.389084	0.421 0.003 0.456
ttt_random_ammo	1195.054810 781.884827 104.386696	0.312 0.002 0.323
ttt_random_ammo	1315.324097 776.601563 104.344574	0.048 -0.000 0.019
ttt_random_ammo	1228.704834 988.041077 104.351181	0.052 0.000 -0.011
ttt_random_ammo	1230.999634 930.588074 104.369148	0.089 0.000 0.043
ttt_random_ammo	1151.735596 1111.283813 104.328545	-0.046 -0.000 -0.030
ttt_random_ammo	1182.247070 1109.367188 104.349800	-0.050 -0.000 -0.014
ttt_random_ammo	1221.988403 1206.973145 104.468727	-0.824 -0.024 0.996
ttt_random_ammo	1071.775757 1383.071045 64.349037	0.051 0.000 -0.014
ttt_random_ammo	1108.547852 1390.080322 64.335251	0.047 0.000 -0.027
ttt_random_ammo	1091.066650 1367.708496 64.379440	0.169 0.001 0.145
ttt_random_ammo	1125.311157 1371.336548 64.369164	0.092 0.000 0.046
ttt_random_ammo	1145.691528 1388.277710 64.441101	1.197 0.030 1.454
ttt_random_ammo	2141.893311 1508.001831 64.437744	1.272 0.032 1.544
ttt_random_ammo	2195.033691 1503.570557 64.452942	0.907 0.025 1.098
ttt_random_ammo	2169.730713 1490.210205 64.325317	0.047 0.000 -0.032
ttt_random_ammo	2104.850342 1492.343262 64.369164	0.091 0.000 0.045
ttt_random_ammo	2086.688721 1505.965454 64.359550	0.063 0.000 0.006
ttt_random_ammo	2058.903809 1490.532349 64.393669	0.822 0.009 0.947
ttt_random_ammo	2031.335205 1504.626831 64.431976	1.290 0.031 1.555
ttt_random_ammo	2088.303955 957.933899 64.355446	0.057 0.000 -0.003
ttt_random_ammo	2065.492920 956.367371 64.458160	0.821 0.023 0.997
ttt_random_ammo	2043.713257 954.764832 64.353348	0.055 0.000 -0.008
ttt_random_ammo	1991.465088 953.592041 64.355446	0.057 0.000 -0.004
ttt_random_ammo	1971.009644 954.338501 64.369164	0.092 0.000 0.046
ttt_random_ammo	1944.061157 958.631897 64.330360	0.046 0.000 -0.030
ttt_random_ammo	-1609.641113 2728.822510 64.441093	-1.430 -0.033 1.710
ttt_random_ammo	-1607.790161 2757.790771 64.364540	-0.069 -0.000 0.017
ttt_random_ammo	-1582.062500 2770.647217 64.354118	-0.053 -0.000 -0.008
ttt_random_ammo	-1585.156372 2744.077637 64.330994	-0.045 -0.000 -0.029
ttt_random_ammo	-1572.006592 2727.888428 64.463135	-0.935 -0.025 1.126
ttt_random_ammo	-1590.911133 2582.531494 64.442177	-1.410 -0.032 1.687
ttt_random_ammo	-1597.668945 2605.205322 64.374382	-0.105 -0.000 0.066
ttt_random_ammo	-1567.636230 2613.176758 64.437515	-1.687 -0.034 2.032
ttt_random_ammo	-1558.260986 2586.540527 64.360451	-0.061 -0.000 0.005
ttt_random_ammo	-1551.134644 2567.167236 64.339943	0.046 -0.000 0.023
ttt_random_ammo	-1540.906494 2602.066895 64.374359	-0.103 -0.000 0.063
ttt_random_ammo	-725.273254 2812.966309 64.382530	0.204 0.001 0.191
ttt_random_ammo	-723.749084 2782.170654 64.344521	0.047 0.000 -0.019
ttt_random_ammo	-727.534363 2331.690186 64.348991	0.049 -0.000 0.014
ttt_random_ammo	-767.295349 2317.200928 64.408943	1.533 -0.040 -1.827
ttt_random_ammo	-1614.471558 2402.554932 64.394638	1.086 0.014 1.268
ttt_random_ammo	-1591.341431 2418.215088 64.394569	1.293 0.020 1.519
ttt_random_ammo	-1582.018555 2388.153076 64.391228	0.548 0.004 0.612
ttt_random_ammo	-1564.537354 2411.339600 64.365410	0.077 -0.000 -0.026
ttt_random_ammo	-1552.811646 2388.574707 64.431625	1.396 -0.033 -1.697
ttt_random_ammo	-1672.659424 1237.918091 -831.580444	1.678 -0.037 -2.041
ttt_random_ammo	-1671.838379 1258.361694 -831.559448	1.240 0.031 1.508
ttt_random_ammo	-1673.576904 1276.092041 -831.627197	0.111 0.000 0.071
ttt_random_ammo	-1385.528564 1329.310303 -831.684448	-0.048 -0.000 -0.036
ttt_random_ammo	-1423.412720 1330.120239 -831.619751	-0.151 -0.001 0.122
ttt_random_ammo	-1457.558594 1330.779785 -831.668884	-0.047 -0.000 -0.029
ttt_random_ammo	-1485.996460 1329.830566 -831.542664	-0.907 -0.024 1.077
ttt_random_ammo	-1069.381592 1486.313354 -831.629395	-0.093 0.000 -0.047
ttt_random_ammo	-1099.458618 1486.265747 -831.602112	-0.493 -0.003 0.544
ttt_random_ammo	-1128.173462 1487.612793 -831.635315	-0.073 -0.000 0.019
ttt_random_ammo	-1150.615479 1487.606445 -831.631287	-0.085 -0.000 0.037
ttt_random_ammo	-522.824646 1706.196167 -1039.619019	0.188 0.001 0.169
ttt_random_ammo	-505.501862 1690.631104 -1039.629028	0.099 0.000 0.056
ttt_random_ammo	-520.316895 1670.965454 -1039.622192	0.150 0.001 0.121
ttt_random_ammo	-508.266479 1648.611694 -1039.644531	0.057 0.000 -0.004
ttt_random_ammo	-523.509644 1631.729980 -1039.620605	0.167 0.001 0.143
ttt_random_ammo	9.632469 1205.794556 -1039.640503	0.063 0.000 0.006
ttt_random_ammo	10.314176 1176.665283 -1039.662354	0.047 0.000 -0.025
ttt_random_ammo	-14.307766 1195.751099 -1039.679932	0.047 0.000 -0.034
ttt_random_ammo	5.806986 1224.781860 -1039.660034	0.047 0.000 -0.024
ttt_random_ammo	45.898296 1222.518921 -1039.642578	0.059 0.000 -0.000
ttt_random_ammo	43.404869 1191.438721 -1039.622192	0.149 0.001 0.120
ttt_random_ammo	188.717010 1692.254517 -831.616028	0.246 0.001 0.242
ttt_random_ammo	220.543198 1725.794189 -831.653137	0.049 0.000 -0.017
ttt_random_ammo	164.571533 1661.050903 -831.523621	0.408 0.019 0.495
ttt_random_ammo	182.111038 1624.559814 -831.636475	0.071 0.000 0.018
ttt_random_ammo	-288.412201 1654.035522 -767.592773	1.135 0.029 1.360
ttt_random_ammo	-302.209595 1637.186035 -767.635315	0.619 0.005 0.700
ttt_random_ammo	-714.013428 1101.196533 -831.634521	0.077 0.000 0.026
ttt_random_ammo	-738.887512 1110.192627 -831.632690	0.084 0.000 0.035
ttt_random_ammo	-747.093262 1194.989746 -831.630798	0.091 0.000 0.045
ttt_random_ammo	-764.775024 1152.647827 -831.662354	0.047 0.000 -0.025
ttt_random_ammo	-256.873535 1088.383301 -831.618958	0.191 0.001 0.173
ttt_random_ammo	-300.069672 1091.183594 -831.617432	0.213 0.001 0.200
ttt_random_ammo	-334.060852 1114.164917 -831.653137	0.049 0.000 -0.017
ttt_random_ammo	-262.872955 1714.137451 -831.605103	1.245 0.019 1.461
ttt_random_ammo	-247.746979 1683.807495 -831.630798	0.091 0.000 0.045
ttt_random_ammo	-283.213257 1644.979858 -831.605469	1.104 0.015 1.289
ttt_random_ammo	349.084473 715.063721 -831.574646	1.416 -0.033 -1.710
ttt_random_ammo	356.417572 688.443787 -831.618958	0.192 0.001 0.174
ttt_random_ammo	355.514862 648.051270 -831.685242	0.047 0.000 -0.036
ttt_random_ammo	344.139191 617.031982 -831.650940	0.051 -0.000 0.014
ttt_random_ammo	330.165070 636.964355 -831.622131	0.152 0.001 0.124
ttt_random_ammo	329.485565 665.573364 -831.664734	0.046 0.000 -0.027
ttt_random_ammo	320.513611 695.602966 -831.605286	1.076 0.014 1.255
ttt_random_ammo	316.166748 724.685181 -831.627197	0.107 0.000 0.066
ttt_random_ammo	306.317505 661.966553 -831.674622	0.046 -0.000 0.032
ttt_random_ammo	-101.216141 710.057922 -831.567322	1.369 0.033 1.661
ttt_random_ammo	-94.803253 688.564880 -831.627197	0.109 0.000 0.069
ttt_random_ammo	-116.301437 694.475464 -831.561035	1.231 0.030 1.494
ttt_random_ammo	-139.954697 705.501831 -831.583374	1.592 0.036 1.918
ttt_random_ammo	-160.008514 694.086182 -831.567810	1.341 0.033 1.623
ttt_random_ammo	-174.598984 710.371643 -831.605408	1.094 0.015 1.277
ttt_random_ammo	871.640686 1144.384888 112.314789	0.048 -0.000 0.036
ttt_random_ammo	877.322388 1118.402466 112.427010	1.480 -0.035 -1.797
ttt_random_ammo	878.947937 1087.606201 112.435440	0.005 0.048 -0.094
ttt_random_ammo	857.633301 1071.963013 112.384041	-0.196 -0.001 0.178
ttt_random_ammo	862.291809 1102.574829 112.368843	-0.002 0.018 -0.203
ttt_random_ammo	855.472046 1124.765137 112.363487	0.072 -0.000 -0.018
ttt_random_ammo	852.949890 1161.079590 112.393730	1.242 -0.019 -1.457
ttt_random_ammo	846.261414 1090.239502 112.356354	-0.057 -0.000 -0.003
ttt_random_ammo	838.632629 1138.315918 112.434280	1.214 -0.030 -1.462
ttt_random_ammo	819.048340 1356.556030 112.394119	0.960 0.011 1.114
ttt_random_ammo	839.742310 1351.684814 112.387909	0.367 0.002 0.390
ttt_random_ammo	824.417053 1333.814697 112.363503	0.072 0.000 0.019
ttt_random_ammo	441.234192 753.226440 64.406654	-0.828 -0.009 0.954
ttt_random_ammo	493.947388 758.996704 64.328583	-0.046 -0.000 -0.031
ttt_random_ammo	352.500977 527.969604 64.376396	-0.122 -0.000 0.085
ttt_random_ammo	295.557739 538.789001 64.409134	-0.950 -0.011 1.103
ttt_random_ammo	-34.191132 532.091553 64.457176	-1.269 -0.032 1.540
ttt_random_ammo	-33.853958 554.791504 64.411797	-1.095 -0.015 1.279
ttt_random_ammo	-34.211895 580.830139 64.312775	-0.048 -0.000 -0.037
ttt_random_ammo	186.597580 522.756348 64.374489	0.122 0.000 0.085
ttt_random_ammo	188.326492 547.589905 64.421066	1.615 0.037 1.958
ttt_random_ammo	191.033173 573.047241 64.394485	1.107 0.015 1.293
ttt_random_ammo	-671.413391 2110.085449 -199.474731	0.132 0.135 -0.018
ttt_random_ammo	-728.576233 2101.356934 -175.644272	0.045 0.000 -0.030
ttt_random_ammo	-726.967773 2132.072510 -175.578705	-0.466 -0.003 0.513
ttt_random_ammo	-706.463318 2114.496582 -175.615875	0.059 0.000 0.002
ttt_random_ammo	-731.860107 2214.674805 -175.619873	0.053 0.000 -0.007
ttt_random_ammo	-694.521423 2204.726563 -175.601303	0.110 0.000 0.072
ttt_random_ammo	-697.745361 2186.574707 -175.522629	0.885 0.025 1.072
ttt_random_ammo	-657.552429 2096.841553 -199.449356	0.314 0.002 0.327
ttt_random_ammo	1110.448242 1777.749390 64.409378	-0.978 -0.012 1.136
ttt_random_ammo	1087.581055 1777.114502 64.347618	-0.050 -0.000 -0.017
ttt_random_ammo	1065.114746 1777.730957 64.349846	-0.051 -0.000 -0.014
ttt_random_ammo	1030.962769 1784.032104 64.391724	-0.323 -0.002 0.336
ttt_random_ammo	1053.062378 1801.312012 64.326057	-0.047 -0.000 -0.032
ttt_random_ammo	1081.694702 1797.615479 64.372543	-0.099 -0.000 0.055
ttt_random_ammo	1684.011963 1796.965942 64.325317	0.047 0.000 -0.032
ttt_random_ammo	1694.347290 1775.449707 64.339996	0.047 0.000 -0.023
ttt_random_ammo	1709.953125 1825.280396 64.443138	1.060 0.027 1.277
ttt_random_ammo	1713.683105 1806.737061 64.365425	0.078 0.000 0.027
weapon_ttt_dual_elites	-184.096710 -1106.128662 81.880722	-3.525 0.003 -0.067
weapon_ttt_dual_elites	-185.524673 -1119.145020 81.712784	-3.666 0.012 0.096
weapon_ttt_dual_elites	-1589.082397 70.946480 66.746040	-2.264 -0.476 -0.355
weapon_ttt_dual_elites	-1562.289917 122.104080 65.438492	-2.097 0.019 -0.421
weapon_ttt_dual_elites	-1580.449707 1485.638306 63.995373	1.907 0.155 -0.188
weapon_ttt_dual_elites	-1583.847168 1503.039185 63.978939	1.924 0.160 -0.202
weapon_ttt_dual_elites	557.064453 1034.174805 7.562674	2.220 -0.058 0.040
weapon_ttt_dual_elites	557.401978 1019.673035 7.471400	1.918 0.157 -0.197
weapon_ttt_dual_elites	1066.971924 775.722717 103.966995	1.958 0.154 -0.056
weapon_ttt_dual_elites	1819.857544 972.319092 63.988342	1.915 0.157 -0.194
weapon_ttt_dual_elites	-1297.542358 2453.552979 64.040298	1.843 0.151 -0.221
weapon_ttt_dual_elites	-1298.720459 2435.104004 63.991234	1.881 0.157 -0.314
weapon_ttt_dual_elites	588.840698 838.026062 112.076134	2.017 0.851 -0.788
weapon_ttt_dual_elites	1706.402954 1681.007935 64.038620	1.862 0.149 -0.151
weapon_ttt_revolver	356.223602 -1081.685669 84.182610	13.380 27.136 77.732
weapon_ttt_revolver	356.783356 -1095.046997 84.156502	13.932 26.514 76.646
weapon_ttt_revolver	-189.355011 -1056.670044 83.375793	4.463 25.203 72.505
weapon_ttt_revolver	-188.799316 -1069.822144 83.441025	4.793 25.048 71.842
weapon_ttt_revolver	-1351.256714 535.692993 65.970284	8.964 26.841 74.632
weapon_ttt_revolver	559.598572 1069.055176 9.933439	9.420 -15.160 -74.320
weapon_ttt_revolver	557.078552 1055.454346 9.970896	9.800 -16.903 -74.256
weapon_ttt_revolver	1454.936279 1198.347534 105.999504	8.937 26.692 75.702
weapon_ttt_revolver	1455.910645 1167.413574 105.973473	8.775 25.838 75.404
weapon_ttt_revolver	2301.920410 1019.175964 65.975975	9.167 26.722 74.113
weapon_ttt_revolver	-1336.690918 2443.626709 65.997414	8.979 25.979 75.485
weapon_ttt_revolver	-1325.486694 2421.893066 66.009789	9.172 25.921 75.219
weapon_ttt_revolver	638.059631 1214.085938 113.987556	9.395 26.623 73.701
item_ammo_revolver_ttt	340.058990 -1056.784790 64.332489	0.450 0.065 0.055
item_ammo_revolver_ttt	341.342804 -1071.214722 64.404564	0.465 0.055 0.026
item_ammo_revolver_ttt	330.245758 -1065.664551 64.387848	0.461 0.056 0.033
item_ammo_revolver_ttt	340.910645 -1083.729004 64.326096	0.449 0.068 0.058
item_ammo_revolver_ttt	337.931976 -1100.143921 64.375839	0.459 0.056 0.038
item_ammo_revolver_ttt	328.501648 -1086.360474 64.332489	0.450 0.065 0.055
item_ammo_revolver_ttt	-163.521881 -1065.056152 64.432861	0.715 -6.019 -0.289
item_ammo_revolver_ttt	-164.299896 -1044.710815 64.399406	0.464 0.055 0.028
item_ammo_revolver_ttt	-151.595779 -1051.474365 64.355339	0.455 0.060 0.046
item_ammo_revolver_ttt	-1376.415894 -43.455681 64.313278	0.686 -0.065 -0.036
item_ammo_revolver_ttt	-1396.476440 -36.908176 64.317070	0.447 0.072 0.062
item_ammo_revolver_ttt	-1408.570435 -30.654995 64.362053	0.456 0.057 0.044
item_ammo_revolver_ttt	-1343.475830 519.903320 64.418671	0.467 0.053 0.021
item_ammo_revolver_ttt	-1354.997070 519.365417 64.351799	0.454 0.059 0.048
item_ammo_revolver_ttt	-1366.461914 518.098389 64.442902	1.090 -0.188 -0.820
item_ammo_revolver_ttt	548.837097 1086.227905 -15.579726	0.459 -0.736 -0.008
item_ammo_revolver_ttt	534.223450 1083.234985 -15.639564	0.456 0.058 0.044
item_ammo_revolver_ttt	521.638672 1063.499268 -15.625596	0.459 0.057 0.038
item_ammo_revolver_ttt	1459.063477 1184.161377 104.382744	0.461 0.057 0.034
item_ammo_revolver_ttt	1456.047852 1213.369873 104.363747	0.457 0.060 0.042
item_ammo_revolver_ttt	1455.250488 1146.164917 104.450714	0.726 0.009 -0.451
item_ammo_revolver_ttt	1342.282837 1154.625000 104.326157	0.450 0.070 0.057
item_ammo_revolver_ttt	1336.402100 1171.874756 104.346367	0.454 0.064 0.049
item_ammo_revolver_ttt	1348.288696 1172.907959 104.353638	0.455 0.062 0.046
item_ammo_revolver_ttt	2307.168945 961.556519 64.358749	0.455 0.059 0.045
item_ammo_revolver_ttt	2290.833252 953.224854 64.317093	0.447 0.072 0.061
item_ammo_revolver_ttt	-1361.985352 2496.896729 64.362053	0.456 0.057 0.044
item_ammo_revolver_ttt	-1389.274902 2496.484131 64.405533	0.465 0.053 0.026
item_ammo_revolver_ttt	-1407.266602 2467.143799 64.374374	0.458 0.056 0.039
item_ammo_revolver_ttt	-1423.272217 2471.014648 64.419434	0.467 0.053 0.020
item_ammo_revolver_ttt	-1241.437500 1324.811646 -831.687622	0.446 0.072 0.064
item_ammo_revolver_ttt	-1257.504272 1325.577637 -831.648193	0.454 0.059 0.048
item_ammo_revolver_ttt	748.916809 1262.575562 145.104858	0.435 0.054 0.037
item_ammo_revolver_ttt	749.020691 1248.306519 145.198425	0.469 0.048 0.007
item_ammo_revolver_ttt	637.343201 1237.184204 112.394981	0.463 0.054 0.030
item_ammo_revolver_ttt	647.496643 1255.639526 112.369942	0.458 0.057 0.040
weapon_zm_revolver	356.272766 -1053.508057 83.173729	6.489 -28.059 -88.497
weapon_zm_revolver	356.432892 -1066.131958 83.160500	6.286 -28.089 -88.971
weapon_zm_revolver	-1472.000732 -48.204983 67.854462	4.756 -28.134 -87.895
weapon_zm_revolver	-1489.317505 -53.366207 67.944313	2.821 -17.297 -84.597
weapon_zm_revolver	1335.748657 1185.926636 104.970528	1.925 -19.977 -85.925
weapon_zm_revolver	1335.784912 1212.518921 104.970596	1.986 -22.743 -85.820
weapon_zm_revolver	-1301.770752 2484.794434 64.885841	2.953 -16.608 -84.153
weapon_zm_revolver	-1296.191650 2469.541992 64.929756	2.599 -16.698 -84.760
weapon_zm_revolver	-1211.269287 1329.651367 -831.153259	3.267 -16.513 -83.612
weapon_zm_revolver	-1224.966797 1323.667358 -831.144226	3.194 -16.536 -83.738
weapon_zm_revolver	724.708252 1257.805176 145.721390	1.894 -20.612 -85.979
