# Trouble in Terrorist Town weapon/ammo placement overrides
# For map: ttt_clue_2018_b7
# Exported by: dduudu
setting:	replacespawns 1
ttt_playerspawn	106.243782 -78.202095 0.555640	-0.042 -0.000 0.042
ttt_playerspawn	260.980774 -78.340027 0.556956	-0.041 0.000 0.041
ttt_playerspawn	104.644279 2.127719 0.525973	-0.071 -0.000 0.071
ttt_playerspawn	259.188599 -1.497833 0.567420	0.045 -0.000 -0.045
ttt_playerspawn	105.470818 -283.383698 0.557597	-0.041 -0.000 0.040
ttt_playerspawn	261.223083 -281.818542 0.522545	-0.074 -0.000 0.074
ttt_playerspawn	259.673096 -347.937347 0.524847	-0.072 -0.000 0.072
ttt_playerspawn	104.564522 -348.442291 0.535365	-0.062 -0.000 0.062
ttt_playerspawn	154.355377 -526.058594 200.541351	0.089 -0.000 -0.089
ttt_playerspawn	231.577560 -528.550232 200.594513	0.126 -0.323 -0.143
ttt_playerspawn	-108.773537 456.770660 201.507568	-0.009 -0.000 0.009
ttt_playerspawn	-111.369514 599.197876 201.494156	-0.010 -0.000 0.011
ttt_playerspawn	-113.037926 767.737061 201.533630	-0.007 -0.000 0.007
ttt_playerspawn	481.319611 446.990234 200.537582	0.081 -0.000 -0.081
ttt_playerspawn	472.386200 321.973328 200.521866	0.031 0.000 0.031
ttt_playerspawn	453.049530 -256.127594 200.531769	-0.027 -0.000 0.027
ttt_playerspawn	453.490753 -351.225983 200.475327	-0.050 -0.000 0.050
ttt_playerspawn	437.447021 -27.427446 488.555939	-0.018 -0.000 0.018
ttt_playerspawn	342.878540 -29.599108 488.482605	-0.047 -0.000 0.047
ttt_playerspawn	439.219727 46.370514 488.563232	-0.015 -0.000 0.015
ttt_playerspawn	345.368713 40.028427 488.526520	-0.030 -0.000 0.030
ttt_playerspawn	444.926056 134.286850 488.535828	-0.026 -0.000 0.026
ttt_playerspawn	348.692627 121.593704 488.489471	-0.044 -0.000 0.044
ttt_playerspawn	475.062775 216.710648 200.520676	-0.032 -0.000 0.032
ttt_playerspawn	861.143066 249.012604 0.519487	-0.032 -0.000 0.032
ttt_playerspawn	863.838562 198.586624 0.529702	-0.028 -0.000 0.028
ttt_playerspawn	783.079041 3.766493 -23.478117	-0.031 -0.000 0.031
ttt_playerspawn	790.286011 -42.344070 -23.508852	-0.044 -0.000 0.044
ttt_playerspawn	762.707703 -600.677429 0.571059	-0.008 -0.000 0.015
ttt_playerspawn	763.841675 -648.286804 0.484379	-0.047 -0.000 0.047
ttt_playerspawn	615.358154 -751.825623 0.489490	-0.045 -0.000 0.044
ttt_playerspawn	578.930603 -754.940674 0.536738	-0.026 -0.000 0.025
weapon_ttt_ak47	-126.554382 -321.834961 0.971260	0.043 -175.273 88.197
item_box_buckshot_ttt	450.806610 530.047424 488.380005	-0.012 0.002 0.093
item_box_buckshot_ttt	451.105835 515.938843 488.379211	0.112 0.003 -0.003
item_ammo_357_ttt	439.130035 143.343765 200.350998	0.633 0.005 -0.154
item_ammo_357_ttt	427.135681 144.061859 200.369873	0.626 -0.119 -0.178
item_ammo_357_ttt	784.130005 422.983582 536.230103	0.453 0.047 0.026
item_ammo_357_ttt	775.167725 422.547333 536.198486	0.443 0.038 0.036
item_ammo_357_ttt	781.180603 -25.779221 536.207825	0.446 0.042 0.033
item_ammo_357_ttt	769.889038 -24.718098 536.221619	0.450 0.051 0.028
item_ammo_revolver_ttt	127.846527 662.365662 -199.587006	0.466 0.053 0.023
item_ammo_revolver_ttt	-95.429916 852.774475 42.351856	0.455 0.043 0.047
item_ammo_smg1_ttt	-108.086136 -338.106445 0.455152	-0.120 -0.397 0.054
item_ammo_smg1_ttt	202.687408 -601.068054 24.412912	-0.100 93.804 0.033
item_ammo_smg1_ttt	-356.751801 134.415146 -139.477524	-0.100 -2.119 -0.049
item_ammo_smg1_ttt	-359.809204 327.922516 -139.605759	0.123 -0.005 0.070
item_ammo_smg1_ttt	743.316162 -115.606834 239.132782	-0.554 1.175 -0.245
item_ammo_smg1_ttt	729.035217 -116.090851 239.047592	-0.016 2.072 0.057
item_ammo_smg1_ttt	-631.199341 -303.850098 24.681274	5.971 0.781 -1.600
item_ammo_smg1_ttt	-617.252258 -303.498688 23.361650	6.105 1.052 -1.173
item_ammo_smg1_ttt	-166.227417 384.396576 35.162067	-0.190 -0.445 0.116
item_ammo_smg1_ttt	-150.123306 384.393372 35.304455	-0.325 -0.529 -0.273
item_ammo_smg1_ttt	-182.773804 265.196106 35.875038	-0.258 -0.504 -0.005
item_ammo_smg1_ttt	-168.692444 264.826111 36.130707	0.046 0.165 0.221
item_ammo_smg1_ttt	182.992661 -113.853981 488.417969	-0.377 0.005 0.241
item_ammo_smg1_ttt	697.838501 1130.872314 488.563324	0.000 1.087 0.000
item_ammo_pistol_ttt	-216.490479 150.393555 -199.606445	-0.092 -0.020 -0.028
item_ammo_pistol_ttt	756.539429 -333.845856 221.696121	-0.086 2.285 0.028
item_ammo_pistol_ttt	-831.847778 -29.846323 48.227245	0.022 0.044 -0.007
item_ammo_pistol_ttt	-813.561829 -28.115934 48.309795	-0.013 0.093 -0.021
item_ammo_pistol_ttt	44.084892 293.372681 527.104919	0.629 1.418 0.167
item_ammo_pistol_ttt	51.872055 293.359467 526.987183	-0.148 0.563 0.001
weapon_ttt_g3sg1	431.358337 151.713318 201.316086	-0.780 2.019 -88.042
ttt_random_weapon	175.000000 -190.000000 13.000000	0.000 0.000 0.000
ttt_random_weapon	175.000000 -162.000000 13.000000	0.000 0.000 0.000
ttt_random_weapon	-373.000000 461.000000 209.373001	0.000 0.000 0.000
ttt_random_weapon	-373.000000 433.000000 209.373001	0.000 0.000 0.000
ttt_random_weapon	-87.849403 196.052002 210.373001	0.000 0.000 0.000
ttt_random_weapon	-87.849403 168.052002 210.373001	0.000 0.000 0.000
ttt_random_weapon	-356.937988 783.065979 209.373001	0.000 0.000 0.000
ttt_random_weapon	-356.937988 755.065979 209.373001	0.000 0.000 0.000
ttt_random_weapon	-124.075996 -264.279999 9.372910	0.000 0.000 0.000
ttt_random_weapon	-124.075996 -292.279999 9.372910	0.000 0.000 0.000
ttt_random_weapon	711.000000 288.204987 9.372910	0.000 270.000 0.000
ttt_random_weapon	632.000000 258.000000 9.372910	0.000 0.000 0.000
ttt_random_weapon	120.000000 868.000000 33.372898	0.000 0.000 0.000
ttt_random_weapon	120.000000 840.000000 33.372898	0.000 0.000 0.000
ttt_random_weapon	313.628998 1345.650024 33.372898	0.000 0.000 0.000
ttt_random_weapon	313.628998 1317.650024 33.372898	0.000 0.000 0.000
ttt_random_weapon	192.244003 978.570984 33.372898	0.000 0.000 0.000
ttt_random_weapon	192.244003 950.570984 33.372898	0.000 0.000 0.000
ttt_random_weapon	-215.074997 902.041992 9.372910	0.000 0.000 0.000
ttt_random_weapon	-215.074997 874.041992 9.372910	0.000 0.000 0.000
ttt_random_weapon	677.276001 313.399994 209.373001	0.000 0.000 0.000
ttt_random_weapon	677.276001 285.399994 209.373001	0.000 0.000 0.000
ttt_random_weapon	696.258972 -237.492004 209.373001	0.000 0.000 0.000
ttt_random_weapon	696.258972 -265.492004 209.373001	0.000 0.000 0.000
ttt_random_weapon	408.825989 -21.615700 209.373001	0.000 0.000 0.000
ttt_random_weapon	408.825989 -49.615700 209.373001	0.000 0.000 0.000
ttt_random_weapon	706.374023 665.145996 33.372898	0.000 0.000 0.000
ttt_random_weapon	706.374023 693.145996 33.372898	0.000 0.000 0.000
ttt_random_weapon	547.877991 673.294006 33.372898	0.000 0.000 0.000
ttt_random_weapon	547.877991 701.294006 33.372898	0.000 0.000 0.000
ttt_random_weapon	242.395004 231.225998 518.974976	0.000 0.000 0.000
ttt_random_weapon	242.395004 203.225998 518.974976	0.000 0.000 0.000
ttt_random_weapon	681.692993 814.801025 497.372986	0.000 0.000 0.000
ttt_random_weapon	681.692993 786.801025 497.372986	0.000 0.000 0.000
ttt_random_weapon	170.003998 -65.628197 497.372986	0.000 0.000 0.000
ttt_random_weapon	170.003998 -37.628201 497.372986	0.000 0.000 0.000
ttt_random_weapon	461.755005 225.783997 497.372986	0.000 0.000 0.000
ttt_random_weapon	461.755005 253.783997 497.372986	0.000 0.000 0.000
ttt_random_weapon	538.443970 146.712997 497.372986	0.000 0.000 0.000
ttt_random_weapon	538.443970 174.712997 497.372986	0.000 0.000 0.000
ttt_random_weapon	588.153992 -29.143900 497.372986	0.000 0.000 0.000
ttt_random_weapon	588.153992 -1.143920 497.372986	0.000 0.000 0.000
ttt_random_weapon	703.594971 -140.697998 -14.495700	0.000 0.000 0.000
ttt_random_weapon	703.594971 -112.697998 -14.495700	0.000 0.000 0.000
ttt_random_weapon	713.625000 90.070702 -14.495700	0.000 0.000 0.000
ttt_random_weapon	713.625000 62.070702 -14.495700	0.000 0.000 0.000
ttt_random_weapon	-218.634003 355.348999 -190.626999	0.000 0.000 0.000
ttt_random_weapon	-218.634003 327.348999 -190.626999	0.000 0.000 0.000
ttt_random_weapon	-109.930000 269.674011 -190.626999	0.000 0.000 0.000
ttt_random_weapon	-109.930000 241.673996 -190.626999	0.000 0.000 0.000
ttt_random_weapon	-195.192993 659.301025 -190.626999	0.000 0.000 0.000
ttt_random_weapon	-195.192993 631.301025 -190.626999	0.000 0.000 0.000
ttt_random_weapon	112.228996 646.812988 -190.626999	0.000 0.000 0.000
ttt_random_weapon	112.228996 618.812988 -190.626999	0.000 0.000 0.000
ttt_random_weapon	481.582001 -553.174988 9.372900	0.000 0.000 0.000
ttt_random_weapon	479.000000 -568.000000 9.372900	0.000 0.000 0.000
ttt_random_weapon	594.625977 -640.916016 9.372900	0.000 0.000 0.000
ttt_random_weapon	594.625977 -612.916016 9.372900	0.000 0.000 0.000
ttt_random_weapon	351.308014 712.731995 33.372898	0.000 0.000 0.000
ttt_random_weapon	347.556000 -632.880005 33.372898	0.000 0.000 0.000
ttt_random_weapon	25.372601 -632.405029 33.372898	0.000 0.000 0.000
ttt_random_weapon	189.263000 -615.458008 33.372898	0.000 0.000 0.000
ttt_random_weapon	154.300003 -700.231018 209.373001	0.000 0.000 0.000
ttt_random_weapon	24.055300 -610.064026 209.373001	0.000 0.000 0.000
ttt_random_weapon	515.679016 -529.651978 209.373001	0.000 0.000 0.000
ttt_random_weapon	727.109985 -33.363899 209.373001	0.000 0.000 0.000
ttt_random_weapon	773.129028 96.217697 209.373001	0.000 0.000 0.000
ttt_random_weapon	678.338989 956.140991 497.372986	0.000 0.000 0.000
ttt_random_weapon	682.390015 1173.489990 497.372986	0.000 0.000 0.000
ttt_random_weapon	648.861023 1229.449951 33.372898	0.000 0.000 0.000
ttt_random_weapon	592.268982 1228.650024 33.372898	0.000 0.000 0.000
ttt_random_weapon	-137.244003 11.776300 33.372898	0.000 0.000 0.000
ttt_random_weapon	761.927002 -384.115997 41.372898	0.000 0.000 0.000
ttt_random_weapon	887.025024 -240.757004 237.373001	0.000 0.000 0.000
ttt_random_weapon	-662.153015 -63.171902 9.372910	0.000 0.000 0.000
ttt_random_weapon	-606.781006 301.479004 9.372910	0.000 0.000 0.000
ttt_random_weapon	-610.075012 981.088989 9.372910	0.000 0.000 0.000
ttt_random_weapon	-349.681000 914.684998 57.490200	0.000 0.000 0.000
ttt_random_weapon	-729.723022 1001.469971 217.373001	0.000 0.000 0.000
ttt_random_weapon	-622.554993 1006.500000 217.373001	0.000 0.000 0.000
ttt_random_weapon	-333.223999 1013.830017 217.373001	0.000 0.000 0.000
ttt_random_weapon	-432.287994 557.794983 209.373001	0.000 0.000 0.000
ttt_random_weapon	-468.298004 200.453003 209.373001	0.000 0.000 0.000
ttt_random_weapon	-464.295990 177.632004 209.373001	0.000 0.000 0.000
weapon_zm_sledge	590.962830 -275.155121 239.595535	18.960 105.146 1.780
weapon_ttt_smg	66.563538 291.332428 529.361328	-1.753 -86.545 -89.996
weapon_ttt_m16	-818.431152 -6.451076 48.748543	1.757 2.496 84.415
weapon_ttt_tmp	683.142212 1147.537231 489.548767	-2.440 -174.341 90.028
weapon_ttt_mp5	-169.119843 431.635101 34.795200	-0.042 -5.245 83.754
weapon_ttt_galil	739.123718 -87.786736 242.037048	-1.630 4.721 87.114
weapon_zm_molotov	-343.710236 317.656708 -199.863739	-2.006 -1.231 -2.036
weapon_zm_molotov	-336.783325 318.197693 -199.817001	-1.003 -1.542 -1.020
weapon_ttt_sg550	770.693481 -10.542855 537.026245	0.261 -9.562 -86.288
ttt_random_ammo	190.000000 -170.000000 4.000000	0.000 0.000 0.000
ttt_random_ammo	190.000000 -198.000000 4.000000	0.000 0.000 0.000
ttt_random_ammo	-358.000000 425.000000 200.373001	0.000 0.000 0.000
ttt_random_ammo	-358.000000 453.000000 200.373001	0.000 0.000 0.000
ttt_random_ammo	-72.849403 160.052002 201.373001	0.000 0.000 0.000
ttt_random_ammo	-72.849403 188.052002 201.373001	0.000 0.000 0.000
ttt_random_ammo	-341.937988 747.065979 200.373001	0.000 0.000 0.000
ttt_random_ammo	-341.937988 775.065979 200.373001	0.000 0.000 0.000
ttt_random_ammo	-109.075996 -300.279999 0.372913	0.000 0.000 0.000
ttt_random_ammo	-109.075996 -272.279999 0.372913	0.000 0.000 0.000
ttt_random_ammo	647.000000 250.000000 0.372913	0.000 0.000 0.000
ttt_random_ammo	703.000000 273.204987 0.372913	0.000 270.000 0.000
ttt_random_ammo	135.000000 832.000000 24.372900	0.000 0.000 0.000
ttt_random_ammo	135.000000 860.000000 24.372900	0.000 0.000 0.000
ttt_random_ammo	328.628998 1309.650024 24.372900	0.000 0.000 0.000
ttt_random_ammo	328.628998 1337.650024 24.372900	0.000 0.000 0.000
ttt_random_ammo	207.244003 942.570984 24.372900	0.000 0.000 0.000
ttt_random_ammo	207.244003 970.570984 24.372900	0.000 0.000 0.000
ttt_random_ammo	-200.074997 866.041992 0.372913	0.000 0.000 0.000
ttt_random_ammo	-200.074997 894.041992 0.372913	0.000 0.000 0.000
ttt_random_ammo	692.276001 277.399994 200.373001	0.000 0.000 0.000
ttt_random_ammo	692.276001 305.399994 200.373001	0.000 0.000 0.000
ttt_random_ammo	711.258972 -273.492004 200.373001	0.000 0.000 0.000
ttt_random_ammo	711.258972 -245.492004 200.373001	0.000 0.000 0.000
ttt_random_ammo	423.825989 -57.615700 200.373001	0.000 0.000 0.000
ttt_random_ammo	423.825989 -29.615700 200.373001	0.000 0.000 0.000
ttt_random_ammo	702.270020 297.000000 0.000600	0.000 270.000 0.000
ttt_random_ammo	623.205017 249.270004 0.000600	0.000 0.000 0.000
ttt_random_ammo	721.374023 657.145996 24.372900	0.000 0.000 0.000
ttt_random_ammo	721.374023 685.145996 24.372900	0.000 0.000 0.000
ttt_random_ammo	562.877991 665.294006 24.372900	0.000 0.000 0.000
ttt_random_ammo	562.877991 693.294006 24.372900	0.000 0.000 0.000
ttt_random_ammo	257.394989 195.225998 509.975006	0.000 0.000 0.000
ttt_random_ammo	257.394989 223.225998 509.975006	0.000 0.000 0.000
ttt_random_ammo	696.692993 778.801025 488.372986	0.000 0.000 0.000
ttt_random_ammo	696.692993 806.801025 488.372986	0.000 0.000 0.000
ttt_random_ammo	185.003998 -73.628197 488.372986	0.000 0.000 0.000
ttt_random_ammo	185.003998 -45.628201 488.372986	0.000 0.000 0.000
ttt_random_ammo	476.755005 217.783997 488.372986	0.000 0.000 0.000
ttt_random_ammo	476.755005 245.783997 488.372986	0.000 0.000 0.000
ttt_random_ammo	553.443970 138.712997 488.372986	0.000 0.000 0.000
ttt_random_ammo	553.443970 166.712997 488.372986	0.000 0.000 0.000
ttt_random_ammo	603.153992 -37.143902 488.372986	0.000 0.000 0.000
ttt_random_ammo	603.153992 -9.143920 488.372986	0.000 0.000 0.000
ttt_random_ammo	467.528015 232.567993 488.001007	0.000 0.000 0.000
ttt_random_ammo	467.528015 204.567993 488.001007	0.000 0.000 0.000
ttt_random_ammo	544.216980 153.496994 488.001007	0.000 0.000 0.000
ttt_random_ammo	544.216980 125.497002 488.001007	0.000 0.000 0.000
ttt_random_ammo	718.594971 -148.697998 -23.495701	0.000 0.000 0.000
ttt_random_ammo	718.594971 -120.697998 -23.495701	0.000 0.000 0.000
ttt_random_ammo	697.986023 73.593903 -23.868099	0.000 0.000 0.000
ttt_random_ammo	697.986023 45.593899 -23.868099	0.000 0.000 0.000
ttt_random_ammo	728.625000 54.070702 -23.495701	0.000 0.000 0.000
ttt_random_ammo	728.625000 82.070702 -23.495701	0.000 0.000 0.000
ttt_random_ammo	-203.634003 347.348999 -199.626999	0.000 0.000 0.000
ttt_random_ammo	-203.634003 319.348999 -199.626999	0.000 0.000 0.000
ttt_random_ammo	-94.930199 233.673996 -199.626999	0.000 0.000 0.000
ttt_random_ammo	-94.930199 261.674011 -199.626999	0.000 0.000 0.000
ttt_random_ammo	-83.577301 290.187988 -199.998993	0.000 0.000 0.000
ttt_random_ammo	-83.577301 262.187988 -199.998993	0.000 0.000 0.000
ttt_random_ammo	-168.839996 679.815002 -199.998993	0.000 0.000 0.000
ttt_random_ammo	-180.192993 651.301025 -199.626999	0.000 0.000 0.000
ttt_random_ammo	-180.192993 623.301025 -199.626999	0.000 0.000 0.000
ttt_random_ammo	-172.000000 651.815002 -200.000000	0.000 0.000 0.000
ttt_random_ammo	127.228996 638.812988 -199.626999	0.000 0.000 0.000
ttt_random_ammo	127.228996 610.812988 -199.626999	0.000 0.000 0.000
ttt_random_ammo	608.979004 -572.401978 0.000601	0.000 0.000 0.000
ttt_random_ammo	496.582001 -561.174988 0.372900	0.000 0.000 0.000
ttt_random_ammo	494.000000 -576.000000 0.372900	0.000 0.000 0.000
ttt_random_ammo	609.625977 -648.916016 0.372900	0.000 0.000 0.000
ttt_random_ammo	620.979004 -592.401978 0.000601	0.000 0.000 0.000
ttt_random_ammo	609.625977 -620.916016 0.372900	0.000 0.000 0.000
ttt_random_ammo	366.308014 704.731995 24.372900	0.000 0.000 0.000
ttt_random_ammo	362.556000 -640.880005 24.372900	0.000 0.000 0.000
ttt_random_ammo	40.372601 -640.405029 24.372900	0.000 0.000 0.000
ttt_random_ammo	204.263000 -623.458008 24.372900	0.000 0.000 0.000
ttt_random_ammo	169.300003 -708.231018 200.373001	0.000 0.000 0.000
ttt_random_ammo	39.055302 -618.064026 200.373001	0.000 0.000 0.000
ttt_random_ammo	530.679016 -537.651978 200.373001	0.000 0.000 0.000
ttt_random_ammo	742.109985 -41.363899 200.373001	0.000 0.000 0.000
ttt_random_ammo	788.129028 88.217697 200.373001	0.000 0.000 0.000
ttt_random_ammo	693.338989 948.140991 488.372986	0.000 0.000 0.000
ttt_random_ammo	697.390015 1165.489990 488.372986	0.000 0.000 0.000
ttt_random_ammo	663.861023 1221.449951 24.372900	0.000 0.000 0.000
ttt_random_ammo	607.268982 1220.650024 24.372900	0.000 0.000 0.000
ttt_random_ammo	-122.244003 3.776340 24.372900	0.000 0.000 0.000
ttt_random_ammo	776.927002 -392.115997 32.372898	0.000 0.000 0.000
ttt_random_ammo	902.025024 -248.757004 228.373001	0.000 0.000 0.000
ttt_random_ammo	-647.153015 -71.171898 0.372913	0.000 0.000 0.000
ttt_random_ammo	-591.781006 293.479004 0.372913	0.000 0.000 0.000
ttt_random_ammo	-595.075012 973.088989 0.372913	0.000 0.000 0.000
ttt_random_ammo	-334.681000 906.684998 48.490200	0.000 0.000 0.000
ttt_random_ammo	-714.723022 993.473999 208.373001	0.000 0.000 0.000
ttt_random_ammo	-607.554993 998.499023 208.373001	0.000 0.000 0.000
ttt_random_ammo	-624.000000 1008.000000 236.000000	0.000 0.000 0.000
ttt_random_ammo	-624.000000 1004.000000 268.000000	0.000 0.000 0.000
ttt_random_ammo	-540.000000 1000.000000 268.000000	0.000 0.000 0.000
ttt_random_ammo	-318.223999 1005.830017 208.373001	0.000 0.000 0.000
ttt_random_ammo	-417.287994 549.794983 200.373001	0.000 0.000 0.000
ttt_random_ammo	-453.298004 192.453003 200.373001	0.000 0.000 0.000
ttt_random_ammo	-449.295990 169.632004 200.373001	0.000 0.000 0.000
weapon_zm_rifle	774.017395 431.814301 536.943298	0.409 -1.694 -88.472
weapon_ttt_glock	767.763794 -326.735199 222.896698	0.172 25.225 90.828
weapon_zm_mac10	-621.633850 -320.595764 32.592541	5.064 37.185 90.760
weapon_ttt_p228	-175.207504 242.764084 38.604355	-1.231 -19.005 -90.108
weapon_zm_pistol	-235.357101 161.717484 -199.108276	1.030 -37.220 -89.112
weapon_ttt_revolver	-93.484566 837.713379 43.970188	8.711 25.873 75.520
weapon_ttt_dual_elites	-347.598846 153.501022 -140.005341	2.032 -4.240 -0.191
weapon_zm_shotgun	480.585114 516.195313 489.034241	-0.214 -5.238 -83.610
weapon_ttt_famas	-338.297241 350.008301 -139.015808	0.089 -45.024 88.971
weapon_zm_revolver	120.604980 675.044128 -199.029083	2.268 -179.388 -85.329
weapon_ttt_aug	177.968338 -592.245483 24.659056	-0.000 -174.270 87.366
weapon_ttt_sg552	160.630844 -88.786873 488.971344	0.865 -174.988 -82.754
