# Trouble in Terrorist Town weapon/ammo placement overrides
# For map: cs_747_css
# Exported by: Razor  武士
setting:	replacespawns 1
ttt_playerspawn	126.471367 -1907.671997 22.618029	-0.012 -1.672 0.012
ttt_playerspawn	319.470062 -1875.911499 23.427418	-0.013 -1.221 -0.013
ttt_playerspawn	122.594719 -1747.601318 22.903065	-0.009 2.995 0.009
ttt_playerspawn	322.499603 -1388.104370 22.365744	0.078 1.039 0.078
ttt_playerspawn	253.621216 -1482.335815 -105.926018	-0.062 -0.778 0.062
ttt_playerspawn	133.510849 -673.901245 22.632883	-0.011 -0.896 0.011
ttt_playerspawn	316.848480 -678.195007 21.603157	-0.005 0.718 0.005
ttt_playerspawn	268.181641 -622.260193 211.841400	-0.010 -2.290 0.010
ttt_playerspawn	1460.605713 177.279678 -246.488846	-0.085 4.932 0.085
ttt_playerspawn	-545.320862 996.320251 -249.460144	-0.075 -4.853 0.075
ttt_playerspawn	-654.397705 1203.702271 -248.987991	-0.062 -2.221 0.062
ttt_playerspawn	-811.796814 1213.997314 -244.625351	-0.082 -2.473 0.083
ttt_playerspawn	-545.125793 827.484985 -248.876205	-0.085 -1.040 0.085
ttt_playerspawn	-756.016479 -177.283005 -247.938171	-0.071 -0.501 0.071
ttt_playerspawn	-761.028870 -3.766984 -247.674454	-0.078 -0.957 0.078
ttt_playerspawn	514.746643 1493.879517 7.874097	-0.056 -0.487 0.056
ttt_playerspawn	534.029907 1377.869873 11.001533	-0.049 -0.085 0.048
ttt_playerspawn	503.410858 1218.901733 8.974421	-0.033 -0.900 0.032
ttt_playerspawn	385.234528 1218.882446 12.333070	-0.067 -0.503 0.067
ttt_playerspawn	215.121277 1213.152710 11.324434	-0.064 -0.420 0.064
ttt_playerspawn	75.227982 1226.084473 10.655107	-0.045 -0.639 0.045
ttt_playerspawn	62.063465 1346.878662 10.881417	-0.075 -0.834 0.075
ttt_playerspawn	67.992241 1487.217407 9.585296	-0.035 4.373 0.035
ttt_playerspawn	71.255295 1585.755249 12.288762	-0.078 -1.661 0.078
ttt_playerspawn	193.198700 1594.252075 10.099634	-0.061 -1.681 0.062
ttt_playerspawn	333.281464 1585.309692 9.947792	-0.036 -0.104 0.040
ttt_playerspawn	475.245758 1587.659912 8.633026	-0.058 -1.811 0.058
ttt_playerspawn	280.996582 1423.876343 9.744555	-0.052 -0.486 0.052
ttt_playerspawn	654.853027 1215.981812 8.984992	-0.060 -4.118 0.060
ttt_playerspawn	715.100159 1320.732666 8.202972	-0.066 -0.635 0.066
ttt_playerspawn	711.354248 1454.975464 9.472386	-0.072 -0.363 0.071
ttt_playerspawn	712.134888 1575.988525 11.425450	-0.067 -1.833 0.067
weapon_ttt_ak47	314.743317 -1618.732666 47.837608	3.714 7.324 -87.104
item_box_buckshot_ttt	315.810303 -292.918152 208.375046	0.677 -0.002 -0.465
item_box_buckshot_ttt	316.101715 -304.800629 208.458374	-0.446 -0.005 0.365
item_box_buckshot_ttt	332.550507 -304.884918 208.375443	0.671 -0.001 -0.458
item_box_buckshot_ttt	287.440063 -1879.213745 -111.630127	0.776 0.008 -0.536
item_box_buckshot_ttt	277.653015 -1880.857544 -111.638817	0.776 0.006 -0.572
item_box_buckshot_ttt	267.762482 -1878.698608 -111.607880	-0.385 -0.001 0.360
item_box_buckshot_ttt	271.171234 -1868.011719 -111.613800	-0.108 0.001 0.137
item_box_buckshot_ttt	283.785645 -1867.200928 -111.535011	-0.473 -0.821 0.259
item_box_buckshot_ttt	294.754852 -1866.768799 -111.625961	0.753 -0.022 -0.521
item_box_buckshot_ttt	292.990662 -1854.586182 -111.625465	0.346 0.003 -0.228
item_box_buckshot_ttt	280.988434 -1856.919800 -111.560822	1.766 -0.074 -0.423
item_box_buckshot_ttt	269.350616 -1857.389038 -111.620407	0.144 0.004 -0.066
item_ammo_357_ttt	1273.606812 47.728931 -255.680573	0.448 0.074 0.060
item_ammo_357_ttt	1291.461304 46.675999 -255.633102	0.457 0.043 0.041
item_ammo_357_ttt	1205.041016 277.104675 384.362579	0.467 0.060 0.039
item_ammo_357_ttt	1224.477539 278.674133 384.348785	0.465 0.064 0.044
item_ammo_revolver_ttt	309.491119 -1894.964600 -111.602783	0.463 0.054 0.029
item_ammo_revolver_ttt	310.036072 -1879.173706 -111.605011	0.463 0.051 0.030
item_ammo_revolver_ttt	313.334351 -1857.311523 -111.682922	0.447 0.013 0.061
item_ammo_revolver_ttt	322.990295 -1868.078003 -111.665474	0.450 0.030 0.054
item_ammo_revolver_ttt	323.655090 -1857.316040 -111.550903	0.660 0.103 -0.373
item_ammo_revolver_ttt	332.857208 -1857.338623 -111.601410	0.593 0.203 -0.003
item_ammo_revolver_ttt	332.768311 -1870.423584 -111.639877	0.821 -0.490 -0.136
item_ammo_revolver_ttt	313.366821 -1867.622314 -111.586952	0.958 -0.094 -0.100
item_ammo_revolver_ttt	301.278442 -1895.640259 -111.650002	0.453 0.061 0.048
item_ammo_revolver_ttt	302.670898 -1879.246460 -111.570435	0.723 -0.097 -0.051
item_ammo_revolver_ttt	305.889008 -1867.944580 -111.659454	0.452 0.063 0.052
item_ammo_revolver_ttt	306.370728 -1857.241211 -111.548508	1.144 0.122 -0.738
item_ammo_smg1_ttt	316.391357 -233.382843 208.499557	-0.837 0.012 -0.628
item_ammo_smg1_ttt	299.596954 -233.921036 208.518631	-0.231 0.015 -0.202
item_ammo_smg1_ttt	341.438995 -467.936493 208.517273	-0.235 0.013 -0.206
item_ammo_smg1_ttt	327.263794 -468.383820 208.432556	0.840 -0.001 0.551
item_ammo_smg1_ttt	345.344360 -563.854187 208.497910	-0.816 0.012 -0.607
item_ammo_smg1_ttt	325.118378 -562.381714 208.535736	-0.146 0.017 -0.127
item_ammo_smg1_ttt	344.802307 -646.266296 208.415726	0.338 -0.005 0.215
item_ammo_smg1_ttt	322.993469 -648.384766 208.499664	-0.823 0.011 -0.611
item_ammo_smg1_ttt	56.338100 -1797.544189 16.474539	0.567 -0.053 0.265
item_ammo_smg1_ttt	73.922279 -1797.380737 16.417969	0.373 -0.005 0.239
item_ammo_smg1_ttt	369.484680 -1624.028076 16.494740	-0.853 -0.012 -0.635
item_ammo_smg1_ttt	398.971558 -1627.579468 16.415754	0.333 -0.005 0.212
item_ammo_pistol_ttt	1405.744629 43.764393 -255.612991	-0.098 -0.020 -0.030
item_ammo_pistol_ttt	1392.584717 45.703350 -255.609665	-0.095 -0.020 -0.029
item_ammo_pistol_ttt	350.596466 -378.309662 208.390305	-0.095 -0.020 -0.029
item_ammo_pistol_ttt	335.360840 -379.113586 208.370728	-0.112 -0.019 -0.034
item_ammo_pistol_ttt	167.025696 -644.291260 208.366806	-0.116 -0.019 -0.035
item_ammo_pistol_ttt	178.408081 -643.184021 208.364792	-0.117 -0.019 -0.036
item_ammo_pistol_ttt	143.174850 -654.562988 208.333252	-0.145 -0.018 -0.044
item_ammo_pistol_ttt	150.525681 -653.793640 208.393539	-0.092 -0.020 -0.028
weapon_ttt_g3sg1	1218.994507 290.176178 385.280151	-0.577 0.037 -87.597
ttt_random_weapon	407.725708 1485.734985 13.185114	1.003 80.862 -93.925
ttt_random_weapon	404.005890 1413.999268 13.747775	-2.035 -80.191 85.368
ttt_random_weapon	401.390717 1336.580444 13.191975	1.323 -93.010 -94.019
ttt_random_weapon	364.953735 1328.369263 13.740460	-2.186 -82.531 86.290
ttt_random_weapon	364.528534 1405.106445 13.708280	-1.575 -88.284 84.321
ttt_random_weapon	366.991577 1481.758911 13.222582	1.068 -96.646 -93.814
ttt_random_weapon	187.427063 1331.232178 13.192922	1.955 85.036 -92.414
ttt_random_weapon	184.257797 1403.830322 13.728987	-1.816 100.896 84.868
ttt_random_weapon	187.515671 1480.951904 13.747603	-2.040 100.576 85.402
ttt_random_weapon	-72.799278 1319.920166 1.242768	1.392 4.749 -93.704
ttt_random_weapon	-75.525169 1351.020752 1.242268	1.397 4.751 -93.691
ttt_random_weapon	-74.182762 1384.920898 1.243077	1.388 4.748 -93.712
ttt_random_weapon	-72.232445 1414.526001 1.243077	1.388 4.748 -93.712
ttt_random_weapon	-824.107239 1093.868896 -254.751968	1.332 3.999 -93.841
ttt_random_weapon	-880.190308 1097.527588 -254.751923	1.332 4.028 -93.840
ttt_random_weapon	-923.709595 1098.793335 -254.751938	1.332 3.971 -93.841
ttt_random_weapon	-821.576904 1325.002075 -207.636276	6.292 6.419 -92.790
ttt_random_weapon	-770.014771 1334.206909 -211.931152	6.270 6.416 -92.842
ttt_random_weapon	-718.363586 1323.751831 -216.232422	6.236 6.412 -92.920
ttt_random_weapon	-660.943359 1331.257813 -221.021286	6.279 6.417 -92.821
ttt_random_weapon	-614.146729 1330.271484 -222.793411	1.801 4.199 -92.767
ttt_random_weapon	-520.475525 1293.002197 -222.788025	1.740 4.194 -92.906
ttt_random_weapon	-514.741638 1253.377563 -222.790512	1.768 4.056 -92.842
ttt_random_weapon	-987.764404 1182.937500 -254.751938	1.332 4.020 -93.841
ttt_random_weapon	-982.441345 1205.748779 -254.751968	1.332 4.005 -93.841
ttt_random_weapon	-987.242065 1154.487793 -254.751968	1.332 3.985 -93.841
ttt_random_weapon	-986.260315 1138.876343 -254.751938	1.332 4.028 -93.841
ttt_random_weapon	-1003.062927 227.169022 -254.751968	1.332 3.958 -93.841
ttt_random_weapon	-926.210693 226.423798 -254.751968	1.332 3.970 -93.841
ttt_random_weapon	-898.695129 220.108704 -254.751968	1.332 3.970 -93.841
ttt_random_weapon	-980.937195 27.536333 -254.751968	1.332 3.978 -93.841
ttt_random_weapon	-986.106384 63.463299 -254.751968	1.332 3.984 -93.841
ttt_random_weapon	-1008.221741 -82.921761 -254.782913	1.682 7.558 -93.038
ttt_random_weapon	-1000.203430 -1045.127563 -254.751938	1.332 4.006 -93.841
ttt_random_weapon	-957.660828 -1110.556030 -254.751968	1.332 3.992 -93.841
ttt_random_weapon	-929.260498 -1091.395508 -254.751968	1.332 4.013 -93.841
ttt_random_weapon	1645.927856 29.531330 -254.751968	1.332 4.005 -93.841
ttt_random_weapon	1573.855469 33.079998 -254.751968	1.332 3.977 -93.841
ttt_random_weapon	1585.960083 75.643661 -254.751968	1.332 3.997 -93.841
ttt_random_weapon	1641.303223 215.261673 -254.751938	1.332 4.012 -93.841
ttt_random_weapon	-624.235840 722.929016 385.216949	1.683 10.159 -93.036
ttt_random_weapon	336.662537 -110.780525 193.248047	1.332 4.783 -93.841
ttt_random_weapon	149.098663 -104.141098 193.248047	1.332 3.971 -93.841
ttt_random_weapon	384.623413 -375.172211 17.195538	1.594 5.279 -93.299
ttt_random_weapon	382.686615 -484.954193 17.174002	1.700 5.266 -93.085
ttt_random_weapon	196.899429 -597.083862 17.176630	1.665 5.346 -93.102
ttt_random_weapon	243.936661 -597.921509 17.163700	1.726 5.344 -92.968
ttt_random_weapon	56.997845 -793.461975 17.156870	1.755 5.342 -92.899
ttt_random_weapon	386.209167 -666.680237 17.180988	1.665 5.279 -93.150
ttt_random_weapon	203.941849 -873.522278 17.170847	1.690 5.345 -93.043
ttt_random_weapon	219.600113 -897.960571 17.170849	1.690 5.345 -93.043
ttt_random_weapon	64.903374 -1098.137207 17.164783	1.718 5.344 -92.981
ttt_random_weapon	66.158813 -903.358643 17.163513	1.724 5.344 -92.967
ttt_random_weapon	69.907959 -1002.937439 17.191006	1.597 5.346 -93.251
ttt_random_weapon	377.385162 -1067.738159 17.176456	1.664 5.346 -93.101
ttt_random_weapon	322.752045 -1178.306396 47.248028	1.332 3.997 -93.841
ttt_random_weapon	189.374603 -1186.597534 64.307869	1.497 7.782 -94.565
ttt_random_weapon	219.736435 -1184.563843 59.528259	-7.191 54.116 89.301
ttt_random_weapon	142.137543 -1595.946899 -110.751961	1.332 4.010 -93.841
ttt_random_weapon	139.722473 -1622.574463 -110.751961	1.332 3.962 -93.841
ttt_random_weapon	146.851624 -1653.386841 -110.751961	1.332 4.002 -93.841
ttt_random_weapon	146.415573 -926.316589 -46.751965	1.332 4.005 -93.841
ttt_random_weapon	130.874603 -266.655762 -110.751961	1.332 3.958 -93.841
ttt_random_weapon	179.790176 -264.151123 -110.751938	1.332 4.027 -93.840
ttt_random_weapon	163.810776 -293.158051 -52.991337	-4.797 -3.701 5.306
ttt_random_weapon	168.603683 -391.562744 -110.751961	1.332 4.019 -93.841
ttt_random_weapon	60.700607 -1576.085693 17.185448	1.675 5.329 -93.239
ttt_random_weapon	63.190037 -1720.584961 17.223219	1.447 5.341 -93.584
ttt_random_weapon	70.293594 -1635.392822 17.170889	1.690 5.346 -93.043
ttt_random_weapon	384.047577 -1784.394165 17.195683	1.591 5.266 -93.306
ttt_random_weapon	380.947113 -1823.450806 17.193001	1.606 5.279 -93.273
ttt_random_weapon	380.786621 -1695.054932 17.183336	1.652 5.267 -93.181
ttt_random_weapon	381.658752 -1730.142090 17.205027	1.545 5.264 -93.402
ttt_random_weapon	191.696503 -2100.582031 17.202606	1.543 5.346 -93.371
ttt_random_weapon	249.361038 -2101.569092 17.172729	1.704 5.265 -93.073
ttt_random_weapon	392.890869 -2190.074707 17.186583	1.618 5.347 -93.205
ttt_random_weapon	391.096619 -2214.219727 17.189308	1.605 5.347 -93.233
ttt_random_weapon	388.147736 -2245.251465 17.178677	1.655 5.348 -93.124
ttt_random_weapon	386.956787 -2227.637207 17.177618	1.660 5.346 -93.113
ttt_random_weapon	-333.534943 566.541748 1.172176	1.686 5.345 -93.056
ttt_random_weapon	-351.294617 619.171448 1.179799	1.651 5.347 -93.135
ttt_random_weapon	-341.445984 369.537537 1.179804	1.651 5.347 -93.135
ttt_random_weapon	-338.180206 335.259979 1.184780	1.627 5.348 -93.186
ttt_random_weapon	128.890442 -43.730938 47.248028	1.332 4.012 -93.841
ttt_random_weapon	322.312866 -42.498573 47.248028	1.332 3.997 -93.841
ttt_random_weapon	212.412781 -199.331726 17.184683	1.627 5.347 -93.186
ttt_random_weapon	250.779495 -199.983383 17.191900	1.593 5.346 -93.260
ttt_random_weapon	385.839111 -186.156921 17.185625	1.622 5.347 -93.195
ttt_random_weapon	379.495361 -583.548828 17.193100	1.607 5.279 -93.274
ttt_random_weapon	250.501312 -761.768250 17.172361	1.707 5.277 -93.061
ttt_random_weapon	251.534744 -784.083862 17.195391	1.593 5.279 -93.298
ttt_random_weapon	201.134552 -763.578796 17.195946	1.574 5.346 -93.302
ttt_random_weapon	198.325607 -782.955261 17.181686	1.640 5.347 -93.155
weapon_zm_sledge	127.754944 -639.580383 205.754303	18.489 -0.087 2.212
weapon_ttt_smg	341.633942 -360.173981 210.570114	-2.221 -2.822 -89.524
weapon_ttt_m16	1400.291748 24.536983 -255.139175	2.161 -5.705 83.933
weapon_ttt_tmp	328.664459 -452.292633 209.288742	0.138 -23.485 -89.016
weapon_ttt_mp5	339.419189 -545.130493 209.110992	0.277 5.251 -87.873
ttt_random_ammo	443.600067 1492.292603 0.374196	0.163 0.001 0.134
ttt_random_ammo	443.818390 1407.636841 0.375842	0.183 0.001 0.159
ttt_random_ammo	605.927612 1301.249878 12.378850	0.009 0.000 -0.049
ttt_random_ammo	606.049805 1322.965576 12.380561	0.013 0.000 -0.043
ttt_random_ammo	605.235291 1351.714966 12.398963	-0.270 -0.001 0.277
ttt_random_ammo	604.825684 1388.942505 12.311986	0.046 0.000 -0.039
ttt_random_ammo	604.395264 1411.877319 12.332832	0.040 0.000 -0.035
ttt_random_ammo	603.694458 1462.224854 12.409321	-0.193 0.000 -0.279
ttt_random_ammo	602.908386 1486.911133 12.412515	-0.704 -0.007 0.807
ttt_random_ammo	603.810425 1510.932861 12.322721	0.043 0.000 -0.036
ttt_random_ammo	646.104980 1514.264526 12.369644	0.022 0.000 -0.038
ttt_random_ammo	645.455017 1498.985718 12.383358	0.488 -0.003 -0.536
ttt_random_ammo	646.052246 1476.386963 12.394053	-0.051 0.000 -0.114
ttt_random_ammo	645.453308 1425.919434 12.406834	-0.218 0.000 -0.311
ttt_random_ammo	645.599792 1404.293091 12.371536	0.020 0.000 -0.040
ttt_random_ammo	645.078430 1348.644165 12.349125	0.034 0.000 -0.033
ttt_random_ammo	644.880188 1328.849609 12.419055	1.228 -0.029 -1.460
ttt_random_ammo	646.384094 1307.700562 12.346900	0.035 0.000 -0.033
ttt_random_ammo	147.039612 1307.473022 12.339924	0.053 -0.000 0.015
ttt_random_ammo	147.273285 1337.470703 12.474333	-0.646 -0.022 0.775
ttt_random_ammo	146.495529 1394.759399 12.371495	0.025 0.000 -0.033
ttt_random_ammo	146.331467 1419.531372 12.349115	0.036 0.000 -0.032
ttt_random_ammo	146.327805 1464.842407 12.421957	1.217 -0.029 -1.453
ttt_random_ammo	146.347458 1497.244019 12.333496	-0.044 -0.000 -0.031
ttt_random_ammo	-107.736511 1323.317749 0.429501	1.260 0.031 1.518
ttt_random_ammo	-108.800499 1351.348145 0.414248	1.500 0.038 1.801
ttt_random_ammo	-108.065651 1378.854370 0.344559	0.054 0.000 -0.014
ttt_random_ammo	-108.399628 1407.661865 0.385656	0.793 -0.008 -0.907
ttt_random_ammo	-962.764099 1078.258057 -255.608566	0.306 0.002 0.318
ttt_random_ammo	-960.814026 1102.350830 -255.660019	0.044 0.000 -0.027
ttt_random_ammo	-987.007446 1071.917114 -255.581848	1.590 0.039 1.910
ttt_random_ammo	-984.757019 1100.646973 -255.660019	0.045 0.000 -0.027
ttt_random_ammo	-513.286255 1223.841797 -223.677261	0.047 0.000 -0.033
ttt_random_ammo	-513.828186 1274.187622 -223.642517	0.064 0.000 0.007
ttt_random_ammo	-502.421875 1329.404907 -223.611465	0.496 0.003 0.547
ttt_random_ammo	-656.397827 1353.294067 -222.199661	5.440 1.538 0.283
ttt_random_ammo	-708.661743 1350.840454 -217.823273	5.213 1.531 0.230
ttt_random_ammo	-781.176270 1354.577026 -211.821091	5.652 1.472 0.326
ttt_random_ammo	-848.420288 1355.057251 -206.253479	6.042 1.598 0.426
ttt_random_ammo	-851.208130 1329.736938 -205.971420	5.505 1.468 0.292
ttt_random_ammo	-851.131531 1312.723267 -206.009445	5.845 1.570 0.379
ttt_random_ammo	-784.079590 1311.798584 -211.592590	5.797 1.465 0.359
ttt_random_ammo	-747.061279 1309.950806 -214.664032	5.652 1.549 0.333
ttt_random_ammo	-661.091797 1305.297974 -221.792191	5.263 -1.533 -0.242
ttt_random_ammo	-602.434814 1311.813843 -223.666473	-0.044 -0.000 -0.031
ttt_random_ammo	-955.673218 1190.115601 -255.612518	0.206 0.001 0.194
ttt_random_ammo	-947.450867 1207.531738 -255.634460	0.060 0.000 0.006
ttt_random_ammo	-957.921204 1134.739014 -255.549576	0.923 0.025 1.108
ttt_random_ammo	-954.972290 1153.809326 -255.607315	0.346 0.002 0.367
ttt_random_ammo	-998.001343 205.717575 -255.679855	0.047 0.000 -0.034
ttt_random_ammo	-966.824463 207.471161 -255.568863	1.419 0.033 1.720
ttt_random_ammo	-957.064392 230.087128 -255.578278	1.687 0.037 2.052
ttt_random_ammo	-895.057922 238.618454 -255.677246	0.047 0.000 -0.033
ttt_random_ammo	-897.519287 197.215897 -255.677246	0.047 0.000 -0.033
ttt_random_ammo	-928.884094 190.618759 -255.618927	0.175 0.001 0.154
ttt_random_ammo	-1009.688965 39.524254 -255.545746	0.820 0.024 0.984
ttt_random_ammo	-997.462769 85.890343 -255.625412	0.107 0.000 0.068
ttt_random_ammo	-985.592957 103.475731 -255.650955	0.049 0.000 -0.017
ttt_random_ammo	-1002.453125 111.373779 -255.620438	0.149 0.001 0.120
ttt_random_ammo	-976.967651 -82.212578 -255.554047	1.128 -0.029 -1.372
ttt_random_ammo	-981.978577 -104.652168 -255.653122	0.047 -0.000 0.020
ttt_random_ammo	-1002.606995 -103.824478 -255.664749	0.046 0.000 -0.028
ttt_random_ammo	-985.191895 -1098.024902 -255.659958	0.044 -0.000 0.027
ttt_random_ammo	-959.430298 -1078.088135 -255.644455	0.048 -0.000 0.015
ttt_random_ammo	-952.913208 -1054.631226 -255.611145	0.214 -0.001 -0.204
ttt_random_ammo	-993.792053 -1069.980347 -255.630661	0.065 -0.000 -0.014
ttt_random_ammo	-920.992737 -1063.983521 -255.563126	1.317 -0.033 -1.594
ttt_random_ammo	-890.872314 -1079.650391 -255.601166	0.950 -0.011 -1.105
ttt_random_ammo	-914.619934 -1110.406250 -255.657639	0.044 -0.000 0.026
ttt_random_ammo	-942.168945 -1131.787476 -255.669586	0.045 -0.000 0.032
ttt_random_ammo	1609.622192 20.324726 -255.628464	0.022 0.000 -0.038
ttt_random_ammo	1595.616821 44.777069 -255.657578	0.037 -0.000 0.035
ttt_random_ammo	1628.724365 56.426163 -255.603928	-0.095 0.000 0.167
ttt_random_ammo	1621.789307 81.192291 -255.636124	0.025 -0.000 0.039
ttt_random_ammo	1549.224121 85.454544 -255.605545	-0.082 0.000 0.152
ttt_random_ammo	1584.657227 111.366791 -255.610565	-0.042 -0.000 0.107
ttt_random_ammo	1554.025635 110.712471 -255.638123	0.027 -0.000 0.037
ttt_random_ammo	1608.796021 231.659485 -255.647934	-0.059 -0.000 -0.003
ttt_random_ammo	1600.009399 197.640198 -255.656921	-0.052 -0.000 -0.017
ttt_random_ammo	1583.832153 155.020065 -255.580154	-0.795 -0.005 1.006
ttt_random_ammo	-615.203674 699.444824 384.365509	0.065 0.000 0.014
ttt_random_ammo	-594.912231 701.756348 384.361664	0.058 0.000 0.003
ttt_random_ammo	-587.869080 717.494080 384.359619	0.054 0.000 -0.003
ttt_random_ammo	330.896332 -89.539230 192.357483	0.065 -0.000 -0.007
ttt_random_ammo	303.093842 -101.635384 192.376083	0.147 0.001 0.117
ttt_random_ammo	114.045540 -110.822006 192.314774	0.048 0.000 -0.036
ttt_random_ammo	120.564995 -84.452148 192.376205	0.129 0.000 0.095
ttt_random_ammo	155.511810 -84.936554 192.357513	0.058 0.000 -0.001
ttt_random_ammo	389.170868 -405.217987 16.368961	0.110 0.000 0.070
ttt_random_ammo	369.204346 -403.576752 16.397535	1.632 0.030 1.939
ttt_random_ammo	394.747955 -515.097168 16.348955	0.052 0.000 -0.011
ttt_random_ammo	364.879242 -508.811127 16.392277	0.807 0.008 0.929
ttt_random_ammo	59.720169 -600.719971 16.337591	0.045 -0.000 0.024
ttt_random_ammo	82.792221 -600.050171 16.330311	0.045 -0.000 0.029
ttt_random_ammo	56.522110 -684.970703 16.335207	0.045 -0.000 0.026
ttt_random_ammo	76.250153 -686.102417 16.363493	0.063 0.000 0.010
ttt_random_ammo	49.621284 -773.408936 16.351170	0.049 -0.000 0.012
ttt_random_ammo	72.755081 -770.779846 16.372723	0.099 -0.000 -0.059
ttt_random_ammo	394.949432 -689.494751 16.339916	0.047 0.000 -0.022
ttt_random_ammo	373.711761 -689.051880 16.357433	0.061 0.000 0.004
ttt_random_ammo	254.687119 -907.030640 16.365383	0.072 -0.000 -0.022
ttt_random_ammo	267.496399 -887.293030 16.420916	1.659 -0.037 -2.019
ttt_random_ammo	245.725723 -877.189575 16.392099	0.555 -0.004 -0.623
ttt_random_ammo	52.206573 -1074.941772 16.455891	0.864 -0.024 -1.049
ttt_random_ammo	77.170441 -1076.089966 16.344543	0.046 -0.000 0.020
ttt_random_ammo	55.669937 -881.033386 16.370941	0.091 -0.000 -0.048
ttt_random_ammo	79.541679 -884.094666 16.390142	0.427 -0.003 -0.466
ttt_random_ammo	52.690742 -984.322693 16.380968	0.170 -0.001 -0.149
ttt_random_ammo	80.105598 -986.278809 16.363464	0.066 -0.000 -0.014
ttt_random_ammo	398.056335 -1104.492798 16.346754	0.050 0.000 -0.015
ttt_random_ammo	369.568665 -1100.792725 16.335178	0.045 0.000 -0.026
ttt_random_ammo	353.017242 -1178.751465 16.413019	0.099 0.169 -0.004
ttt_random_ammo	354.788055 -1202.879639 16.388504	-0.516 0.171 -0.233
ttt_random_ammo	282.518280 -1182.548584 16.359541	0.065 0.000 0.007
ttt_random_ammo	284.877197 -1201.678345 16.437593	1.029 0.026 1.225
ttt_random_ammo	151.875626 -1556.162476 -92.633194	0.047 0.000 -0.025
ttt_random_ammo	145.614914 -1545.417236 -92.560219	1.451 0.032 1.727
ttt_random_ammo	138.397110 -1688.467896 -111.612366	0.928 -0.011 -1.073
ttt_random_ammo	164.778214 -1690.931152 -111.583199	1.571 -0.038 -1.909
ttt_random_ammo	306.333099 -1719.432739 -111.651024	0.061 -0.000 0.002
ttt_random_ammo	278.731171 -1720.568604 -111.631233	0.136 -0.000 -0.099
ttt_random_ammo	316.756805 -1598.229736 -111.594032	1.510 -0.033 -1.806
ttt_random_ammo	289.133453 -1596.083618 -111.651024	0.061 -0.000 0.002
ttt_random_ammo	141.077774 -900.945190 -47.652401	-0.048 -0.000 -0.019
ttt_random_ammo	171.601700 -901.370605 -47.662354	0.046 0.000 -0.026
ttt_random_ammo	302.536499 -267.794464 -111.630882	0.099 0.000 0.054
ttt_random_ammo	281.265015 -268.480927 -111.677261	0.047 0.000 -0.033
ttt_random_ammo	259.478607 -269.182831 -111.644562	0.060 0.000 -0.001
ttt_random_ammo	242.249985 -270.548798 -111.638481	0.071 0.000 0.016
ttt_random_ammo	225.627579 -270.146210 -111.591385	0.244 0.824 0.215
ttt_random_ammo	209.137451 -270.119598 -111.662354	0.048 0.000 -0.024
ttt_random_ammo	134.605789 -296.736664 -59.826939	0.813 70.742 0.080
ttt_random_ammo	159.201462 -414.294067 -111.612221	0.346 -0.002 -0.365
ttt_random_ammo	139.827530 -424.978943 -111.674644	0.046 -0.000 0.032
ttt_random_ammo	328.728149 -1578.795654 46.355396	0.063 0.000 0.004
ttt_random_ammo	307.019592 -1579.450073 46.389343	0.597 0.005 0.671
ttt_random_ammo	54.306770 -1700.205444 16.342260	0.043 0.000 -0.025
ttt_random_ammo	69.495979 -1699.812500 16.382994	0.140 0.001 0.114
ttt_random_ammo	56.949951 -1620.280518 16.379795	0.112 0.000 0.078
ttt_random_ammo	72.419113 -1619.885376 16.394974	0.432 0.003 0.475
ttt_random_ammo	395.718811 -1812.071289 16.348995	0.046 0.000 -0.017
ttt_random_ammo	376.182129 -1808.026489 16.382811	0.166 0.001 0.145
ttt_random_ammo	388.848724 -1713.100098 16.363514	0.060 0.000 0.007
ttt_random_ammo	372.631042 -1714.191650 16.397694	1.226 0.018 1.441
ttt_random_ammo	222.080246 -2111.506348 16.349001	0.045 0.000 -0.019
ttt_random_ammo	226.238663 -2095.618408 16.451923	1.018 0.027 1.238
ttt_random_ammo	53.636585 -2248.996582 16.446428	-1.280 -0.031 1.522
ttt_random_ammo	72.840576 -2248.150146 16.335873	-0.043 -0.000 -0.029
ttt_random_ammo	51.776684 -2228.916992 16.458555	-0.961 -0.026 1.142
ttt_random_ammo	70.837494 -2229.916504 16.354057	-0.046 -0.000 -0.016
ttt_random_ammo	49.388626 -2209.264404 16.436743	-1.535 -0.037 1.825
ttt_random_ammo	66.416107 -2211.149414 16.322662	0.044 0.000 -0.033
ttt_random_ammo	49.863262 -2188.653809 16.342260	0.043 0.000 -0.025
ttt_random_ammo	69.220879 -2190.193359 16.387468	0.201 0.001 0.190
ttt_random_ammo	90.382690 -2239.325928 16.359562	0.051 0.000 -0.007
ttt_random_ammo	90.398788 -2206.116455 16.355446	0.047 0.000 -0.013
ttt_random_ammo	-334.378357 546.128418 0.441914	0.884 -0.024 -1.048
ttt_random_ammo	-355.252686 545.898621 0.348956	0.053 -0.000 0.010
ttt_random_ammo	-345.620575 597.193970 0.314698	0.047 -0.000 0.034
ttt_random_ammo	-372.053497 597.793762 0.375854	0.157 -0.001 -0.130
ttt_random_ammo	-329.790192 353.484283 0.327797	0.046 -0.000 0.029
ttt_random_ammo	-349.620850 353.757202 0.335186	0.047 -0.000 0.024
ttt_random_ammo	-326.397675 313.172760 0.361449	0.068 -0.000 -0.016
ttt_random_ammo	-351.527435 316.902649 0.408729	1.668 -0.029 -2.013
ttt_random_ammo	111.486877 -69.307594 16.369150	0.084 0.000 0.038
ttt_random_ammo	144.225647 -70.719276 16.353300	0.052 -0.000 0.009
ttt_random_ammo	306.230225 -69.723984 16.370939	0.096 0.000 0.054
ttt_random_ammo	336.977966 -75.818535 16.392229	1.018 0.013 1.185
ttt_random_ammo	196.793137 -223.756287 16.372715	0.100 -0.000 -0.060
ttt_random_ammo	230.135162 -223.079025 16.372711	0.100 -0.000 -0.060
ttt_random_ammo	254.948502 -223.412292 16.365379	0.072 -0.000 -0.022
ttt_random_ammo	181.507050 -200.990753 16.394484	1.312 -0.021 -1.544
ttt_random_ammo	400.757263 -216.368622 16.357391	0.066 0.000 0.011
ttt_random_ammo	382.021027 -214.752747 16.382004	0.276 0.001 0.279
ttt_random_ammo	365.457947 -213.185623 16.342220	0.049 0.000 -0.018
ttt_random_ammo	387.809174 -610.471924 16.322647	0.046 0.000 -0.031
ttt_random_ammo	367.901794 -607.367310 16.357430	0.062 0.000 0.005
ttt_random_ammo	187.419418 -705.352417 16.337574	0.045 0.000 -0.025
ttt_random_ammo	186.680374 -676.437317 16.370943	0.091 -0.000 -0.048
ttt_random_ammo	214.780487 -705.797607 16.386976	0.268 0.001 0.272
ttt_random_ammo	217.023529 -679.854248 16.382717	0.179 0.001 0.161
ttt_random_ammo	235.559036 -708.460754 16.314667	0.046 0.000 -0.035
ttt_random_ammo	239.912491 -680.022156 16.365385	0.071 -0.000 -0.021
ttt_random_ammo	268.522888 -702.675903 16.376268	0.115 0.000 0.080
ttt_random_ammo	266.946899 -683.017273 16.394703	0.672 0.006 0.766
weapon_zm_rifle	1269.129272 29.592678 -256.910065	3.682 10.226 64.817
weapon_ttt_glock	163.281845 -653.704163 209.107498	-0.606 25.135 90.962
weapon_zm_mac10	342.450684 -628.187134 209.256729	-0.668 -51.681 -88.396
weapon_zm_pistol	151.385712 -627.726746 208.936325	0.296 -35.607 -89.334
weapon_ttt_revolver	322.479126 -1890.574219 -110.357674	4.405 26.886 79.877
weapon_zm_shotgun	339.723419 -297.441315 209.064331	-0.417 -15.252 -83.831
weapon_zm_shotgun	271.131348 -1897.524902 -110.881172	-0.394 -8.497 -84.342
weapon_zm_shotgun	282.369415 -1842.918701 -110.956512	-0.242 -8.498 -83.632
weapon_zm_revolver	318.736908 -1843.669434 -111.143456	2.224 -18.471 -84.156
weapon_ttt_aug	65.452736 -1816.205444 16.573292	0.040 9.779 86.873
weapon_ttt_sg552	312.079529 -212.717957 209.042053	2.297 1.124 -84.795
