# Trouble in Terrorist Town weapon/ammo placement overrides
# For map: cs_meridian
# Exported by: Kopa King
setting:	replacespawns 1
weapon_ttt_ak47	-514.559265 1089.287720 252.556854	-2.250 11.928 -88.192
ttt_playerspawn	-1848.143677 722.753784 40.526482	-0.030 -0.000 0.030
ttt_playerspawn	-1899.662964 844.466064 40.503555	-0.039 -0.000 0.039
ttt_playerspawn	-1853.760864 1041.030640 40.561520	-0.015 -0.000 0.015
ttt_playerspawn	-1644.205566 1038.641968 40.510563	-0.036 -0.000 0.036
ttt_playerspawn	-1648.327759 723.368530 40.491177	0.044 0.000 0.044
ttt_playerspawn	-1760.843018 767.065002 208.327698	-0.035 1.201 -0.035
ttt_playerspawn	-1621.233643 780.632874 207.284851	-0.037 -0.092 0.037
ttt_playerspawn	-962.085266 698.084778 208.128891	-0.014 -1.432 0.014
ttt_playerspawn	-1098.338745 696.705811 211.961426	-0.025 -0.277 0.025
ttt_playerspawn	-1098.749512 967.693115 207.862549	-0.013 1.247 0.013
ttt_playerspawn	-925.766296 941.744141 208.915939	-0.030 0.277 0.030
ttt_playerspawn	1092.246094 996.113281 -127.869713	-0.039 -25.593 0.039
ttt_playerspawn	1115.314331 758.212646 -137.214966	-0.045 0.416 0.045
ttt_playerspawn	976.907410 766.453186 -138.800888	-0.049 0.092 0.049
ttt_playerspawn	1423.395386 921.207214 -102.400452	-0.025 -0.647 0.025
ttt_playerspawn	1335.675903 811.259216 -105.495552	-0.040 -0.000 0.040
ttt_playerspawn	-786.254700 820.719604 40.532787	0.081 0.000 0.081
ttt_playerspawn	-1198.351563 1071.048218 40.576889	-0.029 0.000 0.027
ttt_playerspawn	-1344.481445 1073.523682 40.557224	-0.052 -0.000 0.052
ttt_playerspawn	-1376.012207 760.325928 40.562073	-0.046 0.000 0.046
ttt_playerspawn	-1037.191284 959.931274 40.524185	-0.092 -0.000 0.092
ttt_playerspawn	-1050.505981 815.703735 40.543911	-0.068 -0.000 0.068
ttt_playerspawn	-2432.775635 936.409119 -215.666519	-0.049 1.294 0.049
ttt_playerspawn	-2427.983154 785.820374 -211.370743	-0.030 -0.265 0.030
ttt_playerspawn	-1996.643433 1016.493042 -239.476913	-0.031 -0.000 0.031
ttt_playerspawn	-1990.331787 1118.389282 -239.485474	-0.034 -0.000 0.034
ttt_playerspawn	-1821.971802 675.119873 -82.107201	10.754 -164.242 -8.078
ttt_playerspawn	-1758.336304 869.873413 -92.186264	-0.050 0.046 0.050
ttt_playerspawn	-2006.812012 831.136230 -94.738686	0.040 -0.277 0.040
ttt_playerspawn	-1120.608887 594.388550 -99.515579	-0.046 -0.000 0.046
ttt_playerspawn	-762.919250 605.180420 -99.502441	-0.041 -0.000 0.041
ttt_playerspawn	-1370.580933 1118.635498 -99.489441	-0.036 -0.000 0.036
ttt_playerspawn	-1012.703735 1118.235474 -99.479279	-0.032 -0.000 0.032
ttt_playerspawn	-1175.419800 1113.497437 -99.495003	-0.038 -0.000 0.038
ttt_playerspawn	-873.456543 1119.480591 -99.524643	-0.050 -0.000 0.050
ttt_playerspawn	317.577576 718.514832 44.044437	-0.034 0.370 -0.034
ttt_playerspawn	-240.175125 609.818665 210.486511	-0.047 -0.832 0.047
ttt_playerspawn	-143.874756 636.378113 210.156418	-0.037 -0.092 0.037
ttt_playerspawn	-168.056030 1118.092896 205.122559	-0.021 0.832 0.021
item_box_buckshot_ttt	-1748.066284 533.996216 201.420410	-0.724 -0.006 0.643
item_box_buckshot_ttt	-1775.606567 613.096436 201.380432	-0.066 0.002 0.141
item_box_buckshot_ttt	-1706.639160 964.989807 252.114960	0.362 -0.340 -2.448
item_box_buckshot_ttt	-1708.147339 1010.849976 250.228882	0.404 -0.343 -2.459
item_box_buckshot_ttt	-1572.113647 958.844666 252.372650	0.377 -0.076 -2.601
item_box_buckshot_ttt	-1570.505005 1009.715759 250.289352	0.330 -0.339 -2.438
item_box_buckshot_ttt	-1243.200439 878.534851 -99.655830	0.618 0.003 -0.491
item_box_buckshot_ttt	-1257.171753 821.377502 -99.598000	-0.870 -0.012 0.773
item_ammo_357_ttt	-740.922180 649.263977 201.393890	0.463 0.057 0.030
item_ammo_357_ttt	-743.152100 717.440613 201.340622	0.453 0.066 0.051
item_ammo_357_ttt	-736.864868 934.663818 201.404602	0.465 0.056 0.026
item_ammo_357_ttt	-744.901001 1012.533997 201.403595	0.465 0.056 0.026
item_ammo_357_ttt	334.981323 1071.375366 38.351860	0.455 0.062 0.047
item_ammo_357_ttt	356.515259 1044.945801 38.307632	0.446 0.081 0.064
item_ammo_357_ttt	367.815674 1016.627319 38.428551	0.477 0.479 0.515
item_ammo_357_ttt	378.243286 989.050415 38.346371	0.454 0.064 0.049
item_ammo_357_ttt	-181.027405 982.071655 201.362137	0.457 0.060 0.043
item_ammo_357_ttt	-187.828354 923.703613 201.391541	0.463 0.057 0.031
item_ammo_357_ttt	-183.818985 749.238525 201.330444	0.451 0.070 0.055
item_ammo_357_ttt	-190.476532 800.776978 201.332550	0.451 0.066 0.054
item_ammo_357_ttt	-1334.383057 1040.480103 201.390335	0.462 0.057 0.031
item_ammo_357_ttt	-1428.939819 1041.525024 201.402588	0.465 0.056 0.027
item_ammo_357_ttt	-1334.931152 957.688782 201.375885	0.460 0.058 0.037
item_ammo_357_ttt	-1419.529053 973.285645 201.323959	0.450 0.070 0.058
item_ammo_revolver_ttt	-1065.096924 897.679138 -99.676125	0.449 0.068 0.059
item_ammo_revolver_ttt	-1070.940796 876.200500 -99.676125	0.449 0.068 0.059
item_ammo_revolver_ttt	-1073.870483 823.142517 -99.680611	0.448 0.072 0.061
item_ammo_revolver_ttt	-1077.340088 805.315247 -99.625610	0.459 0.057 0.038
item_ammo_revolver_ttt	-1482.513794 1087.565430 40.342567	0.453 0.064 0.050
item_ammo_revolver_ttt	-1458.505005 1128.340210 40.319473	0.449 0.075 0.059
item_ammo_revolver_ttt	-993.131592 1137.977417 50.398319	0.463 0.054 0.029
item_ammo_revolver_ttt	-1006.701721 1101.275757 50.334534	0.451 0.064 0.054
item_ammo_revolver_ttt	-964.553467 1126.927246 50.323879	0.449 0.068 0.059
item_ammo_revolver_ttt	-966.286743 1107.760376 50.384010	0.461 0.055 0.035
item_ammo_revolver_ttt	-942.357544 1149.142700 50.365288	0.457 0.058 0.042
item_ammo_revolver_ttt	-928.071533 1125.249878 50.351795	0.454 0.059 0.048
item_ammo_revolver_ttt	-913.674316 1111.792358 50.399399	0.464 0.054 0.028
item_ammo_revolver_ttt	-936.099915 1103.159912 50.363686	0.456 0.058 0.043
item_ammo_smg1_ttt	-520.775391 1069.063110 251.877625	-2.409 -0.102 0.159
item_ammo_smg1_ttt	-538.553284 1119.716064 250.954193	-0.058 0.140 -9.979
item_ammo_smg1_ttt	-272.873199 1136.556641 201.401749	-0.170 0.005 0.102
item_ammo_smg1_ttt	-240.876999 1149.214355 201.478622	-0.507 0.001 0.217
item_ammo_smg1_ttt	-873.278992 566.169434 201.399292	0.152 -0.005 0.090
item_ammo_smg1_ttt	-974.753845 577.018005 201.426514	0.593 -0.003 0.386
item_ammo_smg1_ttt	-1033.409180 582.145813 201.498184	-0.817 0.012 -0.607
item_ammo_smg1_ttt	-1132.620117 583.661072 201.496216	-0.859 -0.012 -0.638
item_ammo_smg1_ttt	-1233.183228 1008.139832 201.401749	-0.169 0.005 0.102
item_ammo_smg1_ttt	-1233.406860 1049.063477 217.627197	-0.121 0.025 -0.017
item_ammo_smg1_ttt	-852.258179 1008.380920 201.509094	0.386 -0.011 -0.315
item_ammo_smg1_ttt	-808.026550 995.089233 201.415756	-0.337 0.005 0.215
item_ammo_smg1_ttt	-1926.487183 1114.124756 40.426510	0.598 -0.003 0.389
item_ammo_smg1_ttt	-1846.464355 1148.409302 40.420155	0.422 -0.004 0.272
item_ammo_smg1_ttt	-1970.185913 950.293335 40.502037	-0.728 0.011 -0.545
item_ammo_smg1_ttt	-1959.309814 1021.246399 40.518082	-0.235 0.013 -0.205
item_ammo_smg1_ttt	-1973.502441 783.532837 40.499710	-0.839 0.011 -0.626
item_ammo_smg1_ttt	-1948.958130 693.486816 40.417973	0.378 -0.005 0.242
item_ammo_smg1_ttt	-1873.642334 614.862061 40.424423	0.526 -0.004 0.341
item_ammo_smg1_ttt	-1892.647705 650.673889 40.399288	0.153 -0.005 0.090
item_ammo_smg1_ttt	1051.360474 1093.978027 -143.567398	0.836 -0.001 0.549
item_ammo_smg1_ttt	1018.027405 1102.735229 -143.577698	0.471 -0.004 0.304
item_ammo_smg1_ttt	1154.347900 1088.616089 -143.588776	0.268 -0.005 0.168
item_ammo_smg1_ttt	1193.031006 1043.648315 -143.486725	-0.275 0.014 -0.232
item_ammo_smg1_ttt	1049.242310 594.700684 -143.593445	0.212 0.005 -0.131
item_ammo_smg1_ttt	1118.245850 626.573059 -143.524429	0.561 0.014 -0.251
item_ammo_smg1_ttt	1406.846924 811.467224 -111.571434	-0.671 0.003 0.438
item_ammo_smg1_ttt	1421.815308 840.097473 -111.490227	0.362 -0.011 -0.299
item_ammo_smg1_ttt	1344.592163 990.714844 -111.525749	0.569 -0.014 0.261
item_ammo_smg1_ttt	1362.739746 952.867493 -111.573494	0.595 -0.003 0.387
item_ammo_smg1_ttt	-1475.783081 999.823914 -99.582031	0.374 -0.005 0.240
item_ammo_smg1_ttt	-1500.427124 942.444336 -99.449402	-0.067 0.018 -0.058
item_ammo_smg1_ttt	-1481.121704 733.111145 -99.499512	-0.794 0.013 -0.590
item_ammo_smg1_ttt	-1501.683472 783.257263 -99.573486	0.595 -0.003 0.388
ttt_random_weapon	52.122551 1061.713501 236.217026	1.683 4.767 -93.037
ttt_random_weapon	-3.813429 1050.239624 236.136169	2.268 3.744 -92.984
ttt_random_weapon	29.416245 1144.749756 236.188522	2.005 4.789 -92.299
ttt_random_weapon	22.664074 568.721436 236.205399	1.814 4.776 -92.736
ttt_random_weapon	60.137749 648.067261 236.197647	1.902 4.782 -92.536
ttt_random_weapon	10.070599 654.105225 236.208511	1.779 4.773 -92.817
ttt_random_weapon	-374.721313 584.310974 202.211945	1.741 4.771 -92.905
ttt_random_weapon	-471.005188 587.268677 202.195313	1.928 4.784 -92.476
ttt_random_weapon	-195.393402 790.527283 -98.796562	1.837 4.713 -92.685
ttt_random_weapon	143.034348 803.682373 -98.846245	2.222 2.076 -92.492
ttt_random_weapon	225.040894 647.337463 -98.800819	1.884 4.716 -92.576
ttt_random_weapon	132.361221 650.125427 -98.797249	1.844 4.714 -92.668
weapon_ttt_g3sg1	-739.966248 684.545105 202.353821	-0.885 2.028 -87.914
weapon_ttt_g3sg1	-742.774841 967.669861 202.413651	-1.236 0.207 -87.948
weapon_ttt_g3sg1	390.571625 967.040466 39.068275	-0.179 -42.864 87.866
weapon_ttt_g3sg1	337.193359 1022.798523 39.352783	-0.881 2.035 -87.927
weapon_ttt_sg550	-187.837677 948.710999 202.603317	0.306 -12.614 -90.120
weapon_ttt_sg550	-197.021088 773.021179 202.528214	0.393 -12.633 -89.656
weapon_zm_sledge	-129.791321 921.788757 -118.249367	12.136 0.418 2.700
weapon_zm_sledge	75.247253 909.225647 -102.191551	18.634 -0.364 2.992
weapon_zm_sledge	344.670776 964.686218 -102.191551	18.634 -0.365 2.992
weapon_ttt_mp5	-1230.370239 1038.007568 200.470932	-7.400 0.422 -2.959
weapon_ttt_mp5	-821.307495 1036.945068 200.487686	-7.367 1.083 -2.337
weapon_ttt_galil	-917.020264 594.495789 202.172714	0.788 -12.944 -87.705
weapon_ttt_galil	-1075.843750 585.478821 202.179443	0.768 -12.946 -87.752
ttt_random_ammo	79.779320 871.450928 243.312759	6.268 -54.533 -94.754
ttt_random_ammo	63.270161 919.477051 244.097885	17.913 39.140 -96.826
ttt_random_ammo	27.882738 843.614563 243.855759	-3.407 -53.735 -100.372
ttt_random_ammo	38.315754 809.468201 244.077515	8.694 105.115 95.067
ttt_random_ammo	13.065888 806.727905 243.586990	0.392 78.284 87.590
ttt_random_ammo	82.372231 783.180664 243.035797	0.418 12.041 -89.083
ttt_random_ammo	95.054573 785.027893 243.912048	1.478 16.707 -91.423
ttt_random_ammo	67.314545 887.559387 244.021576	-0.043 -55.851 -92.122
ttt_random_ammo	44.715351 910.338379 243.576355	-1.453 -54.146 -91.777
ttt_random_ammo	18.704741 892.852051 243.155563	1.480 -53.829 -78.393
ttt_random_ammo	-1.261960 852.276794 243.581207	-1.240 -54.144 -91.828
ttt_random_ammo	-9.188048 825.019653 243.402710	4.837 -57.568 -92.409
ttt_random_ammo	26.641491 823.880737 243.264694	0.789 -76.509 -92.153
ttt_random_ammo	38.354603 929.924744 243.893982	6.087 -55.189 -102.496
ttt_random_ammo	75.091881 935.990051 243.661163	-1.817 20.406 -92.237
ttt_random_ammo	51.470089 861.698120 243.912903	-1.116 -55.018 -99.870
ttt_random_ammo	73.470886 793.882019 243.245911	0.859 -39.287 -85.226
ttt_random_ammo	3.226707 870.216797 241.989624	4.577 -50.898 -80.915
ttt_random_ammo	62.397060 761.620911 243.867737	-0.698 -53.401 -100.753
ttt_random_ammo	120.323029 849.827271 244.421524	-0.479 -42.265 90.245
ttt_random_ammo	-364.024048 558.865051 201.382065	-0.167 -0.001 0.144
ttt_random_ammo	-390.316956 557.728271 201.380188	-0.150 -0.001 0.123
ttt_random_ammo	-462.327423 560.203430 201.358429	-0.059 -0.000 0.001
ttt_random_ammo	-496.223267 552.968018 201.380173	-0.148 -0.001 0.120
ttt_random_ammo	-207.328827 809.644714 -99.576950	1.595 0.042 1.937
ttt_random_ammo	-189.431259 776.556885 -99.610855	0.413 0.003 0.446
ttt_random_ammo	149.335144 783.812439 -99.555794	1.085 0.028 1.313
ttt_random_ammo	143.651093 824.624939 -99.605484	1.103 0.015 1.288
ttt_random_ammo	196.146622 639.290161 -99.640450	0.063 0.000 0.006
ttt_random_ammo	217.798828 667.227173 -99.532700	0.616 0.021 0.748
ttt_random_ammo	157.877701 648.321167 -99.674675	0.047 0.000 -0.032
ttt_random_ammo	106.650154 651.923767 -99.537727	0.713 0.022 0.865
weapon_zm_rifle	-1383.151611 1033.058838 200.057739	3.775 12.648 64.820
weapon_zm_rifle	-1379.545288 964.688110 200.071823	3.741 12.649 64.887
weapon_ttt_tmp	-1903.798584 1138.515503 41.299297	0.134 -23.290 -89.110
weapon_ttt_tmp	-1975.792603 999.796265 41.240421	0.154 -23.281 -88.583
weapon_ttt_tmp	-1973.380981 735.712830 41.269836	0.144 -23.286 -88.846
weapon_ttt_tmp	-1822.131592 648.540405 41.409046	-0.084 99.923 -89.841
weapon_ttt_confgrenade	-370.302643 1077.954224 203.116333	15.407 -25.986 -89.649
weapon_ttt_confgrenade	-334.615692 1080.744751 203.145676	15.049 -26.101 -90.205
weapon_ttt_confgrenade	-115.307426 1154.524902 203.174011	14.293 -26.233 -90.833
weapon_ttt_confgrenade	-78.866325 1135.381714 203.158676	14.890 -26.151 -90.452
weapon_ttt_confgrenade	-680.999634 559.054016 203.288300	13.251 -26.607 -92.939
weapon_ttt_confgrenade	-697.855225 582.524536 203.148438	15.017 -26.114 -90.257
weapon_zm_shotgun	-1758.876343 568.974792 202.101776	-0.358 -8.777 -84.188
weapon_zm_shotgun	-1706.822021 979.530090 252.104996	-0.810 -10.046 -85.525
weapon_zm_shotgun	-1575.344360 977.004944 252.820938	-0.669 -1.156 -92.172
weapon_zm_shotgun	-1246.015747 854.834961 -98.980339	-0.194 -8.492 -83.408
weapon_ttt_famas	-226.216537 1129.595703 202.148712	0.030 15.424 89.762
weapon_zm_revolver	-1042.106567 902.484436 -99.166245	2.215 -18.401 -83.922
weapon_zm_revolver	-1048.597656 808.238342 -99.162155	2.217 -18.398 -83.964
weapon_zm_revolver	-1477.415161 1102.881958 40.970448	1.846 -20.629 -86.063
weapon_zm_revolver	-1008.867676 1117.069702 50.831665	2.215 -18.398 -83.900
weapon_zm_revolver	-961.458252 1143.606445 50.828335	2.211 -18.353 -83.870
weapon_zm_revolver	-950.189453 1120.157959 50.820717	2.210 -18.356 -83.788
weapon_zm_revolver	-919.699646 1138.871704 50.839840	2.218 -18.429 -83.984
weapon_ttt_aug	1091.131104 610.457703 -143.478409	0.086 9.732 86.552
weapon_ttt_aug	1457.545044 777.696411 -111.488998	0.094 9.732 86.494
weapon_ttt_aug	1380.537476 992.090454 -111.421761	0.042 9.731 86.860
weapon_ttt_aug	-1513.161255 975.454224 -99.454224	0.220 9.638 87.187
weapon_ttt_aug	-1520.276001 750.203064 -99.431473	0.162 9.636 87.179
weapon_ttt_sg552	1054.127197 1127.717285 -142.956223	2.262 1.560 -84.752
weapon_ttt_sg552	1189.590088 1078.485962 -142.948532	2.103 1.603 -84.557
