# Trouble in Terrorist Town weapon/ammo placement overrides
# For map: de_gold_dust2
# Exported by: Razor  武士
setting:	replacespawns 0
ttt_playerspawn	-451.600342 -742.948669 125.039330	-0.093 -7.285 0.093
ttt_playerspawn	-161.624405 -733.465576 56.497108	-0.073 -15.054 0.073
ttt_playerspawn	-640.835754 -852.742249 135.488190	-0.090 0.095 0.090
ttt_playerspawn	-637.005920 -740.567993 136.073975	-0.073 -5.254 0.073
ttt_playerspawn	-776.022156 -715.430847 141.643555	-0.050 -1.345 0.049
ttt_playerspawn	-765.150452 -853.267334 143.247116	-0.071 -16.070 0.071
ttt_playerspawn	-875.137939 -720.490967 136.678040	-0.301 -2.211 -0.088
ttt_playerspawn	-894.211548 -828.595032 134.441803	-0.224 4.793 -0.015
ttt_playerspawn	-976.888611 -724.843628 141.336777	-0.069 -1.712 0.069
ttt_playerspawn	-1051.163452 -847.216553 138.887665	-0.085 5.567 0.085
ttt_playerspawn	-1327.414185 -648.873535 138.136520	-0.011 -3.280 0.011
ttt_playerspawn	-1198.670288 -816.921387 141.578537	-0.081 0.843 0.081
ttt_playerspawn	-1176.821289 -662.431030 135.016251	-0.075 -9.843 0.075
ttt_playerspawn	-358.522827 -722.902039 102.396172	0.000 -5.969 0.000
ttt_playerspawn	-400.872894 -835.533691 109.658142	0.002 -1.990 0.000
ttt_playerspawn	-239.123016 -787.579102 68.608810	3.768 0.488 -1.038
ttt_playerspawn	135.441864 2446.209229 -118.796722	-0.008 -6.963 0.007
ttt_playerspawn	122.093857 2368.359863 -117.351715	-0.012 4.402 0.011
ttt_playerspawn	213.464798 2463.323242 -116.614426	-0.010 0.900 0.009
ttt_playerspawn	228.452087 2359.784912 -118.520752	-0.009 4.447 0.008
ttt_playerspawn	319.176178 2455.877686 -119.127907	-0.015 -4.244 0.015
ttt_playerspawn	311.992706 2338.586182 -120.112534	-0.009 -1.156 0.009
ttt_playerspawn	396.723907 2446.032715 -119.447983	-0.010 3.207 0.009
ttt_playerspawn	413.729401 2360.011963 -115.860962	-0.013 -3.241 0.013
ttt_playerspawn	437.530151 2267.929688 -118.974602	-0.007 -5.296 0.208
ttt_playerspawn	427.874146 2181.264404 -113.765350	-0.027 -7.980 0.028
ttt_playerspawn	337.463745 2170.797119 -115.753738	-0.049 -3.972 0.049
ttt_playerspawn	272.738617 2247.054932 -119.599846	0.158 3.797 0.158
ttt_playerspawn	242.713593 2125.043945 -114.739403	-0.000 10.119 -0.031
ttt_playerspawn	141.779068 2209.148682 -119.079208	-0.088 4.435 0.088
ttt_playerspawn	81.365898 2101.615479 -118.027176	-0.078 -1.873 0.078
ttt_playerspawn	44.944611 2184.443359 -118.107574	-0.037 -0.138 0.038
weapon_ttt_ak47	-1745.213013 -176.074341 256.889648	0.135 13.138 -87.529
item_ammo_357_ttt	1746.612427 1007.130859 128.385361	0.461 0.051 0.033
item_ammo_357_ttt	1765.429565 1006.358276 128.346359	0.454 0.064 0.049
item_ammo_357_ttt	1052.597656 3012.317139 192.340668	0.453 0.030 0.051
item_ammo_357_ttt	1078.213379 3009.610596 192.409470	0.466 0.056 0.024
item_ammo_357_ttt	1765.615234 382.345490 256.342621	0.453 0.041 0.050
item_ammo_357_ttt	1753.390503 382.781555 256.387939	0.462 0.058 0.032
item_ammo_357_ttt	1740.129883 381.981232 256.342621	0.453 0.040 0.050
item_ammo_357_ttt	1730.811646 382.402557 256.335358	0.532 0.153 0.005
item_ammo_revolver_ttt	1766.982666 335.301971 256.317230	0.448 0.075 0.060
item_ammo_revolver_ttt	1748.865356 335.736450 256.360504	0.457 0.044 0.043
item_ammo_revolver_ttt	1731.822266 335.273132 256.314911	0.448 0.013 0.061
item_ammo_revolver_ttt	1707.407837 347.571228 256.351898	0.455 0.060 0.047
item_ammo_revolver_ttt	1706.704468 360.132538 256.365387	0.457 0.047 0.041
item_ammo_revolver_ttt	1719.305664 352.833435 256.328369	0.450 0.070 0.056
item_ammo_smg1_ttt	-1712.092773 -181.132996 256.501923	-0.586 0.012 -0.449
item_ammo_smg1_ttt	-1712.312134 -208.094086 256.508911	-0.393 0.010 -0.318
item_ammo_pistol_ttt	16.049334 2292.111328 -31.641396	-0.122 -0.019 -0.037
item_ammo_pistol_ttt	31.480818 2291.891113 -31.633183	-0.115 -0.019 -0.035
item_ammo_pistol_ttt	47.396667 2289.715088 -31.623583	-0.107 -0.019 -0.032
weapon_ttt_g3sg1	1754.078857 975.260193 129.312180	-0.769 2.030 -88.055
weapon_ttt_g3sg1	1755.452759 358.659821 257.307281	-0.752 2.040 -88.101
ttt_random_weapon	-1385.259277 2743.785400 9.017991	-6.389 6.824 -94.097
ttt_random_weapon	-1583.061279 2743.611328 64.731277	1.533 3.711 -93.380
ttt_random_weapon	-1696.561401 2867.042480 1.248030	1.332 4.775 -93.841
ttt_random_weapon	-1629.114746 2867.791992 1.248030	1.332 3.991 -93.841
ttt_random_weapon	-1561.905640 2863.358643 1.248029	1.332 3.953 -93.841
ttt_random_weapon	-2014.325073 3098.228271 33.248032	1.332 4.752 -93.841
ttt_random_weapon	-2078.460205 3225.489258 193.225998	1.582 5.778 -93.269
ttt_random_weapon	-2000.678711 3233.950439 225.232101	1.512 5.911 -93.428
ttt_random_weapon	-1933.824097 3216.265625 225.239365	1.430 5.745 -93.617
ttt_random_weapon	-1975.521362 3171.109131 209.230042	1.536 5.912 -93.375
ttt_random_weapon	-1927.127563 3245.993408 161.234589	1.485 0.763 -93.492
ttt_random_weapon	-2056.917725 2861.740967 129.228760	1.550 5.918 -93.341
ttt_random_weapon	-1631.251465 1621.227783 1.172072	1.685 5.345 -93.055
ttt_random_weapon	-1610.904297 1712.080933 129.224686	1.597 5.898 -93.235
ttt_random_weapon	-1178.049927 2074.487305 49.231331	1.521 5.894 -93.407
ttt_random_weapon	-279.408142 1733.758789 -126.751961	1.332 3.982 -93.841
ttt_random_weapon	-291.672211 1510.774414 -126.751945	1.332 4.026 -93.840
ttt_random_weapon	-773.373779 1302.195923 -110.751961	1.332 3.945 -93.841
ttt_random_weapon	-1180.754517 1488.692261 -46.766781	1.500 5.889 -93.456
ttt_random_weapon	-1104.448853 1496.105469 -46.775646	1.601 5.898 -93.226
ttt_random_weapon	-1182.496704 1308.520630 -110.751961	1.332 3.995 -93.841
ttt_random_weapon	-2138.974121 1179.612427 33.248028	1.332 3.998 -93.841
ttt_random_weapon	484.323364 2494.765869 -126.827934	1.685 5.346 -93.055
ttt_random_weapon	413.479553 2504.759033 -126.796677	1.540 5.345 -93.378
ttt_random_weapon	205.185532 2516.807617 -126.808128	1.593 5.346 -93.260
ttt_random_weapon	158.509155 2514.796387 -126.800911	1.560 5.346 -93.334
ttt_random_weapon	96.856766 2500.153320 -126.839020	1.737 5.346 -92.941
ttt_random_weapon	676.425354 2330.530762 1.230272	1.533 5.896 -93.380
ttt_random_weapon	676.256165 2360.118408 1.226725	1.574 5.898 -93.288
ttt_random_weapon	684.237061 2385.291992 1.227367	1.566 5.898 -93.304
ttt_random_weapon	621.809570 2357.364502 41.232742	1.505 5.890 -93.444
ttt_random_weapon	625.082886 2381.630615 41.228168	1.557 5.857 -93.325
ttt_random_weapon	1082.040283 2416.329102 160.724609	1.586 3.718 -93.260
ttt_random_weapon	1078.547363 2442.641357 160.729156	1.534 3.706 -93.377
ttt_random_weapon	1226.615723 2534.008545 160.737915	1.447 3.697 -93.578
ttt_random_weapon	1227.459595 2495.979004 160.715424	1.701 3.739 -92.995
ttt_random_weapon	1239.152466 2360.869629 97.248039	1.332 4.210 -93.841
ttt_random_weapon	1239.771118 2421.135010 97.248039	1.332 4.188 -93.841
ttt_random_weapon	1237.435181 2455.436768 97.248039	1.332 4.188 -93.841
ttt_random_weapon	1238.649902 2392.877930 97.248039	1.332 4.210 -93.841
ttt_random_weapon	1077.324951 2954.039795 129.170074	1.699 5.345 -93.034
ttt_random_weapon	1769.288086 1816.944336 137.229736	1.540 5.896 -93.365
ttt_random_weapon	1721.400635 1818.422241 137.238617	1.439 5.875 -93.596
ttt_random_weapon	1482.787720 39.850281 -190.751968	1.332 4.013 -93.841
ttt_random_weapon	1422.929688 47.826725 -190.751968	1.332 4.753 -93.841
ttt_random_weapon	1376.279053 43.551590 -190.751968	1.332 3.964 -93.841
ttt_random_weapon	1318.626587 29.298456 -126.770439	1.541 5.899 -93.362
ttt_random_weapon	1563.223145 230.585205 -126.767159	1.504 5.894 -93.446
ttt_random_weapon	1663.643066 343.320923 65.248032	1.332 4.004 -93.841
ttt_random_weapon	1760.617676 445.632538 65.248032	1.332 3.941 -93.841
ttt_random_weapon	1676.123291 996.300110 65.248032	1.332 3.977 -93.841
ttt_random_weapon	1009.764954 291.807556 97.229523	1.542 5.898 -93.360
ttt_random_weapon	1001.862366 331.925232 97.235435	1.475 5.889 -93.513
ttt_random_weapon	1059.420044 231.853165 129.231888	1.515 5.894 -93.422
ttt_random_weapon	1007.721375 232.548721 129.237473	1.452 5.882 -93.566
ttt_random_weapon	794.296936 1194.054932 129.228790	1.550 5.902 -93.341
ttt_random_weapon	853.393127 1189.215942 129.227585	1.564 5.903 -93.310
ttt_random_weapon	810.104980 1124.993774 129.234222	1.488 5.893 -93.483
ttt_random_weapon	813.877075 1144.624756 129.229935	1.537 5.901 -93.371
ttt_random_weapon	-471.143494 -579.879517 1.183815	1.632 5.348 -93.176
ttt_random_weapon	-421.242767 -574.400208 1.174449	1.676 5.347 -93.079
ttt_random_weapon	-490.939484 -211.328049 1.172076	1.685 5.345 -93.056
ttt_random_weapon	-484.112518 -241.532776 1.182742	1.636 5.347 -93.166
ttt_random_weapon	-486.677277 -264.402496 1.198303	1.563 5.346 -93.326
ttt_random_weapon	-994.539124 -476.198059 257.229065	1.547 5.753 -93.349
ttt_random_weapon	-1008.822388 -607.087952 257.234833	1.482 5.891 -93.498
ttt_random_weapon	-1046.376221 -599.150879 257.229004	1.547 5.901 -93.348
ttt_random_weapon	-1062.291870 -556.171387 257.233734	1.494 5.893 -93.471
ttt_random_weapon	-1614.733765 -171.272339 129.196030	1.574 5.346 -93.303
ttt_random_weapon	-1607.705811 -213.454254 129.191940	1.593 5.347 -93.260
ttt_random_weapon	-1615.425537 -243.414261 129.234909	1.393 5.339 -93.705
ttt_random_weapon	-1519.727295 -218.661621 129.224350	1.442 5.342 -93.595
ttt_random_weapon	-1454.939819 -198.371765 129.209015	1.514 5.345 -93.437
ttt_random_weapon	-1449.041138 -177.197311 129.218781	1.468 5.343 -93.538
ttt_random_weapon	-2219.149658 -523.969299 129.199326	1.575 5.279 -93.338
ttt_random_weapon	-2176.602539 -530.057190 129.167496	1.708 5.348 -93.007
ttt_random_weapon	-2108.745605 -541.529175 129.171066	1.692 5.346 -93.044
ttt_random_weapon	-2113.292236 -597.948669 129.200974	1.566 5.265 -93.360
ttt_random_weapon	-2167.696777 -591.436584 129.174454	1.676 5.347 -93.079
ttt_random_weapon	-2217.155029 -585.870422 129.206619	1.525 5.345 -93.412
ttt_random_weapon	-2024.238770 619.174316 129.236862	1.459 5.887 -93.551
ttt_random_weapon	-1980.628784 616.523682 129.227707	1.562 5.864 -93.313
weapon_ttt_m16	22.721540 2323.466553 -31.164061	2.120 -5.962 84.088
weapon_zm_molotov	1717.263916 370.023224 256.137939	-0.920 -1.611 -1.404
weapon_zm_molotov	1718.683228 379.856415 256.132233	-0.976 -1.572 -1.491
weapon_zm_molotov	1718.732544 391.366272 256.129211	-1.013 -1.579 -1.533
weapon_zm_molotov	1776.481567 395.322083 256.147156	-0.828 -1.649 -1.264
weapon_zm_molotov	1777.730957 382.808868 256.156586	-0.735 -1.696 -1.120
weapon_zm_molotov	1779.529907 367.326843 256.116364	-1.134 -1.377 -1.734
weapon_zm_molotov	1776.106445 352.524261 256.116364	-1.134 -1.378 -1.734
weapon_zm_molotov	1756.968018 351.481628 256.150818	-0.798 -1.677 -1.205
weapon_zm_molotov	1745.311279 350.649719 256.116364	-1.134 -1.377 -1.734
weapon_zm_molotov	1734.049683 351.092987 256.126160	-1.036 -1.489 -1.584
weapon_ttt_sg550	1064.816895 3034.035645 193.573410	0.341 -12.592 -89.936
weapon_ttt_sg550	1747.507690 392.951355 257.537598	0.382 -12.630 -89.714
ttt_random_ammo	-1429.828003 2734.969727 1.888192	-9.851 0.258 -0.102
ttt_random_ammo	-1455.388428 2682.930664 0.375951	-0.286 -0.000 0.407
ttt_random_ammo	-1453.416992 2713.798584 0.356279	-0.051 0.000 0.132
ttt_random_ammo	-1453.595093 2747.539307 0.340257	0.008 -0.000 0.068
ttt_random_ammo	-1610.949219 2757.118408 63.868114	0.329 0.000 0.102
ttt_random_ammo	-1587.740845 2773.156006 63.845139	-0.213 0.000 -0.106
ttt_random_ammo	-1568.644653 2763.822754 63.869774	0.359 0.000 0.142
ttt_random_ammo	-1687.382813 2834.593018 0.351536	0.015 -0.000 0.056
ttt_random_ammo	-1642.576660 2848.160645 0.355875	0.007 -0.000 0.065
ttt_random_ammo	-1591.195190 2849.233154 0.347080	0.022 -0.000 0.051
ttt_random_ammo	-1562.170776 2839.424805 0.325411	0.039 -0.000 0.041
ttt_random_ammo	-2014.924072 3069.971680 32.405987	-0.913 -0.007 1.157
ttt_random_ammo	-2058.350342 3060.905029 32.408699	-1.059 -0.010 1.334
ttt_random_ammo	-2092.487549 3065.758789 32.349316	0.019 -0.000 0.053
ttt_random_ammo	-2078.275146 3028.618164 32.446285	-1.116 -0.025 1.390
ttt_random_ammo	-2027.891113 3042.330811 32.344803	0.025 -0.000 0.048
ttt_random_ammo	-2089.104004 3253.464355 192.408020	1.251 0.026 1.483
ttt_random_ammo	-2063.343994 3248.935547 192.403595	1.566 0.023 1.916
ttt_random_ammo	-1974.159302 3210.736084 224.403091	1.306 0.027 1.545
ttt_random_ammo	-2000.875977 3208.763184 224.337418	0.068 0.000 0.001
ttt_random_ammo	-1917.799072 3186.891113 224.412689	1.246 0.027 1.487
ttt_random_ammo	-1937.562988 3186.471924 224.372406	-0.081 -0.000 0.161
ttt_random_ammo	-1968.751709 3149.567383 208.410629	-1.286 -0.015 1.608
ttt_random_ammo	-1986.289307 3152.027832 208.384186	0.213 0.000 0.314
ttt_random_ammo	-2060.196777 3124.686035 160.370926	0.351 0.002 0.363
ttt_random_ammo	-2066.103760 3151.844727 160.380051	1.573 0.029 1.853
ttt_random_ammo	-2091.781006 3121.543457 160.351517	0.011 -0.000 0.061
ttt_random_ammo	-2088.342529 3152.431885 160.339737	0.072 0.000 0.007
ttt_random_ammo	-1624.918945 1651.029785 0.320058	0.042 0.000 -0.037
ttt_random_ammo	-1657.510742 1647.733887 0.351309	0.028 0.000 -0.038
ttt_random_ammo	-1679.575806 1628.689209 0.377060	0.013 -0.000 0.044
ttt_random_ammo	-1696.066284 1650.572998 0.337635	0.036 0.000 -0.036
ttt_random_ammo	-1599.040405 1690.231201 128.359818	0.022 0.000 -0.043
ttt_random_ammo	-1226.947021 2063.544922 0.382277	0.247 0.001 0.241
ttt_random_ammo	-1218.691895 2087.541504 0.349022	0.053 0.000 -0.011
ttt_random_ammo	-278.304108 1761.376343 -127.664757	0.051 -0.000 0.022
ttt_random_ammo	-277.120026 1704.629883 -127.636581	0.083 0.000 0.032
ttt_random_ammo	-314.691284 1717.606934 -127.669640	0.050 -0.000 0.026
ttt_random_ammo	-313.634583 1757.815063 -127.610695	0.604 0.005 0.679
ttt_random_ammo	-277.007935 1547.232422 -127.572128	1.331 0.031 1.606
ttt_random_ammo	-329.254028 1528.620728 -127.619484	0.260 0.001 0.256
ttt_random_ammo	-305.946655 1544.950806 -127.640617	0.084 -0.000 -0.031
ttt_random_ammo	-778.151917 1326.188110 -111.608047	1.062 0.014 1.237
ttt_random_ammo	-753.124207 1323.690674 -111.667191	0.048 0.000 -0.026
ttt_random_ammo	-741.863770 1297.981445 -111.624039	0.166 0.001 0.139
ttt_random_ammo	-1188.724365 1510.843018 -47.608826	0.130 0.000 0.105
ttt_random_ammo	-1168.086670 1514.276489 -47.618160	0.071 0.000 0.028
ttt_random_ammo	-1134.094849 1490.101563 -47.572460	1.501 0.036 1.798
ttt_random_ammo	-1134.141479 1515.843262 -47.632446	0.046 0.000 -0.010
ttt_random_ammo	-1186.887329 1336.784546 -111.565422	1.175 0.029 1.415
ttt_random_ammo	-1168.748291 1339.858154 -111.664772	0.048 0.000 -0.025
ttt_random_ammo	-2148.801758 1213.357422 32.346977	0.034 -0.000 0.036
ttt_random_ammo	-2123.139893 1210.987427 32.337696	0.039 0.000 -0.035
ttt_random_ammo	485.714813 2464.692871 -127.653282	0.056 -0.000 0.006
ttt_random_ammo	492.842834 2424.148438 -127.630760	0.074 0.000 0.026
ttt_random_ammo	488.294617 2384.497559 -127.607819	0.410 0.003 0.446
ttt_random_ammo	345.061829 2505.619873 -127.648819	0.047 0.000 -0.015
ttt_random_ammo	298.042816 2507.649170 -127.584351	-0.918 -0.011 1.068
ttt_random_ammo	238.352402 2513.781250 -127.627823	-0.063 -0.000 0.014
ttt_random_ammo	128.961212 2512.010986 -127.625862	-0.076 -0.000 0.030
ttt_random_ammo	99.838089 2471.207520 -127.551727	-1.591 -0.042 1.922
ttt_random_ammo	92.697556 2436.310059 -127.618454	-0.109 -0.000 0.075
ttt_random_ammo	83.273018 2388.472656 -127.614838	-0.135 -0.000 0.107
ttt_random_ammo	727.788086 2377.283691 0.335248	0.042 0.000 -0.031
ttt_random_ammo	722.908386 2349.797119 0.363680	0.043 0.000 -0.015
ttt_random_ammo	713.259033 2322.008545 0.361692	0.042 0.000 -0.017
ttt_random_ammo	591.588806 2381.303711 40.461800	-1.019 0.025 -1.260
ttt_random_ammo	592.182068 2352.275879 40.332779	0.051 -0.000 0.022
ttt_random_ammo	1090.931763 2382.489258 223.840698	0.203 -0.000 -0.116
ttt_random_ammo	1091.716187 2362.077393 223.849594	0.212 -0.000 -0.083
ttt_random_ammo	1067.425049 2354.152832 223.838364	0.202 -0.000 -0.122
ttt_random_ammo	1058.941528 2384.199951 223.849594	0.212 -0.000 -0.083
ttt_random_ammo	1247.536011 2517.735596 159.911560	1.331 0.026 1.439
ttt_random_ammo	1227.081177 2517.082275 159.853806	0.222 -0.000 -0.062
ttt_random_ammo	1194.643188 2349.286621 96.387939	0.890 -0.010 -1.026
ttt_random_ammo	1202.471680 2387.114258 96.337624	0.049 0.000 -0.023
ttt_random_ammo	1203.367676 2417.851318 96.421638	1.353 0.031 1.620
ttt_random_ammo	1204.323853 2454.008057 96.363434	0.082 0.000 0.031
ttt_random_ammo	1155.711548 2349.494141 96.375969	0.164 0.001 0.137
ttt_random_ammo	1155.552979 2384.597656 96.342293	0.051 0.000 -0.018
ttt_random_ammo	1159.856567 2419.726074 96.312012	0.049 0.000 -0.036
ttt_random_ammo	1170.017700 2447.245117 96.375961	0.165 0.001 0.138
ttt_random_ammo	1046.899780 2979.993652 128.403473	1.430 0.035 1.706
ttt_random_ammo	1045.026001 2950.007813 128.443878	-1.339 -0.030 1.625
ttt_random_ammo	1079.156494 2930.872070 128.320724	-0.040 0.000 0.040
ttt_random_ammo	1047.486572 2930.693848 128.371506	-0.205 -0.001 0.185
ttt_random_ammo	1718.805420 1851.084229 136.333511	-0.046 -0.000 -0.028
ttt_random_ammo	1739.645264 1849.554932 136.338348	-0.046 -0.000 -0.025
ttt_random_ammo	1766.456665 1841.655396 136.373566	-0.005 0.000 -0.068
ttt_random_ammo	1775.033203 1872.451538 136.333511	-0.046 -0.000 -0.028
ttt_random_ammo	1746.159424 1868.187012 136.363876	0.016 0.000 -0.048
ttt_random_ammo	1717.018066 1868.690552 136.323410	-0.046 -0.000 -0.033
ttt_random_ammo	1378.688721 73.329453 -191.646530	0.035 0.000 -0.032
ttt_random_ammo	1376.295166 104.189796 -191.662338	0.041 0.000 -0.033
ttt_random_ammo	1423.483643 72.362556 -191.630264	0.020 -0.000 0.042
ttt_random_ammo	1423.623413 107.404762 -191.648697	0.037 0.000 -0.030
ttt_random_ammo	1478.098022 64.864182 -191.644333	0.032 -0.000 0.034
ttt_random_ammo	1478.026855 96.857285 -191.644409	0.036 0.000 -0.029
ttt_random_ammo	1419.116089 23.455030 -191.617523	-0.002 -0.000 0.061
ttt_random_ammo	1462.278442 17.898430 -191.622986	0.019 0.000 -0.038
ttt_random_ammo	1326.718506 55.284451 -127.605507	0.298 0.002 0.311
ttt_random_ammo	1297.064209 51.695663 -127.657661	0.043 -0.000 0.026
ttt_random_ammo	1300.233276 74.511833 -127.677299	0.045 0.000 -0.034
ttt_random_ammo	1322.583740 79.652390 -127.636375	0.051 0.000 -0.006
ttt_random_ammo	1298.737549 105.737740 -127.577263	1.516 0.037 1.815
ttt_random_ammo	1319.460449 108.714333 -127.662354	0.043 0.000 -0.029
ttt_random_ammo	1671.319702 373.899658 64.414543	-0.475 -0.002 0.619
ttt_random_ammo	1638.553101 376.892090 64.430580	-1.353 -0.017 1.679
ttt_random_ammo	1677.537354 408.049561 64.332901	0.041 -0.000 0.035
ttt_random_ammo	1645.062500 412.065979 64.365837	0.025 -0.000 0.038
ttt_random_ammo	1751.950317 472.845215 64.367790	0.023 -0.000 0.039
ttt_random_ammo	1724.296631 463.976379 64.330429	0.042 -0.000 0.035
ttt_random_ammo	1721.156860 440.414398 64.330429	0.042 -0.000 0.035
ttt_random_ammo	1646.380005 1005.646484 64.371574	0.018 0.000 -0.043
ttt_random_ammo	1681.934570 971.699097 64.367760	0.022 0.000 -0.039
ttt_random_ammo	1644.731567 974.939026 64.384033	0.006 0.000 -0.050
ttt_random_ammo	1050.527588 301.028992 96.361588	0.057 0.000 0.001
ttt_random_ammo	1046.169922 326.639832 96.390266	0.255 0.001 0.256
ttt_random_ammo	985.338562 159.810715 192.351181	0.048 0.000 -0.016
ttt_random_ammo	1024.735596 158.644440 192.322708	0.045 0.000 -0.034
ttt_random_ammo	1063.922974 162.871918 192.364685	-0.084 -0.000 0.035
ttt_random_ammo	1105.690918 163.452423 192.386414	-0.282 -0.001 0.284
ttt_random_ammo	798.216309 1163.490601 128.392685	0.550 0.004 0.616
ttt_random_ammo	823.884277 1165.081909 128.368591	-0.353 0.002 -0.578
ttt_random_ammo	861.784180 1165.359863 128.376282	0.119 0.000 0.084
ttt_random_ammo	856.845215 1127.669556 128.325821	0.068 -0.000 -0.030
ttt_random_ammo	-481.693329 -548.324280 0.367116	0.101 0.000 0.058
ttt_random_ammo	-456.696228 -543.644958 0.368959	0.110 0.000 0.070
ttt_random_ammo	-421.487976 -543.335999 0.353226	0.060 0.000 0.002
ttt_random_ammo	-495.996857 -158.128326 64.401001	1.649 -0.032 -1.960
ttt_random_ammo	-492.401367 -174.467026 64.449188	0.797 -0.023 -0.946
ttt_random_ammo	-461.623077 -161.611603 64.372673	0.115 0.000 0.077
ttt_random_ammo	-464.586548 -179.292236 64.353294	0.056 0.000 -0.005
ttt_random_ammo	-486.259125 -305.923737 0.342214	0.049 0.000 -0.017
ttt_random_ammo	-486.648895 -330.214661 0.379035	0.216 0.001 0.204
ttt_random_ammo	-488.643982 -368.946320 0.391079	0.975 0.012 1.132
ttt_random_ammo	-496.428345 -423.273926 0.322648	0.046 0.000 -0.031
ttt_random_ammo	-480.880859 -400.859680 0.383284	0.329 0.002 0.343
ttt_random_ammo	-486.540314 -445.717102 0.385854	0.423 0.003 0.459
ttt_random_ammo	-1003.417297 -501.720062 256.357513	0.054 -0.000 0.006
ttt_random_ammo	-980.053345 -519.102295 256.357483	0.055 0.000 -0.004
ttt_random_ammo	-999.004944 -533.363586 256.432068	1.272 0.032 1.530
ttt_random_ammo	-991.398682 -558.079834 256.355408	0.053 0.000 -0.008
ttt_random_ammo	-1019.222839 -567.943359 256.346771	0.047 0.000 -0.019
ttt_random_ammo	-995.467285 -586.903809 256.395233	0.800 0.008 0.921
ttt_random_ammo	-1057.703735 -618.611389 256.351196	0.050 -0.000 0.013
ttt_random_ammo	-1050.670044 -538.436584 256.361542	0.061 0.000 0.005
ttt_random_ammo	-1052.202148 -576.373413 256.396179	1.054 0.014 1.230
ttt_random_ammo	-1564.499146 -243.161041 128.417923	-0.499 0.002 -0.646
ttt_random_ammo	-1563.629395 -200.502045 128.337646	0.038 0.000 -0.033
ttt_random_ammo	-1550.062012 -176.738571 128.473267	-1.272 0.030 -1.599
ttt_random_ammo	-1517.201538 -201.523468 128.355576	0.032 0.000 -0.032
ttt_random_ammo	-1490.097900 -186.667572 128.346863	0.035 0.000 -0.032
ttt_random_ammo	-1483.343384 -229.811768 128.327820	0.041 0.000 -0.034
ttt_random_ammo	-1459.331665 -224.511398 128.425964	-0.935 0.008 -1.172
ttt_random_ammo	-1440.794556 -243.267868 128.327820	0.041 0.000 -0.034
ttt_random_ammo	-2219.247803 -548.897156 128.391266	-0.098 0.000 -0.172
ttt_random_ammo	-2192.729980 -556.029175 128.377197	-0.010 0.000 -0.072
ttt_random_ammo	-2165.294922 -555.817261 128.359772	0.023 0.000 -0.040
ttt_random_ammo	-2137.296875 -542.677063 128.344620	0.035 0.000 -0.034
ttt_random_ammo	-2142.223877 -569.552734 128.389267	-0.043 0.000 -0.106
ttt_random_ammo	-2111.751953 -568.239990 128.342316	0.036 0.000 -0.034
ttt_random_ammo	-2090.161621 -572.738892 128.390945	-0.054 0.000 -0.119
ttt_random_ammo	-2216.301025 -621.755371 128.327805	0.041 0.000 -0.035
ttt_random_ammo	-2185.774902 -616.983704 128.357697	0.025 0.000 -0.039
ttt_random_ammo	-2141.301514 -615.357544 128.455490	-1.301 0.030 -1.622
ttt_random_ammo	-2101.625244 -612.778198 128.320053	0.042 0.000 -0.037
ttt_random_ammo	-2026.756592 596.021851 128.354279	-0.066 -0.000 0.007
ttt_random_ammo	-2004.107056 590.580261 128.326019	-0.048 -0.000 -0.029
ttt_random_ammo	-1970.369385 587.111633 128.365555	0.056 0.000 0.001
ttt_random_ammo	-1980.576172 559.039917 128.369339	0.063 -0.000 -0.012
ttt_random_ammo	-1997.426758 561.227783 128.386047	0.162 -0.001 -0.141
ttt_random_ammo	-2020.814575 567.426880 128.395889	0.455 -0.003 -0.503
weapon_ttt_awp -2537.040527 3482.722900 31.125504	3.600 0.487 65.023
weapon_ttt_revolver	1712.828613 333.808594 258.001099	9.415 25.489 74.079
weapon_ttt_confgrenade	-2149.931396 1251.566528 34.161667	-37.658 -57.099 -91.833
weapon_ttt_confgrenade	-2112.028320 1248.369629 33.989090	-36.323 -59.393 -88.088
weapon_ttt_confgrenade	-1932.926636 625.171509 34.174896	-37.752 -56.911 -92.128
weapon_ttt_confgrenade	-1940.944580 595.917664 34.044701	-36.769 -58.697 -89.270
weapon_ttt_confgrenade	-1942.937256 571.663818 34.044704	-36.769 -58.697 -89.270
weapon_ttt_confgrenade	-112.941124 2289.461670 -125.857704	-36.458 -56.032 -91.103
weapon_ttt_confgrenade	-101.564392 2253.433105 -125.923836	-35.448 -57.000 -89.558
weapon_ttt_confgrenade	-75.272148 2273.558594 -125.884720	-36.046 -56.442 -90.464
weapon_ttt_confgrenade	-63.186977 2247.143799 -125.908798	-35.678 -56.793 -89.904
weapon_ttt_confgrenade	1127.380005 243.407135 2.046707	-34.998 -52.611 -88.892
weapon_ttt_confgrenade	1124.433350 309.402985 2.097317	-35.771 -51.916 -90.045
weapon_ttt_confgrenade	1095.534546 326.966125 2.118108	-36.089 -51.615 -90.530
weapon_ttt_confgrenade	1683.944946 447.191559 66.026329	-36.621 -58.935 -88.876
weapon_ttt_confgrenade	1669.018555 444.748016 66.041290	-36.738 -58.744 -89.196
weapon_ttt_confgrenade	1661.566895 459.625977 66.226158	-38.133 -56.164 -93.296
weapon_ttt_confgrenade	1678.835693 458.131744 66.095306	-37.155 -58.024 -90.364
weapon_zm_revolver	1781.168701 333.167603 257.287018	-10.501 -31.836 -91.148