# Trouble in Terrorist Town weapon/ammo placement overrides
# For map: de_gold_dust
# Exported by: Razor  武士
setting:	replacespawns 0
ttt_playerspawn	361.641144 -1698.979248 78.648293	-0.088 -4.603 0.088
ttt_playerspawn	455.485382 -1710.974243 74.425552	-0.031 -1.819 0.025
ttt_playerspawn	560.158569 -1723.158081 72.530510	-0.045 -10.381 0.044
ttt_playerspawn	654.328247 -1645.739380 74.016357	-0.079 8.388 0.079
ttt_playerspawn	527.876038 -1484.646606 68.930206	-0.012 21.625 0.011
ttt_playerspawn	531.159058 -1388.154663 80.673698	-0.009 -3.107 0.009
ttt_playerspawn	517.658081 -1231.299072 70.993881	-0.014 -4.425 0.014
ttt_playerspawn	257.340942 -1646.267700 74.255692	-0.123 0.307 -0.033
ttt_playerspawn	78.510963 -1593.504883 73.675423	0.049 0.212 -0.049
ttt_playerspawn	-84.885048 -1665.731934 78.631111	-0.039 -16.738 0.015
ttt_playerspawn	-276.576416 -1596.082764 79.337067	-0.072 11.144 0.072
ttt_playerspawn	-681.049194 -1297.628052 6.370552	-0.080 -21.117 0.080
ttt_playerspawn	-566.083374 -1653.553223 73.793350	-0.060 -0.587 0.060
ttt_playerspawn	-660.969238 -1743.120483 72.729858	-0.065 -4.441 0.065
ttt_playerspawn	-472.347595 -1750.904785 78.892509	-0.081 -3.297 0.081
ttt_playerspawn	-457.665131 -1351.783813 9.606148	-0.007 6.361 0.013
ttt_playerspawn	1730.201416 3501.727539 -127.459579	-0.072 -0.000 0.072
ttt_playerspawn	1734.939209 3336.182373 -127.463837	0.023 -0.092 0.225
ttt_playerspawn	1716.106567 3176.918701 -126.775070	-0.956 0.001 -1.231
ttt_playerspawn	1681.762207 3009.493652 -119.792908	-4.664 -1.083 -3.981
ttt_playerspawn	1522.592896 2957.766357 -127.034904	-0.677 -0.003 -0.757
ttt_playerspawn	1384.907837 3050.906982 -127.523117	-0.012 -0.000 0.012
ttt_playerspawn	1471.869385 3197.300781 -127.514168	-0.011 -0.000 0.011
ttt_playerspawn	1557.324219 3343.257568 -127.453148	0.052 0.036 0.188
ttt_playerspawn	1534.928589 3454.247803 -127.461411	-0.074 -0.000 0.074
ttt_playerspawn	1405.829102 3464.450928 -127.460487	-0.073 -0.000 0.073
ttt_playerspawn	1386.143433 3320.833252 -127.417160	0.023 0.099 0.077
ttt_playerspawn	1327.265381 3205.260254 -127.438019	0.004 -0.000 0.012
ttt_playerspawn	1231.820435 3281.853516 -127.512459	-0.011 -0.000 0.011
ttt_playerspawn	1249.872803 3406.007080 -127.453621	-0.065 0.000 0.065
ttt_playerspawn	1194.683472 3501.152344 -127.474678	-0.090 -0.000 0.090
ttt_playerspawn	1084.824707 3376.915771 -127.427681	-0.032 -0.000 0.035
item_ammo_357_ttt	437.971375 -83.297752 128.338638	0.452 0.065 0.052
item_ammo_357_ttt	418.547760 -79.378273 128.340622	0.453 0.066 0.051
item_ammo_357_ttt	396.285187 -81.499245 128.334595	0.451 0.066 0.053
item_ammo_357_ttt	392.281769 -60.222721 128.384064	0.461 0.057 0.034
item_ammo_357_ttt	393.026611 -42.636089 128.357986	0.417 0.035 0.009
item_ammo_357_ttt	393.526642 -19.293964 128.328308	0.450 0.069 0.056
item_ammo_357_ttt	383.269775 -886.348999 192.353668	0.455 0.062 0.046
item_ammo_357_ttt	356.097900 -882.233093 192.326202	0.450 0.070 0.057
item_ammo_357_ttt	331.694550 -828.859619 192.402664	0.465 0.053 0.027
item_ammo_357_ttt	334.777344 -867.229431 192.346405	0.454 0.064 0.049
item_ammo_357_ttt	-410.673340 2963.997559 0.335113	0.464 0.067 0.049
item_ammo_357_ttt	-431.068909 2965.512695 0.324504	0.463 0.070 0.053
item_ammo_357_ttt	-413.238953 2986.472168 0.322284	0.463 0.070 0.054
item_ammo_357_ttt	-428.152832 2981.465820 0.404837	0.471 0.053 0.024
item_ammo_357_ttt	-2274.699707 2899.103271 96.368469	0.458 0.059 0.040
item_ammo_357_ttt	-2251.778320 2899.674561 96.328308	0.450 0.069 0.056
weapon_ttt_g3sg1	389.141876 -852.551147 193.330338	-0.827 1.982 -87.937
weapon_ttt_g3sg1	379.955719 -821.141602 193.333069	-0.835 1.979 -87.920
weapon_ttt_g3sg1	-414.305634 2940.713379 1.230287	-0.288 0.046 -87.668
weapon_ttt_g3sg1	-2274.396484 2924.207520 97.352875	-0.898 1.904 -87.793
ttt_random_weapon	2534.394287 1243.728760 33.248028	1.332 4.005 -93.841
ttt_random_weapon	2521.919189 1168.620239 33.248028	1.332 3.984 -93.841
ttt_random_weapon	2469.858154 1230.177734 33.248047	1.332 4.027 -93.841
ttt_random_weapon	2470.506836 1209.924316 33.248032	1.332 3.965 -93.841
ttt_random_weapon	2459.873779 1179.649658 33.248028	1.332 3.977 -93.841
ttt_random_weapon	2461.446289 1163.428711 33.248028	1.332 3.901 -93.841
ttt_random_weapon	2108.530029 1209.506714 33.248028	1.332 4.012 -93.841
ttt_random_weapon	2028.638184 1208.277710 33.248028	1.332 3.977 -93.841
ttt_random_weapon	1708.011353 1444.337646 1.169741	1.696 5.346 -93.031
ttt_random_weapon	1385.992432 1434.249023 1.192748	1.589 5.347 -93.269
ttt_random_weapon	1269.086060 870.204773 1.168508	1.701 5.346 -93.019
ttt_random_weapon	1218.654419 855.138000 97.232460	1.509 5.897 -93.436
ttt_random_weapon	1066.082520 869.010193 129.232010	1.514 5.897 -93.425
ttt_random_weapon	1061.673828 842.118774 129.228333	1.555 5.864 -93.329
ttt_random_weapon	1065.103027 795.940063 129.226959	1.571 5.903 -93.294
ttt_random_weapon	861.598145 862.106750 1.162234	1.730 5.344 -92.954
ttt_random_weapon	712.105164 -1137.559448 65.202591	1.543 5.346 -93.371
ttt_random_weapon	710.870117 -1197.333374 65.164818	1.718 5.344 -92.981
ttt_random_weapon	722.898560 -1245.687866 65.191002	1.597 5.347 -93.251
ttt_random_weapon	728.282471 -1317.831787 65.210709	1.505 5.344 -93.455
ttt_random_weapon	727.971497 -1382.635254 65.187477	1.613 5.347 -93.215
ttt_random_weapon	727.846558 -1428.813965 65.170891	1.690 5.346 -93.043
ttt_random_weapon	686.925476 -868.153442 65.231277	1.410 5.340 -93.667
ttt_random_weapon	668.602844 -839.263062 65.160950	1.736 5.347 -92.941
ttt_random_weapon	665.869385 -906.666748 65.186546	1.618 5.347 -93.205
ttt_random_weapon	585.403625 -834.798767 65.164345	1.700 6.486 -93.098
ttt_random_weapon	593.315247 -918.197266 65.233841	1.398 5.339 -93.694
ttt_random_weapon	-63.219296 -1368.264282 1.173217	1.680 5.348 -93.067
ttt_random_weapon	-108.830910 -1362.294189 1.190195	1.601 5.347 -93.242
ttt_random_weapon	-173.965134 -1362.562988 1.172084	1.685 5.345 -93.055
ttt_random_weapon	-239.835205 -1363.455078 1.166115	1.713 5.344 -92.994
ttt_random_weapon	-730.963013 -1370.796021 1.195984	1.574 5.346 -93.302
ttt_random_weapon	-861.770020 -675.663086 1.215232	1.494 5.262 -93.506
ttt_random_weapon	-846.949036 -616.507507 1.177716	1.660 5.346 -93.113
ttt_random_weapon	-850.215759 -432.066650 1.226081	1.434 5.341 -93.613
ttt_random_weapon	-832.789856 -349.175385 1.194046	1.654 5.313 -93.327
ttt_random_weapon	-607.692932 -32.802925 1.161045	1.737 5.346 -92.941
ttt_random_weapon	-680.857483 -39.584816 1.159737	1.743 5.342 -92.928
ttt_random_weapon	-775.046143 -36.730946 1.169799	1.697 5.346 -93.032
ttt_random_weapon	474.481689 -1579.838379 128.725357	1.589 3.713 -93.252
ttt_random_weapon	444.590210 -1546.415161 128.717361	1.681 3.733 -93.043
ttt_random_weapon	423.537872 -1557.940430 128.715454	1.702 3.738 -92.993
ttt_random_weapon	-108.430939 -1487.123901 65.176514	1.664 5.346 -93.101
ttt_random_weapon	-278.273743 -1477.765381 65.188004	1.629 5.266 -93.229
ttt_random_weapon	941.167297 3092.757080 1.195035	1.601 5.280 -93.292
ttt_random_weapon	945.419006 3128.451660 1.163981	1.728 5.343 -92.970
ttt_random_weapon	967.951233 3247.014160 129.248032	1.332 4.705 -93.841
ttt_random_weapon	969.706177 3277.589355 129.248032	1.332 4.004 -93.841
ttt_random_weapon	883.346619 3276.545410 65.248055	1.332 4.801 -93.840
ttt_random_weapon	885.110718 3249.052246 65.248032	1.332 3.984 -93.841
ttt_random_weapon	903.448730 3266.355225 65.239288	1.241 5.832 -93.832
ttt_random_weapon	1714.482666 3814.372070 49.200363	1.574 5.279 -93.347
ttt_random_weapon	1762.438354 3816.655029 49.172424	1.688 5.344 -93.058
ttt_random_weapon	1741.089722 3753.940918 49.215134	1.487 5.343 -93.500
ttt_random_weapon	1739.162964 3664.468750 49.207367	1.524 5.344 -93.419
ttt_random_weapon	1736.117310 3640.442139 49.181049	1.648 5.346 -93.147
ttt_random_weapon	1680.817749 3704.165771 97.231453	1.520 5.914 -93.410
ttt_random_weapon	1639.843628 3755.477539 145.234604	1.484 5.908 -93.492
ttt_random_weapon	1639.000854 3726.061523 49.162701	1.734 5.344 -92.957
ttt_random_weapon	1639.523804 3705.522217 49.194641	1.584 5.346 -93.288
ttt_random_weapon	1124.194214 3154.482178 -62.753609	1.276 5.077 -94.253
ttt_random_weapon	1130.125610 3129.495850 -62.751965	1.332 4.020 -93.841
ttt_random_weapon	1106.681274 3142.146240 -62.751968	1.332 4.012 -93.841
ttt_random_weapon	1061.089478 3122.970215 1.248029	1.332 4.746 -93.841
ttt_random_weapon	1060.546875 3154.699707 1.248030	1.332 3.971 -93.841
ttt_random_weapon	1061.278687 3255.210938 -126.829926	1.699 5.345 -93.034
ttt_random_weapon	1060.008057 3279.284668 -126.768387	1.409 5.339 -93.670
ttt_random_weapon	1063.189697 3302.982910 -126.840263	1.777 5.263 -92.937
ttt_random_weapon	-2360.254883 2909.261719 209.226532	1.576 5.915 -93.283
ttt_random_weapon	-2345.443848 2852.589600 209.227173	1.568 5.916 -93.300
ttt_random_weapon	-2412.757568 2847.187256 161.228363	1.555 5.770 -93.331
ttt_random_weapon	-2408.875244 2878.113037 161.238922	1.435 5.893 -93.605
ttt_random_weapon	-2341.659424 2747.234863 129.228745	1.551 5.918 -93.340
ttt_random_weapon	-1258.115356 1996.771606 -190.819168	1.646 5.347 -93.145
ttt_random_weapon	-1190.392456 1931.432739 -190.835022	1.720 5.344 -92.981
ttt_random_weapon	-921.881836 1915.283081 -190.751968	1.332 4.774 -93.841
ttt_random_weapon	-920.717651 1950.263794 -190.751968	1.332 4.718 -93.841
ttt_random_weapon	-918.244202 2265.963623 -190.751968	1.332 3.950 -93.841
ttt_random_weapon	-933.692871 1787.273193 -190.751923	1.332 4.025 -93.840
ttt_random_weapon	-935.079773 1582.237915 -190.751953	1.332 4.009 -93.841
ttt_random_weapon	-977.207092 1311.761597 -190.751953	1.332 4.009 -93.841
ttt_random_weapon	637.856873 1319.628052 33.248058	1.332 4.025 -93.840
ttt_random_weapon	519.700439 1322.399170 33.248032	1.332 3.975 -93.841
ttt_random_weapon	-88.194252 1653.503784 33.248032	1.332 3.988 -93.841
ttt_random_weapon	-227.602539 1587.766846 33.248032	1.332 3.950 -93.841
ttt_random_weapon	-203.604385 1273.306763 33.248028	1.332 3.930 -93.841
ttt_random_weapon	-135.578873 1178.588623 33.248032	1.332 3.965 -93.841
ttt_random_weapon	-1146.730469 1483.787598 1.171260	1.714 5.277 -93.049
ttt_random_weapon	2519.599121 415.826996 1.159806	1.744 5.342 -92.928
ttt_random_weapon	2513.770508 462.409973 1.161107	1.738 5.346 -92.942
ttt_random_weapon	2356.013428 449.470215 1.168655	1.703 5.346 -93.020
ttt_random_weapon	2226.076172 470.021057 1.204024	1.537 5.345 -93.385
ttt_random_weapon	2088.894531 515.055115 1.230941	1.526 4.506 -93.397
ttt_random_weapon	1830.459473 493.555176 1.218335	1.471 5.343 -93.533
ttt_random_weapon	1694.727661 501.011261 1.191982	1.594 5.347 -93.261
ttt_random_weapon	1865.433350 862.066895 1.184658	1.626 5.348 -93.186
ttt_random_weapon	-15.010965 3715.478271 49.189579	1.608 5.346 -93.235
ttt_random_weapon	-29.056747 3665.509277 49.207375	1.524 5.344 -93.419
ttt_random_weapon	786.907776 3804.600342 49.332523	2.210 -1.180 -93.928
ttt_random_weapon	780.988464 3660.769531 49.190464	1.604 5.347 -93.244
ttt_random_weapon	779.483582 3717.841553 49.193024	1.592 5.347 -93.271
ttt_random_weapon	752.781921 3768.462646 49.200020	1.559 5.346 -93.343
ttt_random_weapon	504.809357 2118.712646 97.229736	1.539 5.896 -93.366
ttt_random_weapon	-1749.007446 2085.772949 129.233429	1.498 5.889 -93.462
weapon_zm_molotov	-2597.113281 2787.206055 32.165535	-2.356 -1.359 -1.289
weapon_zm_molotov	-2611.350098 2699.977295 32.160522	-2.540 -1.297 -1.390
weapon_zm_molotov	-2608.313721 2685.790771 32.157326	-2.661 -1.239 -1.453
weapon_zm_molotov	-2621.560303 2613.626953 32.176937	-1.938 -1.429 -1.060
weapon_zm_molotov	-2635.327148 2572.582031 32.171074	-2.153 -1.401 -1.178
weapon_zm_molotov	-2640.086182 2530.762695 32.188854	-1.501 -1.481 -0.821
weapon_zm_molotov	-2590.416504 2491.970215 32.155079	-2.739 -1.229 -1.501
weapon_zm_molotov	-2500.776855 2568.394287 32.180759	-1.797 -1.448 -0.983
weapon_zm_molotov	-2464.652832 2601.886475 32.168358	-2.252 -1.362 -1.232
weapon_zm_molotov	-2476.558594 2652.040527 32.164551	-2.391 -1.323 -1.309
weapon_zm_molotov	-2496.319336 2707.013916 32.169273	-2.218 -1.362 -1.214
weapon_zm_molotov	-2497.007324 2742.596924 32.175316	-1.996 -1.431 -1.093
weapon_zm_molotov	-2503.789551 2765.310303 32.192936	-1.351 -1.491 -0.739
weapon_zm_molotov	-2545.241455 2763.014893 32.189465	-1.478 -1.484 -0.809
weapon_zm_molotov	-2550.890137 2653.014404 32.167439	-2.286 -1.367 -1.251
weapon_zm_molotov	-2525.104004 2635.970215 32.170185	-2.185 -1.389 -1.196
weapon_zm_molotov	-2527.877930 2607.172852 32.195610	-1.253 -1.496 -0.686
weapon_zm_molotov	-2555.616699 2578.294678 32.159473	-2.579 -1.239 -1.411
weapon_zm_molotov	-2551.743896 2622.934570 32.159473	-2.579 -1.238 -1.411
weapon_zm_molotov	-2555.548584 2719.036133 32.175323	-1.997 -1.431 -1.092
weapon_zm_molotov	-2562.035156 2747.877930 32.175323	-1.997 -1.431 -1.092
weapon_zm_molotov	-2608.709229 2730.797852 32.184315	-1.669 -1.464 -0.911
weapon_zm_molotov	-2636.261230 2680.762939 32.158413	-2.618 -1.235 -1.433
weapon_zm_molotov	-2659.167236 2564.005127 32.178501	-1.880 -1.443 -1.029
weapon_zm_molotov	-2689.493408 2520.353271 32.209274	-0.754 -1.511 -0.413
weapon_zm_molotov	-2689.372803 2506.591553 32.166512	-2.322 -1.370 -1.269
weapon_zm_molotov	-2634.202881 2422.831787 32.175335	-1.997 -1.431 -1.092
weapon_zm_molotov	-2554.996826 2489.932861 32.160538	-2.541 -1.297 -1.389
weapon_zm_molotov	-2473.039795 2559.298096 32.170177	-2.185 -1.389 -1.196
weapon_zm_molotov	-2439.885254 2597.471924 32.176132	-1.967 -1.430 -1.076
weapon_zm_molotov	-2406.364990 2634.123535 32.192936	-1.351 -1.491 -0.739
weapon_zm_molotov	-2388.146973 2647.863770 32.166481	-2.321 -1.371 -1.270
weapon_zm_molotov	-2515.731201 2819.829834 32.192307	0.349 -0.969 -1.881
weapon_zm_molotov	-2561.377930 2854.905518 32.170189	-2.185 -1.389 -1.196
weapon_zm_molotov	-2621.046631 2872.941895 32.156227	-2.701 -1.247 -1.475
weapon_zm_molotov	-2614.511475 2825.143555 32.151680	-2.866 -1.205 -1.568
weapon_zm_molotov	-2653.899902 2794.730469 32.164558	-2.392 -1.323 -1.309
weapon_zm_molotov	-2660.518799 2736.207031 32.150497	-2.909 -1.213 -1.592
weapon_zm_molotov	-2679.085693 2712.598389 32.172813	-2.089 -1.402 -1.143
weapon_ttt_sg550	444.641754 -29.501854 129.571335	0.343 -12.626 -89.923
weapon_ttt_sg550	437.327637 -60.810425 129.538010	0.381 -12.627 -89.717
ttt_random_ammo	2538.968750 1216.065063 32.348869	0.073 0.000 0.013
ttt_random_ammo	2505.000488 1218.214844 32.355629	0.032 0.000 -0.035
ttt_random_ammo	2527.267334 1191.219116 32.405045	1.663 0.026 2.013
ttt_random_ammo	2506.268311 1190.534058 32.387558	-0.024 0.000 -0.085
ttt_random_ammo	2529.631836 1152.442017 32.431618	0.947 0.024 1.119
ttt_random_ammo	2505.187256 1152.515625 32.344666	0.037 0.000 -0.033
ttt_random_ammo	2433.748291 1229.613403 32.342373	0.038 0.000 -0.033
ttt_random_ammo	2434.726807 1205.137085 32.330391	0.042 0.000 -0.036
ttt_random_ammo	2430.659180 1186.884155 32.467846	-1.002 0.025 -1.247
ttt_random_ammo	2430.657715 1166.300293 32.337692	0.039 0.000 -0.035
ttt_random_ammo	2440.327393 1120.349121 32.332863	0.041 0.000 -0.035
ttt_random_ammo	2441.174561 1096.156738 32.369644	0.025 0.000 -0.035
ttt_random_ammo	2440.788086 1079.384766 32.322754	0.044 0.000 -0.037
ttt_random_ammo	2438.917480 1061.157349 32.337692	0.040 0.000 -0.034
ttt_random_ammo	2070.774658 1233.132568 32.400692	-0.142 0.000 -0.222
ttt_random_ammo	2070.843994 1208.838135 32.405563	-0.229 0.000 -0.325
ttt_random_ammo	2026.062744 1230.205322 32.380589	0.013 0.000 -0.044
ttt_random_ammo	1988.448364 1227.233154 32.405251	-0.186 0.000 -0.273
ttt_random_ammo	1989.778809 1204.719604 32.340054	0.038 0.000 -0.034
ttt_random_ammo	1672.962280 1458.183228 0.428400	-1.691 -0.028 2.023
ttt_random_ammo	1671.641357 1439.326172 0.427854	-1.601 -0.027 1.906
ttt_random_ammo	1667.613281 1415.597412 0.370627	-0.103 -0.000 0.061
ttt_random_ammo	1695.629395 1422.264771 0.360509	-0.068 -0.000 0.014
ttt_random_ammo	1713.924072 1419.291138 0.394208	-0.436 -0.003 0.475
ttt_random_ammo	1378.394775 1401.290649 0.369738	0.004 0.000 -0.058
ttt_random_ammo	1402.584351 1405.692261 0.340658	-0.048 -0.000 -0.020
ttt_random_ammo	1276.769409 836.958191 0.455568	-0.898 -0.024 1.070
ttt_random_ammo	1305.685669 848.241638 0.363820	0.019 0.000 -0.043
ttt_random_ammo	1194.399292 832.102539 96.337662	0.043 -0.000 0.028
ttt_random_ammo	1218.910156 829.844360 96.351257	0.045 -0.000 0.019
ttt_random_ammo	1066.048950 819.296570 128.344574	0.047 0.000 -0.021
ttt_random_ammo	1109.324097 873.069214 128.357513	0.056 0.000 -0.002
ttt_random_ammo	1109.099365 842.873657 128.355453	0.053 0.000 -0.007
ttt_random_ammo	1105.522949 800.577576 128.385574	0.247 0.001 0.244
ttt_random_ammo	864.190735 830.294556 0.357493	0.053 0.000 -0.006
ttt_random_ammo	897.935669 834.564087 0.378015	0.118 0.000 0.084
ttt_random_ammo	738.417542 -1473.902588 64.392632	1.641 -0.026 -1.946
ttt_random_ammo	703.001282 -1468.558716 64.381462	0.313 -0.002 -0.323
ttt_random_ammo	732.288757 -1447.259155 64.372948	0.075 0.000 0.029
ttt_random_ammo	719.906616 -1398.419556 64.378159	0.098 0.000 0.060
ttt_random_ammo	717.084290 -1336.526001 64.418243	1.554 -0.040 -1.887
ttt_random_ammo	715.002991 -1293.907227 64.348923	0.057 -0.000 0.004
ttt_random_ammo	717.646790 -1275.530884 64.389198	1.092 -0.015 -1.275
ttt_random_ammo	734.538208 -1349.364746 64.317390	0.045 0.000 -0.035
ttt_random_ammo	711.021729 -1222.225220 64.357498	0.052 0.000 -0.006
ttt_random_ammo	716.689941 -1167.311157 64.416214	1.453 -0.032 -1.738
ttt_random_ammo	689.181030 -1168.138794 64.339935	0.044 0.000 -0.024
ttt_random_ammo	727.242737 -1106.435303 64.357498	0.052 0.000 -0.006
ttt_random_ammo	691.573975 -1112.441895 64.330292	0.044 0.000 -0.030
ttt_random_ammo	687.677002 -1050.617310 64.379631	0.137 0.000 0.108
ttt_random_ammo	684.584045 -1074.738037 64.385735	0.219 0.001 0.211
ttt_random_ammo	710.125671 -838.045593 64.355423	0.050 0.000 -0.009
ttt_random_ammo	715.402649 -882.632874 64.339935	0.044 0.000 -0.025
ttt_random_ammo	710.786926 -919.790771 64.361542	0.058 0.000 0.003
ttt_random_ammo	674.548218 -939.278442 64.344536	0.045 0.000 -0.021
ttt_random_ammo	653.640442 -939.819153 64.397064	0.933 0.011 1.084
ttt_random_ammo	656.244080 -873.690796 64.353317	0.049 0.000 -0.012
ttt_random_ammo	625.083923 -838.761353 64.327789	0.045 0.000 -0.029
ttt_random_ammo	627.929504 -874.858398 64.452744	0.820 0.024 0.979
ttt_random_ammo	586.291809 -859.091187 64.342239	0.047 0.000 -0.020
ttt_random_ammo	597.427185 -886.616699 64.394470	1.101 0.015 1.288
ttt_random_ammo	626.427429 -904.365540 64.369209	0.076 0.000 0.029
ttt_random_ammo	603.833740 -942.014954 64.332764	0.044 0.000 -0.028
ttt_random_ammo	626.538208 -953.206848 64.346756	0.049 0.000 -0.016
ttt_random_ammo	-102.792191 -1387.283203 0.396932	0.560 0.004 0.631
ttt_random_ammo	-131.074905 -1389.726074 0.342263	0.043 0.000 -0.025
ttt_random_ammo	-184.584229 -1389.725342 0.369274	0.067 0.000 0.018
ttt_random_ammo	-214.612015 -1389.725342 0.357519	0.049 0.000 -0.010
ttt_random_ammo	-238.634811 -1389.725464 0.365493	0.059 0.000 0.006
ttt_random_ammo	-60.823898 -1387.604004 0.374706	0.083 0.000 0.040
ttt_random_ammo	-689.301086 -1381.591431 0.332762	0.043 0.000 -0.030
ttt_random_ammo	-692.289185 -1347.217407 0.418407	1.690 0.037 2.039
ttt_random_ammo	-739.577209 -1341.005127 0.335193	0.043 0.000 -0.029
ttt_random_ammo	-834.171631 -386.791107 0.335904	-0.047 -0.000 -0.024
ttt_random_ammo	-838.121582 -474.002686 0.367284	0.076 -0.000 -0.028
ttt_random_ammo	-839.830627 -537.514832 0.388290	0.307 0.002 0.319
ttt_random_ammo	-845.726746 -593.116089 0.361517	0.060 0.000 0.006
ttt_random_ammo	-847.231201 -642.398315 0.444211	-1.482 -0.034 1.790
ttt_random_ammo	-857.289246 -714.620911 0.322660	0.045 0.000 -0.033
ttt_random_ammo	-843.816956 -767.120972 0.332776	0.045 -0.000 0.028
ttt_random_ammo	-785.554260 -62.107811 0.439735	1.088 0.028 1.305
ttt_random_ammo	-727.348999 -74.397774 0.335202	0.045 -0.000 0.026
ttt_random_ammo	-685.421082 -76.916023 0.387759	0.339 -0.002 -0.358
ttt_random_ammo	-619.491455 -79.928825 0.389275	0.599 0.005 0.675
ttt_random_ammo	466.655792 -1608.877075 127.955040	-0.794 -0.020 0.850
ttt_random_ammo	408.077850 -1538.189697 127.880539	0.910 0.007 0.848
ttt_random_ammo	428.499115 -1525.344849 127.876274	0.569 0.002 0.418
ttt_random_ammo	437.564056 -1580.157715 127.951393	0.116 -0.202 -0.031
ttt_random_ammo	275.226807 -1519.901855 191.934113	-1.620 -0.029 1.792
ttt_random_ammo	272.772308 -1556.142090 191.869049	0.326 0.000 0.100
ttt_random_ammo	305.002960 -1553.656372 191.924118	1.389 0.027 1.544
ttt_random_ammo	302.056152 -1519.043091 191.872269	-0.323 -0.000 0.090
ttt_random_ammo	-379.297272 -1472.939941 64.381378	0.131 0.000 0.102
ttt_random_ammo	-382.581177 -1497.484985 64.346794	0.044 0.000 -0.021
ttt_random_ammo	-225.750015 -1467.154297 64.351196	0.045 0.000 -0.018
ttt_random_ammo	-223.301590 -1508.433472 64.351196	0.045 0.000 -0.018
ttt_random_ammo	-42.098953 -1465.655396 64.353340	0.046 0.000 -0.016
ttt_random_ammo	-31.808020 -1501.859375 64.353340	0.046 0.000 -0.016
ttt_random_ammo	911.541016 3133.251709 0.368142	0.221 0.001 0.205
ttt_random_ammo	907.749207 3102.929199 0.430598	-1.575 -0.027 2.008
ttt_random_ammo	932.512756 3201.023682 64.314766	0.047 0.000 -0.038
ttt_random_ammo	959.209900 3201.151367 64.381485	0.123 0.000 0.090
ttt_random_ammo	934.014832 3177.138428 64.351402	0.030 -0.000 0.038
ttt_random_ammo	955.695068 3177.616211 64.399429	0.988 0.012 1.151
ttt_random_ammo	939.811951 3277.697266 128.332840	0.044 0.000 -0.031
ttt_random_ammo	939.188660 3245.805176 128.380997	-0.030 -0.000 0.097
ttt_random_ammo	881.894714 3211.577148 0.372949	0.323 0.002 0.331
ttt_random_ammo	884.750732 3189.861572 0.344351	0.070 0.000 0.009
ttt_random_ammo	1738.189331 3785.230225 48.404652	1.669 0.027 2.018
ttt_random_ammo	1767.863281 3796.741455 48.445435	-1.174 -0.024 1.480
ttt_random_ammo	1773.130371 3756.867188 48.344803	0.015 -0.000 0.058
ttt_random_ammo	1766.624268 3727.104248 48.421280	-1.649 -0.026 2.069
ttt_random_ammo	1734.210083 3726.530029 48.368565	0.164 0.001 0.135
ttt_random_ammo	1734.092407 3699.078369 48.428394	-1.509 -0.027 1.895
ttt_random_ammo	1763.636841 3694.333984 48.366508	-0.064 -0.000 0.143
ttt_random_ammo	1775.768677 3647.279785 48.364944	0.133 0.000 0.096
ttt_random_ammo	1676.907104 3760.062500 96.350243	-0.101 -0.000 0.048
ttt_random_ammo	1696.108154 3756.571289 96.381203	0.167 0.000 0.261
ttt_random_ammo	1675.128784 3731.268066 96.424904	-1.451 -0.027 1.803
ttt_random_ammo	1695.998291 3725.985840 96.347107	0.016 -0.000 0.056
ttt_random_ammo	1639.089966 3773.067627 144.336151	-0.070 -0.000 0.002
ttt_random_ammo	1689.587402 3656.202637 48.314663	0.048 0.000 -0.032
ttt_random_ammo	1691.504761 3635.885498 48.358097	-0.020 -0.000 0.093
ttt_random_ammo	1629.564331 3683.341553 48.364952	0.133 0.000 0.096
ttt_random_ammo	1651.345947 3681.226563 48.368561	0.165 0.001 0.136
ttt_random_ammo	1652.604980 3655.314453 48.335346	0.027 -0.000 0.047
ttt_random_ammo	1648.786255 3636.353271 48.327900	0.034 -0.000 0.043
ttt_random_ammo	1628.357178 3660.700684 48.350994	0.072 0.000 0.015
ttt_random_ammo	1625.429932 3639.470947 48.434181	1.168 0.028 1.417
ttt_random_ammo	1085.417358 3184.562988 -63.655376	0.044 0.000 -0.025
ttt_random_ammo	1060.579712 3183.013184 -63.628265	0.003 -0.000 0.061
ttt_random_ammo	1087.504761 3220.353027 -63.638355	0.052 0.000 -0.006
ttt_random_ammo	1058.038208 3215.249268 -63.634445	0.058 0.000 0.003
ttt_random_ammo	1057.238647 3137.078125 0.392956	0.309 0.002 0.323
ttt_random_ammo	1128.116699 3189.639648 -127.560608	0.868 0.022 1.036
ttt_random_ammo	1130.144897 3216.196289 -127.608559	-0.679 -0.006 0.767
ttt_random_ammo	1091.499878 3251.042236 -127.657906	0.067 0.000 0.004
ttt_random_ammo	1092.985962 3267.005371 -127.650009	-0.078 -0.000 0.021
ttt_random_ammo	1096.281250 3283.594482 -127.655647	0.070 0.000 0.009
ttt_random_ammo	1099.784668 3303.193604 -127.589935	1.325 0.029 1.581
ttt_random_ammo	1167.528564 3123.805420 -127.666458	-0.055 -0.000 -0.015
ttt_random_ammo	1169.276367 3148.240723 -127.653427	0.075 0.000 0.017
ttt_random_ammo	1170.919800 3179.630615 -127.657906	0.067 0.000 0.004
ttt_random_ammo	1167.593140 3198.356445 -127.637184	0.156 0.001 0.123
ttt_random_ammo	1170.119995 3225.473633 -127.537109	-0.838 -0.022 1.017
ttt_random_ammo	1147.293823 3214.886230 -127.622108	-0.305 -0.002 0.309
ttt_random_ammo	1149.622070 3192.051025 -127.571266	1.063 0.025 1.272
ttt_random_ammo	-2362.716309 2887.354980 208.370392	-0.065 0.000 0.143
ttt_random_ammo	-2342.560303 2884.604980 208.340103	0.027 -0.000 0.047
ttt_random_ammo	-2350.841553 2865.705078 208.418594	-1.444 -0.027 1.724
ttt_random_ammo	-2395.043213 2857.998047 160.407852	1.300 0.026 1.548
ttt_random_ammo	-2389.518555 2837.681641 160.491180	0.514 -2.492 0.623
ttt_random_ammo	-2412.266113 2901.453125 160.391449	1.562 0.024 1.864
ttt_random_ammo	-2405.950928 2919.204590 160.369385	0.306 0.002 0.308
ttt_random_ammo	-2344.659180 2764.579102 128.350235	-0.100 -0.000 0.046
ttt_random_ammo	-2342.274170 2790.130371 128.418915	-1.377 -0.031 1.632
ttt_random_ammo	-1222.083008 1979.512939 -191.630814	0.077 0.000 0.030
ttt_random_ammo	-1215.514526 1998.075195 -191.617218	0.168 0.001 0.148
ttt_random_ammo	-1185.104126 1955.422485 -191.620377	0.134 0.000 0.105
ttt_random_ammo	-1167.875488 1969.465698 -191.644608	0.051 0.000 -0.009
ttt_random_ammo	-1184.686401 1989.388062 -191.591522	1.521 -0.033 -1.828
ttt_random_ammo	-918.270752 1974.215576 -191.619278	0.226 0.001 0.215
ttt_random_ammo	-924.120117 2008.353394 -191.623993	0.157 0.001 0.128
ttt_random_ammo	-946.350769 2274.057861 -191.648834	0.056 0.000 -0.007
ttt_random_ammo	-931.756470 2236.801758 -191.608109	0.866 0.009 0.999
ttt_random_ammo	-914.411560 2237.907715 -191.632751	0.090 0.000 0.043
ttt_random_ammo	-928.877319 1760.652100 -191.655457	0.057 -0.000 0.010
ttt_random_ammo	-929.316589 1712.276611 -191.642639	0.078 -0.000 -0.023
ttt_random_ammo	-926.358643 1529.095703 -191.565475	1.213 -0.029 -1.473
ttt_random_ammo	-925.895752 1493.100708 -191.657730	0.055 -0.000 0.014
ttt_random_ammo	-925.570313 1451.093262 -191.677261	0.047 0.000 -0.033
ttt_random_ammo	-924.881897 1409.104004 -191.627808	0.169 -0.001 -0.141
ttt_random_ammo	-923.812622 1343.458740 -191.583221	1.571 -0.038 -1.908
ttt_random_ammo	649.399109 1293.454468 32.362606	-0.069 -0.000 0.014
ttt_random_ammo	679.161621 1306.518188 32.445934	1.027 0.027 1.243
ttt_random_ammo	479.614227 1317.069946 32.320107	0.048 0.000 -0.033
ttt_random_ammo	503.301422 1292.666504 32.332802	0.049 0.000 -0.026
ttt_random_ammo	-97.325142 1624.536621 32.369034	0.108 0.000 0.066
ttt_random_ammo	-59.838409 1631.186035 32.332806	0.048 0.000 -0.026
ttt_random_ammo	-48.703838 1658.110352 32.374283	0.149 0.001 0.118
ttt_random_ammo	-224.721634 1550.653076 32.363407	0.084 0.000 0.033
ttt_random_ammo	-185.625626 1573.286255 32.446125	1.024 0.026 1.241
ttt_random_ammo	-200.859848 1552.637939 32.325306	0.048 0.000 -0.031
ttt_random_ammo	-239.480133 1259.491943 32.363632	0.054 0.000 -0.003
ttt_random_ammo	-235.134155 1288.370361 32.369030	0.108 0.000 0.066
ttt_random_ammo	-209.947815 1297.754639 32.351170	0.058 0.000 -0.005
ttt_random_ammo	-167.736496 1272.663818 32.387184	0.465 0.003 0.509
ttt_random_ammo	-137.173828 1203.962646 32.359612	0.054 -0.000 0.005
ttt_random_ammo	-101.971672 1187.453125 32.367420	0.067 -0.000 -0.015
ttt_random_ammo	-114.196266 1213.728149 32.385620	0.241 0.001 0.235
ttt_random_ammo	-1185.322876 1518.050537 0.394252	-0.255 -0.001 0.257
ttt_random_ammo	-1186.837891 1485.540161 0.337586	0.043 0.000 -0.028
ttt_random_ammo	-1159.675903 1447.011597 0.354062	-0.046 -0.000 -0.015
ttt_random_ammo	2509.792725 502.815338 0.434031	-1.392 -0.030 1.661
ttt_random_ammo	2480.753662 488.448883 0.325972	-0.048 -0.000 -0.028
ttt_random_ammo	2453.237305 450.002045 0.387177	-0.374 -0.002 0.397
ttt_random_ammo	2437.982422 424.527557 0.331022	-0.048 -0.000 -0.024
ttt_random_ammo	2390.829346 460.560303 0.425330	-1.568 -0.030 1.868
ttt_random_ammo	2330.008057 464.434021 0.395965	-0.642 -0.006 0.726
ttt_random_ammo	2332.152100 405.163910 0.364815	-0.102 -0.000 0.058
ttt_random_ammo	2277.788818 456.628845 0.385067	-0.325 -0.002 0.336
ttt_random_ammo	2239.730957 494.179657 0.433930	-1.392 -0.030 1.660
ttt_random_ammo	2217.439453 438.420044 0.354246	-0.068 -0.000 0.011
ttt_random_ammo	2091.100098 538.372986 0.364860	-0.099 -0.000 0.051
ttt_random_ammo	2052.792725 524.821655 0.359766	0.033 0.000 -0.030
ttt_random_ammo	2044.603149 504.391357 0.391463	-0.490 -0.003 0.539
ttt_random_ammo	1869.427612 489.456421 0.353459	0.029 0.000 -0.036
ttt_random_ammo	1840.988281 521.327148 0.369701	0.023 -0.000 0.038
ttt_random_ammo	1821.410156 522.728149 0.344640	0.042 0.000 -0.028
ttt_random_ammo	1699.825928 523.775330 0.428493	-1.112 -0.011 1.387
ttt_random_ammo	1672.825684 526.503296 0.330394	0.042 0.000 -0.035
ttt_random_ammo	1850.990356 839.983215 0.421651	-1.638 -0.026 1.951
ttt_random_ammo	1888.372192 839.776245 0.367763	0.013 0.000 -0.048
ttt_random_ammo	1916.113403 862.735901 0.450497	-1.013 -0.026 1.208
ttt_random_ammo	-22.579592 3631.496338 48.350880	0.087 0.000 0.033
ttt_random_ammo	-0.552801 3643.597656 48.424591	1.151 0.027 1.381
ttt_random_ammo	-18.452131 3692.211182 48.366425	0.196 0.001 0.173
ttt_random_ammo	7.833989 3685.919189 48.368114	0.225 0.001 0.209
ttt_random_ammo	791.928955 3763.364014 48.317352	0.050 0.000 -0.029
ttt_random_ammo	800.487244 3722.858398 48.374470	0.361 0.002 0.377
ttt_random_ammo	801.828064 3674.917480 48.360939	0.140 0.000 0.103
ttt_random_ammo	508.826508 2080.619385 96.390305	0.035 0.000 -0.011
ttt_random_ammo	473.189758 2095.234375 96.372154	-0.056 -0.000 0.005
ttt_random_ammo	-1717.904907 2079.432129 128.440628	-1.438 0.031 -1.777
ttt_random_ammo	-1728.358154 2120.752197 128.364731	-0.086 -0.000 0.037
ttt_random_ammo	-1760.275269 2131.394531 128.353516	0.028 0.000 -0.039
weapon_ttt_awp	-2780.225342 2405.679443 31.168871	3.500 13.205 65.273
weapon_ttt_confgrenade	732.660461 -1788.727295 66.311447	12.303 -77.790 -93.537
weapon_ttt_confgrenade	703.095032 -1774.632446 66.108109	-35.936 -56.559 -90.296
weapon_ttt_confgrenade	666.713562 -1769.774170 66.173363	-36.933 -55.552 -91.853
weapon_ttt_confgrenade	584.109253 -1686.835449 66.097954	13.413 -20.065 -89.799
weapon_ttt_confgrenade	447.817749 -904.240479 70.834190	15.102 22.407 95.285
weapon_ttt_confgrenade	496.260468 -925.509705 67.452461	15.419 21.599 91.692
weapon_ttt_confgrenade	459.227264 -961.784912 68.385933	15.402 21.971 93.020
weapon_ttt_confgrenade	428.683807 -952.228516 70.173904	15.593 21.731 91.479
weapon_ttt_confgrenade	2153.265137 1241.333374 130.163071	14.653 -26.150 -90.575
weapon_ttt_confgrenade	2162.491455 1211.492432 130.090805	15.450 -25.884 -89.225
weapon_ttt_confgrenade	2199.674561 1218.438477 130.115463	15.181 -25.970 -89.684
weapon_ttt_confgrenade	2191.113525 1242.976929 130.143814	14.863 -26.087 -90.215
weapon_ttt_confgrenade	2549.279541 972.863586 162.202332	14.163 -26.306 -91.325
weapon_ttt_confgrenade	2541.188232 939.610474 162.080185	15.481 -25.844 -89.046
weapon_ttt_confgrenade	2506.092529 954.672974 162.242233	13.742 -26.434 -92.072
weapon_ttt_confgrenade	2477.630371 947.839172 162.144241	14.847 -26.080 -90.226
weapon_ttt_confgrenade	2467.293457 975.420044 162.098251	15.352 -25.904 -89.368
weapon_ttt_confgrenade	1261.649292 1325.976074 34.132275	-36.305 -56.198 -90.865
weapon_ttt_confgrenade	1268.558472 1172.328369 34.061947	-36.898 -58.470 -89.640
weapon_ttt_confgrenade	1742.211914 3552.121582 -125.829079	-36.896 -55.612 -91.794
weapon_ttt_confgrenade	1704.517334 3553.174072 -125.921783	-35.479 -57.005 -89.605
weapon_ttt_confgrenade	1772.445679 3242.817627 -125.914070	-35.597 -52.073 -89.782
weapon_ttt_confgrenade	1765.938843 3291.771484 -125.845467	-36.645 -51.048 -91.396
weapon_ttt_confgrenade	1770.480591 2873.623291 -101.120415	-42.110 -52.288 -88.775
weapon_ttt_confgrenade	1766.837158 2903.363525 -103.502296	-42.980 -51.631 -89.974
weapon_ttt_confgrenade	1495.791626 3829.364014 50.121513	-36.141 -51.534 -90.610
weapon_ttt_confgrenade	1463.408691 3818.677490 50.111706	-35.991 -51.680 -90.380
