# Trouble in Terrorist Town weapon/ammo placement overrides
# For map: de_poporoom
# Exported by: Razor  武士
setting:	replacespawns 1
ttt_playerspawn	-444.083954 832.951538 1561.493896	-0.040 -0.900 0.040
ttt_playerspawn	-1268.157959 2219.217773 1074.436523	89.780 -138.190 -91.392
ttt_playerspawn	511.221436 948.003357 15.482354	-0.000 0.026 0.000
ttt_playerspawn	385.475647 1101.438232 15.186678	-0.061 -0.025 0.061
ttt_playerspawn	114.862556 1956.919312 18.137363	-0.035 -3.027 0.035
ttt_playerspawn	275.960938 1948.612915 17.729502	-0.044 -3.054 0.044
ttt_playerspawn	-2534.533447 1878.743530 14.647030	-0.046 3.055 0.045
ttt_playerspawn	-2724.473633 1242.709106 11.251925	-0.292 0.452 -0.217
ttt_playerspawn	395.904907 1907.400757 157.345016	-0.039 1.126 0.039
ttt_playerspawn	306.276062 2004.294922 161.316833	-0.040 -2.751 0.040
ttt_playerspawn	96.147446 2036.002930 144.535095	-0.001 -17.509 0.207
ttt_playerspawn	95.389122 1913.072144 155.022644	-0.040 2.683 0.040
ttt_playerspawn	353.408020 1899.817505 501.200836	-0.034 4.690 0.034
ttt_playerspawn	117.846512 1982.509766 498.000946	0.075 -6.788 -0.076
ttt_playerspawn	239.033081 1992.398193 496.240997	-0.039 -21.520 0.039
ttt_playerspawn	-1175.429077 632.532776 2161.537354	0.000 7.479 -0.000
ttt_playerspawn	185.485428 976.302856 23.031490	-0.086 -16.877 0.086
ttt_playerspawn	-485.313934 1339.263794 0.583321	0.000 -0.271 -0.053
ttt_playerspawn	-75.767616 1545.587891 4.719963	0.137 0.723 0.001
ttt_playerspawn	-444.083954 832.951538 1562.493896	-0.040 -0.900 0.040
ttt_playerspawn	83.583900 809.966797 13.061498	-0.059 -3.958 0.059
ttt_playerspawn	114.862556 1956.919312 19.137363	-0.035 -3.027 0.035
ttt_playerspawn	275.960938 1948.612915 18.729502	-0.044 -3.054 0.044
ttt_playerspawn	395.904907 1907.400757 158.345016	-0.039 1.126 0.039
ttt_playerspawn	306.276062 2004.294922 162.316833	-0.040 -2.751 0.040
ttt_playerspawn	96.147446 2036.002930 145.535095	-0.001 -17.509 0.207
ttt_playerspawn	95.389122 1913.072144 156.022644	-0.040 2.683 0.040
ttt_playerspawn	353.408020 1899.817505 502.200836	-0.034 4.690 0.034
ttt_playerspawn	117.846512 1982.509766 499.000946	0.075 -6.788 -0.076
ttt_playerspawn	239.033081 1992.398193 497.240997	-0.039 -21.520 0.039
ttt_playerspawn	-519.927307 1961.061646 95.232475	-0.079 -145.372 179.999
ttt_playerspawn	-1175.429077 632.532776 2162.537354	0.000 7.479 -0.000
ttt_playerspawn	-2513.151855 1683.746094 9.200829	-0.027 0.421 0.013
ttt_playerspawn	-2652.912354 1774.314941 5.004826	-0.032 -2.182 0.031
ttt_playerspawn	243.452698 1090.955811 18.074406	0.049 -7.456 -0.049
ttt_playerspawn	-295.559753 2020.607300 0.585918	-0.044 12.968 -0.000
ttt_playerspawn	-1363.443604 837.336792 -843.148743	-0.069 1.788 0.069
ttt_playerspawn	-2267.350342 1356.835571 -846.923096	0.042 3.167 0.064
weapon_ttt_ak47	126.233383 2040.587280 -488.286072	0.000 0.032 -90.000
weapon_ttt_ak47	127.724503 2063.317383 -491.105255	-0.124 1.554 -89.277
weapon_ttt_ak47	102.810165 1959.558838 -484.842194	0.152 6.108 -87.400
weapon_ttt_ak47	28.798498 2064.839111 -491.113068	0.139 9.656 -87.501
weapon_ttt_ak47	33.312275 1989.192017 -491.152405	0.194 9.658 -87.071
weapon_ttt_ak47	-1236.516357 688.649902 96.942528	0.094 10.729 -88.373
weapon_ttt_ak47	-2758.474854 802.742737 0.843785	-0.094 11.132 -87.389
weapon_ttt_ak47	565.245911 1791.495972 1616.913574	0.098 13.143 -87.822
weapon_ttt_ak47	-1581.512695 410.527374 568.901489	0.118 13.135 -87.661
item_box_buckshot_ttt	252.546814 2076.818848 -491.586700	-0.780 -0.006 0.685
item_box_buckshot_ttt	237.353470 2074.554688 -491.588470	-0.776 -0.003 0.692
item_box_buckshot_ttt	216.837494 2075.427002 -491.543396	-0.439 -0.006 0.386
item_box_buckshot_ttt	280.716736 2072.056396 -491.629639	0.771 0.008 -0.535
item_box_buckshot_ttt	-1983.958984 484.451691 1640.419312	-0.824 -0.008 0.702
weapon_ttt_smokegrenade	-1881.541626 503.776184 1680.189087	-0.410 -1.751 -0.625
weapon_ttt_smokegrenade	-1856.217041 503.757355 1680.189087	-0.410 -1.751 -0.625
item_ammo_357_ttt	413.807861 2163.031494 1640.328125	0.453 0.024 0.055
item_ammo_357_ttt	428.149231 2163.872803 1640.398193	0.465 0.056 0.028
item_ammo_357_ttt	-115.950928 788.316162 1552.429199	1.052 -0.384 -0.984
item_ammo_357_ttt	-135.487885 793.282654 1552.403564	0.466 0.056 0.026
item_ammo_357_ttt	-582.245178 914.692749 1552.338623	0.453 0.066 0.052
item_ammo_357_ttt	-558.172974 914.735779 1552.343872	0.492 0.241 -0.041
item_ammo_357_ttt	565.251465 1612.637695 1472.427246	1.237 0.823 0.060
item_ammo_357_ttt	584.656189 1613.939209 1472.363647	0.459 0.046 0.041
item_ammo_357_ttt	467.278748 2101.723145 1472.398193	0.465 0.056 0.028
item_ammo_357_ttt	493.942322 2119.871094 1472.419434	0.469 0.055 0.020
item_ammo_357_ttt	528.645081 1789.160522 1750.360596	0.458 0.046 0.043
item_ammo_357_ttt	554.987000 1790.130981 1750.391602	0.463 0.052 0.031
item_ammo_357_ttt	544.340759 1886.335083 800.326050	0.449 0.069 0.058
item_ammo_357_ttt	526.377625 1887.512939 800.404541	0.465 0.054 0.026
item_ammo_357_ttt	580.513916 1582.173096 1328.314941	0.449 0.077 0.061
item_ammo_357_ttt	574.005981 1583.127808 1328.370117	0.459 0.049 0.040
item_ammo_357_ttt	500.345428 1339.117188 1328.360596	0.458 0.045 0.043
item_ammo_357_ttt	499.089966 1387.541382 1328.387939	0.463 0.057 0.032
item_ammo_357_ttt	582.378601 1867.453857 1328.377441	0.461 0.058 0.037
item_ammo_357_ttt	568.112488 1867.641113 1328.408447	0.466 0.056 0.024
item_ammo_357_ttt	-2745.193359 758.745117 1024.371826	0.468 0.059 0.036
item_ammo_357_ttt	-2704.106445 762.018066 1024.328857	0.464 0.024 0.052
item_ammo_357_ttt	-1097.815063 526.295837 2152.344971	0.467 0.034 0.046
item_ammo_357_ttt	-1110.439819 527.128662 2152.357422	0.468 0.061 0.041
item_ammo_357_ttt	-1426.594604 815.850464 -847.665527	0.451 0.028 0.055
item_ammo_357_ttt	119.484375 751.683594 2320.397217	0.465 0.056 0.028
item_ammo_357_ttt	92.579849 754.981140 2320.336426	0.454 0.067 0.052
item_ammo_357_ttt	92.508415 692.858215 2320.323730	0.452 0.071 0.057
item_ammo_357_ttt	106.068810 707.094482 2320.340332	0.455 0.066 0.050
item_ammo_357_ttt	395.378082 923.896912 2162.486084	0.418 -0.020 -0.038
item_ammo_357_ttt	406.211304 926.139771 2162.439209	0.444 0.012 0.061
item_ammo_357_ttt	237.158066 662.663147 2320.322754	0.625 0.054 -0.130
item_ammo_357_ttt	212.717041 751.070129 2320.353516	0.457 0.040 0.045
item_ammo_357_ttt	-2677.366943 2120.416260 2376.325928	0.452 0.069 0.056
item_ammo_357_ttt	-2693.167480 2127.480957 2376.314697	0.450 0.074 0.060
item_ammo_357_ttt	-2775.227051 1049.175171 2320.381348	0.462 0.058 0.034
item_ammo_357_ttt	-2799.600830 1066.783203 2320.319336	0.451 0.075 0.058
item_ammo_revolver_ttt	291.147888 2014.959351 -491.643036	0.428 0.156 0.049
item_ammo_revolver_ttt	293.890839 2036.672852 -491.639679	0.429 0.156 0.048
item_ammo_revolver_ttt	292.206268 2059.191895 -491.659576	0.420 0.157 0.056
item_ammo_revolver_ttt	319.348785 2062.605225 -491.627197	0.435 0.156 0.042
item_ammo_revolver_ttt	327.022705 2042.797241 -491.671906	0.415 0.154 0.062
item_ammo_revolver_ttt	313.890991 2022.780396 -491.621429	0.437 0.155 0.040
item_ammo_revolver_ttt	312.507996 2043.532349 -491.646515	0.426 0.155 0.051
item_ammo_revolver_ttt	350.486267 2043.336548 -491.695068	0.405 0.151 0.072
item_ammo_revolver_ttt	337.845062 2042.200317 -491.638031	0.430 0.155 0.047
item_ammo_revolver_ttt	-1897.690063 761.016785 1024.385864	0.460 0.058 0.037
item_ammo_revolver_ttt	-1547.441406 571.875671 2192.382568	0.462 0.058 0.034
item_ammo_smg1_ttt	242.343826 2003.421387 -491.481079	-0.276 0.017 -0.244
item_ammo_smg1_ttt	217.094238 2006.566772 -491.483978	-0.301 0.016 -0.265
item_ammo_smg1_ttt	199.190186 2008.445190 -491.509247	-0.779 0.011 -0.612
item_ammo_smg1_ttt	63.714100 2054.188232 -491.579803	0.375 -0.005 0.242
item_ammo_smg1_ttt	67.868408 2018.993408 -491.502594	-0.524 0.011 -0.434
item_ammo_smg1_ttt	109.177368 1992.461792 -491.492798	-0.361 0.012 -0.316
item_ammo_smg1_ttt	-1305.759766 692.465027 113.985397	78.458 168.907 -178.863
item_ammo_smg1_ttt	-1225.690552 666.272766 113.387947	-70.403 -132.378 -178.408
item_ammo_smg1_ttt	-2810.158936 821.322876 0.432594	0.847 -0.001 0.556
item_ammo_smg1_ttt	-2820.436035 787.934753 0.502255	-0.814 0.012 -0.614
item_ammo_smg1_ttt	578.825256 1831.172729 1616.399292	0.151 -0.005 0.089
item_ammo_smg1_ttt	581.424316 1871.220703 1616.520752	-0.220 0.014 -0.192
item_ammo_smg1_ttt	582.204834 928.001282 1568.401855	0.170 -0.005 0.102
item_ammo_smg1_ttt	555.762085 921.315125 1568.415771	0.336 -0.005 0.214
item_ammo_smg1_ttt	582.223389 1362.375977 1750.406738	0.210 -0.005 0.129
item_ammo_smg1_ttt	560.397095 1357.900024 1750.428711	0.655 -0.003 0.428
item_ammo_smg1_ttt	-364.456482 867.112488 1216.527710	0.185 -0.016 -0.161
item_ammo_smg1_ttt	-349.651733 869.134277 1216.422363	-0.476 0.004 0.308
item_ammo_smg1_ttt	-1525.520630 2203.914795 560.383789	0.078 -0.005 0.040
item_ammo_smg1_ttt	-1529.739990 2169.202148 560.531860	-0.161 0.015 -0.138
item_ammo_smg1_ttt	-1613.495728 412.115601 568.532166	-0.141 -0.431 -0.121
item_ammo_smg1_ttt	-1513.454224 501.719116 2152.420166	0.422 -0.004 0.272
item_ammo_smg1_ttt	-1511.048462 543.608154 2152.399658	-0.018 0.037 0.004
item_ammo_pistol_ttt	572.466614 1226.820190 1760.380127	-0.104 -0.020 -0.032
item_ammo_pistol_ttt	546.304688 1228.189697 1760.436646	1.471 -0.062 0.077
item_ammo_pistol_ttt	-2017.746460 922.309570 1640.411011	-0.077 -0.020 -0.023
item_ammo_pistol_ttt	-2032.358643 922.254639 1640.402710	-0.084 -0.020 -0.026
item_ammo_pistol_ttt	-1632.172119 160.282318 1040.431030	-0.059 -0.019 -0.018
weapon_ttt_g3sg1	-124.480835 757.260681 1557.937744	-0.777 -0.591 -88.034
weapon_ttt_g3sg1	566.506226 1602.848145 1490.688843	-26.136 -1.398 89.703
weapon_ttt_g3sg1	464.621460 2138.361328 1473.332520	-0.820 -2.748 -88.035
weapon_ttt_g3sg1	-1626.495483 277.163361 1041.307129	-0.753 2.040 -88.088
weapon_ttt_g3sg1	72.263725 682.993225 2321.413330	-1.216 14.141 -87.950
weapon_ttt_g3sg1	402.364288 934.112000 2163.437744	-0.773 3.307 -87.549
weapon_ttt_g3sg1	220.505493 704.986938 2321.311035	-0.767 2.033 -88.052
weapon_ttt_g3sg1	-2680.920654 2095.605713 2377.330566	-0.829 1.980 -87.924
weapon_ttt_g3sg1	-2801.369629 1028.689087 2321.313232	-0.774 2.024 -88.040
ttt_random_weapon	-1121.729858 2247.649170 1057.212891	1.496 5.345 -93.477
ttt_random_weapon	-1235.527588 1410.613159 171.250320	-6.830 -1.910 175.896
ttt_random_weapon	-1085.026123 642.359192 118.248032	1.332 4.005 -93.841
ttt_random_weapon	-336.579346 641.687744 118.248032	1.332 3.998 -93.841
ttt_random_weapon	-958.037292 10.256620 -1.800464	7.485 5.272 -85.061
ttt_random_weapon	-1259.454346 12.487720 -7.762977	5.031 3.647 -100.347
ttt_random_weapon	-1233.828125 210.716232 -3.269511	-2.088 0.590 -92.984
ttt_random_weapon	733.325439 178.034531 -10.751969	1.332 3.990 -93.841
ttt_random_weapon	807.333496 511.083801 -10.751969	1.332 3.976 -93.841
ttt_random_weapon	-1.791734 567.820862 1.198710	1.785 -1.007 -93.214
ttt_random_weapon	238.435944 1245.331909 9.248030	1.332 3.977 -93.841
ttt_random_weapon	341.471985 823.975830 137.248047	1.332 4.738 -93.841
ttt_random_weapon	108.183380 934.945740 9.248031	1.332 3.959 -93.841
ttt_random_weapon	442.716675 1397.230713 1.242847	1.391 4.749 -93.706
ttt_random_weapon	489.832153 1397.737549 1.241121	1.410 4.753 -93.661
ttt_random_weapon	534.229858 1668.787842 1.243506	1.383 4.746 -93.723
ttt_random_weapon	543.590332 1478.100708 1.241526	1.406 4.753 -93.672
ttt_random_weapon	503.923004 2153.210449 1641.234253	1.479 5.885 -93.504
ttt_random_weapon	85.673058 1864.381592 490.237183	1.454 5.879 -93.561
ttt_random_weapon	89.446831 2034.163330 490.229126	1.546 5.895 -93.350
ttt_random_weapon	461.867493 2044.860474 490.221039	1.638 5.757 -93.140
ttt_random_weapon	321.609955 2029.684692 490.231018	1.524 5.895 -93.402
ttt_random_weapon	180.747467 2021.835327 490.239258	1.429 5.874 -93.619
ttt_random_weapon	87.962067 2038.352539 9.233003	1.502 5.890 -93.450
ttt_random_weapon	74.426147 1846.054443 9.224343	1.601 5.898 -93.226
ttt_random_weapon	379.125122 2041.228271 9.240868	1.413 5.869 -93.655
ttt_random_weapon	262.702026 2224.542236 1.241015	1.412 4.753 -93.658
ttt_random_weapon	-739.624512 2182.053955 1.224900	1.373 4.853 -93.493
ttt_random_weapon	-767.951416 2022.095825 23.465496	1.446 -2.906 -91.198
ttt_random_weapon	78.219200 1860.758789 145.225403	1.589 5.897 -93.253
ttt_random_weapon	160.375397 1855.617432 145.233215	1.500 5.889 -93.456
ttt_random_weapon	294.525360 1857.957153 145.235107	1.479 5.884 -93.505
ttt_random_weapon	488.621918 2050.169678 145.239441	1.429 5.874 -93.618
ttt_random_weapon	47.905033 1675.269043 -478.782196	1.674 7.494 -93.058
ttt_random_weapon	-135.322174 2078.373779 -490.774353	1.585 7.490 -93.262
ttt_random_weapon	-31.154369 2025.944336 -490.767334	1.505 7.484 -93.444
ttt_random_weapon	25.254324 2030.327271 -490.789276	1.755 7.498 -92.873
ttt_random_weapon	548.217896 945.679626 1761.225464	1.587 5.751 -93.256
ttt_random_weapon	471.203827 949.808838 1761.235352	1.461 5.875 -93.545
ttt_random_weapon	406.297302 965.416260 1761.229248	1.545 5.887 -93.354
ttt_random_weapon	-134.183548 1971.238403 -490.791748	1.782 7.505 -92.810
ttt_random_weapon	-235.366409 1977.485718 -490.770874	1.546 7.487 -93.350
ttt_random_weapon	-243.244247 2087.085449 -490.785187	1.708 7.501 -92.980
ttt_random_weapon	-537.745300 1001.197021 17.248032	1.332 4.745 -93.841
ttt_random_weapon	-477.840393 1010.542969 17.248032	1.332 4.759 -93.841
ttt_random_weapon	-519.184753 944.728271 17.248037	1.332 4.791 -93.841
ttt_random_weapon	-114.114716 1296.644653 1.226384	1.577 24.805 -93.279
ttt_random_weapon	-180.756241 1171.258057 1.242688	1.393 4.750 -93.702
ttt_random_weapon	-1324.165894 1573.061646 483.225433	1.587 5.753 -93.256
ttt_random_weapon	-1319.132690 1537.107788 483.228058	1.558 5.750 -93.323
ttt_random_weapon	514.509155 1683.855835 1617.234497	1.477 5.885 -93.509
ttt_random_weapon	-989.532104 786.066650 569.173157	1.680 5.347 -93.067
ttt_random_weapon	-1145.059326 792.630432 569.167297	1.707 5.347 -93.007
ttt_random_weapon	-1311.919922 798.366638 569.192688	1.589 5.346 -93.269
ttt_random_weapon	-1511.394653 802.376831 569.186523	1.618 5.346 -93.205
ttt_random_weapon	399.683960 1113.615845 865.248169	1.332 3.987 -93.841
ttt_random_weapon	321.802979 864.035461 865.248047	1.332 4.002 -93.840
ttt_random_weapon	482.387024 2075.306152 1321.231689	1.519 5.887 -93.413
ttt_random_weapon	-218.740143 919.598206 1217.224854	1.595 5.754 -93.238
ttt_random_weapon	366.056519 1647.713257 442.248077	1.332 4.168 -93.841
ttt_random_weapon	558.909424 947.149170 1329.234741	1.475 5.884 -93.514
ttt_random_weapon	580.583984 1750.831177 1473.236694	1.439 5.873 -93.595
ttt_random_weapon	572.054810 1354.269653 1473.235840	1.453 5.879 -93.563
ttt_random_weapon	575.098450 791.854919 337.248077	1.332 4.765 -93.840
ttt_random_weapon	574.096985 682.888855 337.248077	1.332 3.952 -93.841
ttt_random_weapon	574.929871 824.891052 881.247986	1.332 3.982 -93.841
ttt_random_weapon	574.100769 755.096741 881.247986	1.332 4.781 -93.840
ttt_random_weapon	-1222.587402 509.100891 2153.221191	1.485 5.340 -93.582
ttt_random_weapon	-1029.556519 487.789551 2153.226807	1.574 5.882 -93.286
ttt_random_weapon	-2270.538818 1419.566162 -846.779663	1.644 4.179 -93.127
ttt_random_weapon	-2677.395996 2172.656738 2081.227539	1.564 5.891 -93.309
ttt_random_weapon	-2679.988770 2172.084717 2235.217285	1.613 6.050 -93.441
ttt_random_weapon	-2571.111572 2173.531006 2377.233887	1.486 5.880 -93.487
weapon_zm_sledge	347.387878 988.850403 861.808533	18.634 -0.367 2.992
weapon_zm_sledge	-522.136780 811.674561 1213.752075	12.398 0.417 2.712
weapon_zm_sledge	-1970.774170 341.962646 1637.750610	12.151 0.420 2.701
weapon_ttt_smg	-1631.699341 178.704361 1042.529175	-1.773 -4.333 -90.532
weapon_ttt_m16	567.883606 1199.178955 1760.849976	2.154 0.844 84.444
weapon_ttt_m16	-2017.264160 947.344849 1640.859619	2.062 -5.491 83.876
weapon_ttt_tmp	244.833542 2045.835083 -490.763123	0.155 -20.623 -88.552
weapon_ttt_tmp	213.045685 2048.649902 -490.758728	0.153 -20.231 -88.591
weapon_ttt_mp5	-358.249023 888.591736 1215.499268	-7.501 1.024 -1.875
weapon_ttt_galil	562.169678 942.431946 1569.124268	0.930 -12.938 -87.369
weapon_ttt_sg550	-571.095337 931.369995 1553.539185	0.379 -12.635 -89.728
weapon_ttt_sg550	538.306763 1756.582153 1751.564087	0.351 -12.618 -89.881
weapon_ttt_sg550	577.247375 1881.212158 1329.538086	-0.063 -15.643 -89.822
weapon_ttt_sg550	-2718.313965 788.209045 1025.439331	0.336 -12.794 -89.145
weapon_ttt_sg550	-1100.070557 502.463043 2153.488770	0.325 -12.800 -89.440
weapon_ttt_sg550	91.896652 770.899719 2321.578613	0.334 -12.634 -89.974
ttt_random_ammo	-1121.252686 2220.021484 1056.351196	0.105 -0.000 -0.033
ttt_random_ammo	-1149.373413 2245.726318 1056.427246	-1.280 0.006 -1.183
ttt_random_ammo	-1044.843628 633.007385 117.333549	-0.046 -0.000 -0.029
ttt_random_ammo	-1045.675781 644.293579 117.479820	-0.544 -0.020 0.660
ttt_random_ammo	-376.045135 646.669678 117.381119	0.178 0.001 0.157
ttt_random_ammo	-377.660248 628.432007 117.325294	0.048 0.000 -0.030
ttt_random_ammo	-1001.792419 5.151656 4.124198	1.420 30.207 92.927
ttt_random_ammo	-998.018005 15.851417 -4.027027	0.811 0.017 1.276
ttt_random_ammo	-1020.702881 -19.074177 3.728150	-4.335 -54.159 -88.103
ttt_random_ammo	-1227.553955 -6.795238 3.638020	2.419 -36.167 -93.921
ttt_random_ammo	-1229.921509 17.118925 4.395571	-1.816 25.767 93.734
ttt_random_ammo	-1266.023804 14.038716 4.245804	0.118 42.004 -97.759
ttt_random_ammo	-1213.189697 222.214355 1.994272	5.925 -69.346 -74.164
ttt_random_ammo	-1207.815674 188.797867 3.529884	-0.703 -28.575 -94.310
ttt_random_ammo	750.210144 156.520660 -11.546356	0.761 -0.023 -0.908
ttt_random_ammo	731.619751 158.843018 -11.630809	0.084 -0.000 -0.036
ttt_random_ammo	782.685608 516.088745 -11.677258	0.047 0.000 -0.033
ttt_random_ammo	816.611023 493.056793 -11.679878	0.047 0.000 -0.034
ttt_random_ammo	-0.089119 488.284790 96.420433	1.635 0.037 1.987
ttt_random_ammo	151.067627 490.112122 96.365395	0.083 0.000 0.033
ttt_random_ammo	397.049377 492.860046 96.389008	0.646 0.006 0.730
ttt_random_ammo	560.553894 492.839935 96.402817	1.595 0.031 1.900
ttt_random_ammo	231.354202 1220.863281 8.359577	0.059 0.000 0.001
ttt_random_ammo	254.486404 1225.630737 8.344600	0.047 0.000 -0.021
ttt_random_ammo	357.797577 842.249573 136.411224	-0.289 -0.003 0.041
ttt_random_ammo	325.559326 855.365906 136.349060	0.049 0.000 -0.017
ttt_random_ammo	114.989487 914.943726 8.445300	0.900 -0.025 -1.069
ttt_random_ammo	131.449097 920.248352 8.382829	0.157 -0.001 -0.132
ttt_random_ammo	421.923096 1281.894531 0.359458	0.076 0.000 0.021
ttt_random_ammo	519.778992 1272.312134 0.348999	0.058 0.000 -0.006
ttt_random_ammo	513.679565 1226.413696 0.376131	0.143 0.000 0.112
ttt_random_ammo	429.155884 1232.960205 0.383929	0.249 0.001 0.245
ttt_random_ammo	493.259949 1351.908203 8.392738	-0.081 -0.000 -0.151
ttt_random_ammo	496.736816 1326.632446 8.335270	0.039 0.000 -0.035
ttt_random_ammo	547.649231 1632.916504 0.312019	0.049 0.000 -0.036
ttt_random_ammo	508.364410 1629.162109 0.322738	0.048 0.000 -0.032
ttt_random_ammo	517.755066 1500.403809 0.337630	0.050 0.000 -0.022
ttt_random_ammo	543.805664 1501.128906 0.370799	0.125 0.000 0.087
ttt_random_ammo	508.681061 1723.378906 0.357441	0.071 0.000 0.014
ttt_random_ammo	489.890930 2129.596436 1640.371704	0.290 0.001 0.271
ttt_random_ammo	506.246796 2124.779541 1640.439331	0.857 0.022 1.011
ttt_random_ammo	54.310154 1858.762939 489.371460	0.050 0.000 -0.003
ttt_random_ammo	55.900955 1879.549561 489.367706	-0.152 -0.000 0.098
ttt_random_ammo	56.415985 2014.764526 489.346069	-0.075 -0.000 -0.010
ttt_random_ammo	57.291695 2044.644531 489.404724	0.628 0.005 0.717
ttt_random_ammo	464.284058 2065.126221 489.341400	-0.070 -0.000 -0.018
ttt_random_ammo	485.027161 2010.395386 489.361206	0.163 -0.000 -0.109
ttt_random_ammo	289.776001 2055.140137 489.355011	-0.092 -0.000 0.017
ttt_random_ammo	318.524170 2059.939209 489.367706	0.045 0.000 -0.010
ttt_random_ammo	162.820023 2047.990479 489.347015	0.041 0.000 -0.027
ttt_random_ammo	194.542328 2052.502930 489.369598	0.048 0.000 -0.006
ttt_random_ammo	73.008530 2056.498047 8.386519	0.115 0.000 0.084
ttt_random_ammo	107.201736 2057.841309 8.381721	0.089 0.000 0.049
ttt_random_ammo	87.499115 1865.596069 8.344602	0.042 0.000 -0.027
ttt_random_ammo	72.459221 1866.130859 8.357603	0.043 0.000 -0.018
ttt_random_ammo	380.862946 2062.973877 8.391007	-0.059 0.000 -0.125
ttt_random_ammo	380.400482 2017.325317 8.411577	-0.495 0.002 -0.645
ttt_random_ammo	277.853394 2199.724854 0.327857	0.048 0.000 -0.029
ttt_random_ammo	216.474777 2232.487549 0.374246	0.156 0.001 0.126
ttt_random_ammo	-708.105164 2220.202881 0.386829	0.516 0.004 0.571
ttt_random_ammo	-678.790833 2214.488281 0.367141	0.108 0.000 0.064
ttt_random_ammo	-749.474121 2085.310547 8.355535	0.041 0.000 -0.022
ttt_random_ammo	-787.940735 2089.899902 8.395363	0.181 0.001 0.169
ttt_random_ammo	-880.262817 2235.932373 8.948456	0.000 -0.407 0.000
ttt_random_ammo	-850.284668 2230.403076 9.896678	1.223 0.435 1.432
ttt_random_ammo	72.011101 1846.660767 144.377014	0.017 0.000 -0.040
ttt_random_ammo	102.720284 1844.858521 144.409714	-0.693 -0.006 0.792
ttt_random_ammo	192.903427 1845.349731 144.349106	0.036 0.000 -0.031
ttt_random_ammo	195.516373 1858.521851 144.368378	-0.058 -0.000 0.005
ttt_random_ammo	302.059540 1849.599243 144.396683	1.618 -0.026 -1.929
ttt_random_ammo	288.525848 1844.812500 144.363770	0.031 0.000 -0.029
ttt_random_ammo	497.952148 2064.752930 144.361755	0.034 0.000 -0.027
ttt_random_ammo	473.793732 2066.127197 144.365723	0.034 0.000 -0.026
ttt_random_ammo	45.462002 1690.444458 -479.625580	0.079 0.001 0.101
ttt_random_ammo	58.889374 1689.598511 -479.565094	1.306 0.033 1.627
ttt_random_ammo	-31.108818 2048.801025 -491.660156	0.004 0.000 0.011
ttt_random_ammo	-34.596493 2008.650513 -491.642609	0.020 0.000 0.030
ttt_random_ammo	-54.306557 2002.466431 -491.625610	0.080 0.001 0.102
ttt_random_ammo	-54.172771 2049.324707 -491.604370	1.292 0.021 1.569
ttt_random_ammo	95.522713 2028.685913 -491.542450	-0.219 -3.707 -0.416
ttt_random_ammo	84.801033 2051.563232 -491.521423	0.992 7.017 1.206
ttt_random_ammo	80.009193 2004.543213 -487.174683	-0.000 0.469 0.000
ttt_random_ammo	-1224.140015 2013.022949 478.334717	-4.854 29.019 86.424
ttt_random_ammo	-1189.780396 1010.533203 477.733582	1.372 -120.345 -85.032
ttt_random_ammo	-1437.576050 1151.476563 477.527252	-14.274 7.523 89.719
ttt_random_ammo	-1348.808472 1628.052124 478.444824	-4.794 17.839 91.845
ttt_random_ammo	-1435.349121 1365.121826 479.080170	16.630 111.528 -91.500
ttt_random_ammo	-1230.378052 1928.083130 478.817749	0.364 -17.597 -85.263
ttt_random_ammo	-1309.407593 2048.283936 478.647797	-20.903 6.165 89.993
ttt_random_ammo	-1096.631592 1216.599609 478.519714	2.860 -19.972 -91.128
ttt_random_ammo	-1215.371460 1007.735474 479.709229	-5.978 -34.682 91.129
ttt_random_ammo	-1342.195435 1393.136719 478.589783	-0.835 37.740 90.282
ttt_random_ammo	-1103.004272 1999.084595 476.933990	-1.341 -42.727 -74.053
ttt_random_ammo	-1226.332275 1960.171753 478.536194	0.402 75.488 -89.873
ttt_random_ammo	-1442.866577 1713.221802 479.740051	-0.368 47.355 94.206
ttt_random_ammo	-1182.200928 1350.015869 170.522537	-89.160 175.180 -13.310
ttt_random_ammo	-1121.305176 1031.881836 479.646698	-9.845 -34.667 -94.225
ttt_random_ammo	-1437.624268 1460.052368 478.250214	-1.413 -144.151 88.221
ttt_random_ammo	-1476.562256 2153.182129 563.659058	-89.570 -64.416 177.503
ttt_random_ammo	-1294.811646 1286.698486 478.514587	-4.247 19.063 90.739
ttt_random_ammo	-1267.978149 1091.284668 477.459045	18.874 -69.517 -88.838
ttt_random_ammo	-1367.733154 2004.777832 478.760681	2.152 116.485 -95.733
ttt_random_ammo	-1173.100464 2058.272705 479.076050	-10.984 99.477 -93.690
ttt_random_ammo	-1266.536255 1031.039429 477.559265	13.078 87.937 90.818
ttt_random_ammo	581.418762 920.612610 1760.361206	0.165 0.000 0.111
ttt_random_ammo	557.615112 914.639099 1760.357300	0.131 -0.000 -0.067
ttt_random_ammo	487.669800 922.271118 1760.369873	0.296 0.001 0.276
ttt_random_ammo	461.742310 924.764221 1760.371460	0.333 0.002 0.322
ttt_random_ammo	410.614441 926.846436 1760.411255	1.453 -0.035 -1.744
ttt_random_ammo	382.626251 939.801880 1760.374390	0.111 -0.000 -0.072
ttt_random_ammo	-125.370239 2059.649170 -491.619049	0.147 0.001 0.183
ttt_random_ammo	-123.331429 1987.672974 -491.615997	0.194 0.001 0.240
ttt_random_ammo	-228.122940 1963.567993 -491.644348	0.124 -0.000 -0.159
ttt_random_ammo	-240.052612 2071.387451 -491.560516	1.026 0.027 1.257
ttt_random_ammo	-502.466492 982.537292 16.365471	0.071 0.000 0.018
ttt_random_ammo	-581.042480 996.580139 16.337645	0.046 0.000 -0.026
ttt_random_ammo	-507.996643 1019.353271 16.361576	0.062 0.000 0.005
ttt_random_ammo	-553.160706 938.924011 16.332825	0.046 0.000 -0.029
ttt_random_ammo	-484.558136 938.550476 16.449839	0.879 0.024 1.052
ttt_random_ammo	-197.909775 1068.606934 0.431253	1.440 0.034 1.751
ttt_random_ammo	-134.403778 1224.753540 0.370971	0.102 0.000 0.059
ttt_random_ammo	-76.703712 1361.501099 0.353302	0.062 0.000 0.001
ttt_random_ammo	-1359.672974 1084.818604 479.185822	-11.073 -103.895 -89.577
ttt_random_ammo	-1106.788330 1458.451172 479.319244	-0.743 88.409 90.478
ttt_random_ammo	-1065.859985 1379.506104 477.856384	-4.890 8.648 88.078
ttt_random_ammo	-1123.247192 1927.857788 478.165131	6.589 -0.802 88.857
ttt_random_ammo	-1067.734985 1786.860352 478.492981	-0.797 107.511 89.325
ttt_random_ammo	-1070.293091 1734.673218 478.802979	-1.607 -25.517 -89.815
ttt_random_ammo	-1300.946289 1922.496094 478.060425	-0.681 -25.959 -89.409
ttt_random_ammo	-1400.890259 1915.657227 476.941467	10.087 76.763 89.293
ttt_random_ammo	-1371.889648 1784.418945 477.658234	-12.328 -12.735 88.200
ttt_random_ammo	-1328.726196 1520.696777 482.317413	0.045 0.000 -0.037
ttt_random_ammo	489.932617 1664.912720 1616.363037	0.167 0.000 0.114
ttt_random_ammo	515.426575 1663.524658 1616.374756	0.526 -0.004 -0.559
ttt_random_ammo	439.071381 1115.627197 864.342834	0.086 0.000 0.000
ttt_random_ammo	336.076752 890.868408 864.412964	1.389 0.030 1.660
ttt_random_ammo	483.794922 2049.494385 1320.380859	0.742 0.007 0.826
ttt_random_ammo	483.772369 2063.326172 1320.366699	0.207 0.001 0.166
ttt_random_ammo	-212.055115 896.109192 1216.338135	0.077 0.000 -0.012
ttt_random_ammo	-232.432648 895.493591 1216.363281	0.185 0.001 0.136
ttt_random_ammo	363.083252 1569.353394 441.454315	-0.862 -0.022 1.021
ttt_random_ammo	446.421234 1574.387573 441.361572	0.076 0.000 0.023
ttt_random_ammo	572.210327 924.769287 1328.422119	1.116 0.026 1.320
ttt_random_ammo	542.112854 925.334900 1328.417725	1.165 0.026 1.374
ttt_random_ammo	574.214600 1781.187866 1472.340210	0.074 0.000 -0.014
ttt_random_ammo	579.480896 1337.835327 1472.391113	1.617 -0.027 -1.919
ttt_random_ammo	575.890381 732.360168 336.425629	1.237 -0.028 -1.488
ttt_random_ammo	579.258545 835.877991 336.439667	1.374 0.035 1.674
ttt_random_ammo	574.472473 783.744141 880.370056	0.284 -0.001 -0.261
ttt_random_ammo	573.858582 708.462280 880.357544	0.134 -0.000 -0.069
ttt_random_ammo	-1221.735718 489.315582 2155.867188	1.162 -1.750 -1.339
ttt_random_ammo	-1201.970703 482.919098 2152.438965	0.944 -0.023 -1.130
ttt_random_ammo	-1001.245422 448.594910 2152.337891	0.075 0.000 -0.014
ttt_random_ammo	-1031.148071 465.257385 2152.335449	0.072 0.000 -0.019
ttt_random_ammo	-2264.705078 1397.251221 -847.592651	1.397 -0.032 -1.651
ttt_random_ammo	-2265.303711 1437.990601 -847.616455	0.725 -0.007 -0.807
ttt_random_ammo	-2748.629150 865.102173 2320.360840	0.199 0.001 0.152
ttt_random_ammo	-2781.191650 916.201843 2320.413086	1.114 -0.025 -1.303
ttt_random_ammo	-2676.765381 2157.456055 2080.344727	0.096 -0.000 -0.016
ttt_random_ammo	-2665.078125 2148.421387 2085.160400	0.125 2.885 0.057
ttt_random_ammo	-2678.432861 2147.658203 2234.337891	0.080 0.000 -0.008
ttt_random_ammo	-2695.604980 2145.829834 2234.330566	0.072 0.000 -0.023
ttt_random_ammo	-2608.413330 2182.952393 2376.374023	0.488 0.003 0.512
weapon_zm_rifle	415.334106 2150.354736 1639.133545	3.592 12.649 65.186
weapon_zm_rifle	576.590210 1874.353638 799.168518	3.283 12.552 65.090
weapon_zm_rifle	576.809204 1617.649536 1327.156372	3.342 11.295 65.089
weapon_zm_rifle	500.142700 1375.765015 1327.143433	3.590 11.823 65.457
weapon_zm_rifle	-1425.959229 843.741455 -848.845337	3.533 12.289 65.192
weapon_zm_mac10	251.948471 1982.350708 -490.732880	-0.054 -49.390 -87.729
weapon_zm_mac10	231.015472 1973.684692 -490.708435	-0.068 -49.382 -88.007
weapon_zm_mac10	200.791656 1978.854248 -490.708130	-0.069 -49.382 -88.010
weapon_zm_mac10	562.133789 1390.584839 1751.261719	-0.635 -53.929 -88.408
weapon_zm_mac10	-1636.823364 415.549042 569.292969	-0.269 -52.596 -88.282
weapon_zm_pistol	-1868.277466 489.230835 1680.912842	0.205 -36.297 -89.017
weapon_ttt_revolver	348.290314 2031.119995 -490.010223	8.894 26.277 75.530
weapon_ttt_revolver	320.074982 2011.281372 -489.993134	9.174 26.196 75.115
weapon_ttt_revolver	287.371368 1997.994263 -490.006226	8.958 26.259 75.436
weapon_ttt_revolver	-1888.835449 760.480835 1026.012207	9.449 25.481 73.998
weapon_ttt_dual_elites	-1514.622437 522.537720 2152.026367	1.888 0.143 -0.071
weapon_ttt_confgrenade	-1868.503662 504.165436 1682.063599	13.649 -25.788 -89.192
weapon_ttt_confgrenade	-584.043213 2260.532471 1986.140137	14.793 -26.060 -90.178
weapon_ttt_confgrenade	-498.908813 2262.021240 1986.181885	14.354 -26.213 -90.948
weapon_ttt_confgrenade	-411.936005 2261.952148 1986.059326	15.637 -25.742 -88.675
weapon_ttt_confgrenade	-312.588898 2262.039551 1986.212769	14.076 -26.356 -91.525
weapon_ttt_confgrenade	-239.689102 2261.967773 1986.088501	15.465 -25.887 -89.188
weapon_ttt_confgrenade	-183.035538 2260.698975 1986.175903	14.639 -26.582 -90.789
weapon_ttt_confgrenade	-108.444740 2260.552734 1986.259155	13.475 -26.491 -92.405
weapon_ttt_confgrenade	-52.192070 2260.417725 1986.142578	14.765 -26.085 -90.223
weapon_ttt_confgrenade	29.567591 2257.448975 1986.203247	13.979 -26.311 -91.386
weapon_zm_shotgun	279.348022 2081.187012 -490.823669	-0.560 -11.333 -84.972
weapon_zm_shotgun	240.212067 2093.594971 -490.752960	-0.950 -11.303 -86.064
weapon_zm_shotgun	213.117615 2083.442871 -490.732941	-1.061 -11.293 -86.375
weapon_zm_shotgun	-1972.713623 491.265656 1641.052490	-0.261 -8.766 -83.748
weapon_ttt_famas	171.563156 2043.252197 -490.930817	0.013 15.153 89.306
weapon_ttt_famas	149.320724 2008.304932 -490.930969	0.013 15.154 89.305
weapon_zm_revolver	345.235504 2051.867188 -491.029755	1.732 -22.117 -86.261
weapon_zm_revolver	332.916748 2063.119141 -491.029510	1.889 -22.071 -85.988
weapon_zm_revolver	314.150116 2076.067627 -491.029266	2.115 -22.029 -85.595
weapon_zm_revolver	-1554.752441 579.103577 2192.970703	1.880 -20.613 -86.004
weapon_ttt_aug	-2764.785156 895.465332 2320.580322	0.037 10.760 86.861
weapon_ttt_sg552	235.085419 2025.281982 -490.959015	2.320 2.869 -84.822
weapon_ttt_sg552	-1519.112061 2236.684814 560.935059	2.126 11.975 -83.563
weapon_ttt_sg552	-1698.059814 832.831787 1025.046143	2.210 1.581 -84.688
