# Trouble in Terrorist Town weapon/ammo placement overrides
# For map: de_saw
# Exported by: dduudu
setting:	replacespawns 1
ttt_playerspawn	1863.423218 -2450.041016 162.536331	-0.061 -0.000 0.061
ttt_playerspawn	1741.236328 -2442.661621 162.537277	-0.060 -0.000 0.060
ttt_playerspawn	1559.659302 -2472.770752 162.572159	-0.027 -0.000 0.026
ttt_playerspawn	1391.818848 -2464.014160 162.536331	-0.061 -0.000 0.061
ttt_playerspawn	1400.968018 -2598.069336 162.520172	-0.076 -0.000 0.076
ttt_playerspawn	1597.808960 -2591.176025 162.566162	-0.032 -0.000 0.032
ttt_playerspawn	1745.951172 -2587.315918 162.546860	-0.051 -0.000 0.051
ttt_playerspawn	1851.670288 -2589.403076 162.517731	-0.079 -0.000 0.079
ttt_playerspawn	1424.890015 -2713.686523 162.552170	-0.046 -0.000 0.046
ttt_playerspawn	1545.338623 -2708.158447 162.559464	-0.039 -0.000 0.039
ttt_playerspawn	4708.992188 -4152.049316 306.528900	0.002 0.107 0.195
ttt_playerspawn	4590.578613 -4116.222656 306.520691	-0.032 -0.000 0.032
ttt_playerspawn	4468.281250 -4108.290039 306.564789	-0.000 0.879 -0.112
ttt_playerspawn	4470.000000 -4231.349609 306.530273	-0.145 0.074 -0.050
ttt_playerspawn	4581.788086 -4232.506836 306.545593	-0.022 -0.000 0.022
ttt_playerspawn	4704.853516 -4235.045898 306.525330	0.030 0.000 0.030
ttt_playerspawn	4631.630371 -4377.796387 306.521332	-0.257 0.018 -0.007
ttt_playerspawn	4554.187012 -4373.083984 306.504974	-0.038 -0.000 0.038
ttt_playerspawn	4465.178223 -4375.986328 306.542908	-0.179 0.032 0.002
ttt_playerspawn	5400.742188 -2789.387451 450.519501	-0.032 -0.000 0.032
ttt_playerspawn	5505.363770 -2797.633301 450.521881	-0.031 -0.000 0.031
ttt_playerspawn	5517.458496 -2623.634521 450.514496	-0.034 -0.000 0.034
ttt_playerspawn	5411.804688 -2625.605713 450.551758	-0.019 -0.000 0.019
ttt_playerspawn	5241.791992 -2678.071777 486.514496	-0.034 -0.000 0.034
ttt_playerspawn	5235.337402 -2535.547607 486.551758	-0.019 -0.000 0.019
ttt_playerspawn	5576.602051 -2502.486572 450.550201	0.055 0.003 0.099
ttt_playerspawn	6060.588379 -2720.175293 450.525330	-0.030 -0.000 0.030
ttt_playerspawn	5920.928223 -2729.217773 450.521881	-0.031 -0.000 0.031
ttt_playerspawn	5769.492676 -2733.938477 450.521881	-0.031 -0.000 0.031
ttt_playerspawn	6033.466309 -2547.562500 450.494385	-0.043 -0.000 0.043
ttt_playerspawn	5926.303711 -2539.694580 450.523041	-0.031 -0.000 0.031
ttt_playerspawn	5797.614258 -2546.052002 450.514496	-0.034 -0.000 0.034
ttt_playerspawn	5669.437012 -2590.510010 306.513489	-0.085 -0.000 0.085
ttt_playerspawn	5811.325195 -2585.098877 306.548950	-0.050 -0.000 0.050
ttt_playerspawn	5977.503906 -2593.775635 306.527802	-0.071 -0.000 0.071
ttt_playerspawn	5290.322266 -2813.729248 306.527802	-0.071 -0.000 0.071
ttt_playerspawn	5566.944824 -2832.385986 306.528900	-0.069 -0.000 0.069
ttt_playerspawn	5274.588379 -2601.544678 306.533051	-0.065 -0.000 0.065
ttt_playerspawn	4813.614258 -4120.396484 594.504944	-0.038 -0.000 0.038
ttt_playerspawn	4699.625977 -4119.262207 594.557251	0.064 0.226 -0.037
ttt_playerspawn	4676.939941 -4404.739746 594.497498	-0.041 -0.000 0.041
ttt_playerspawn	4839.237793 -4396.898438 594.510498	-0.036 -0.000 0.036
ttt_playerspawn	4885.978516 -4245.453125 594.524170	-0.030 -0.000 0.030
ttt_playerspawn	4884.241699 -4326.886719 594.503479	-0.039 -0.000 0.039
ttt_playerspawn	4508.834473 -4259.806152 594.494385	-0.043 -0.000 0.042
ttt_playerspawn	4594.176270 -4263.570313 594.575806	-0.010 -0.000 0.010
ttt_playerspawn	4449.123535 -4149.839844 594.549011	0.034 -0.100 0.085
ttt_playerspawn	5052.968750 -4083.109131 306.471191	-0.013 -0.000 0.013
ttt_playerspawn	4555.739746 -3968.498291 98.556084	-0.043 -0.000 0.043
ttt_playerspawn	4799.687988 -3997.627930 98.535042	-0.063 -0.000 0.063
ttt_playerspawn	4764.487305 -4287.381836 98.537910	-0.061 -0.000 0.061
ttt_playerspawn	4556.920410 -4298.842285 98.544960	-0.054 -0.000 0.054
weapon_ttt_ak47	4683.512207 -4179.740234 120.892509	0.095 12.086 -87.861
weapon_ttt_ak47	3102.876465 -1951.551880 335.101257	3.336 -3.431 -96.936
item_box_buckshot_ttt	3733.919678 -1566.541382 432.425079	-0.735 -0.000 0.569
item_box_buckshot_ttt	3734.080078 -1581.552124 432.382355	-0.393 0.000 0.403
weapon_ttt_smokegrenade	2715.965332 -1936.175781 367.234222	-1.223 -1.349 -1.830
weapon_ttt_smokegrenade	2721.312500 -1930.617554 367.305237	-0.499 -1.743 -0.758
item_ammo_357_ttt	5012.792969 -3543.597900 448.433472	1.590 -0.135 -0.726
item_ammo_357_ttt	4741.079102 -3330.613525 476.319885	0.488 0.365 -0.009
item_ammo_357_ttt	4753.791504 -3330.391846 476.438446	0.657 -0.255 -0.046
item_ammo_357_ttt	4741.064453 -2423.786133 339.715118	0.855 2.315 0.057
item_ammo_357_ttt	4730.511719 -2453.479736 339.689362	0.806 0.385 -0.009
item_ammo_revolver_ttt	2706.760010 -1931.491455 320.810974	0.454 1.140 0.028
item_ammo_revolver_ttt	2721.427490 -1933.518799 321.308380	0.442 -0.316 0.043
item_ammo_revolver_ttt	3421.720703 -3722.658203 207.213776	0.435 0.026 0.045
item_ammo_revolver_ttt	3431.490723 -3722.073730 207.211746	0.435 0.026 0.046
item_ammo_smg1_ttt	4694.234375 -4206.110840 120.386406	0.088 -0.005 0.047
item_ammo_smg1_ttt	4667.854004 -4208.439941 120.389053	0.099 -0.005 0.054
item_ammo_smg1_ttt	4706.776855 -3820.383301 140.537186	-0.794 0.008 -0.588
item_ammo_smg1_ttt	4718.730469 -3812.087158 140.466599	0.822 -0.003 0.537
item_ammo_smg1_ttt	3090.593506 -1946.528687 301.107513	-0.006 1.457 0.000
item_ammo_smg1_ttt	3090.447266 -1919.634033 301.133301	-0.009 -0.117 0.013
item_ammo_smg1_ttt	2711.997559 -1932.730469 295.684570	0.191 26.314 0.127
item_ammo_smg1_ttt	4351.666504 -1510.788330 288.457550	-0.203 0.770 0.106
item_ammo_smg1_ttt	4369.092773 -1510.552490 288.512207	0.049 0.003 -0.025
item_ammo_smg1_ttt	1733.735352 -2733.941895 160.459290	0.178 0.580 0.028
item_ammo_smg1_ttt	2069.979004 -1551.218262 339.824432	0.494 -1.030 -0.145
item_ammo_smg1_ttt	2070.225342 -1581.058105 339.852051	-0.815 -2.016 0.368
item_ammo_smg1_ttt	3117.243652 -1919.850586 300.207428	-0.009 0.102 -0.007
item_ammo_smg1_ttt	3116.956055 -1946.988770 300.267670	0.029 0.600 -0.019
item_ammo_smg1_ttt	2789.453613 -1119.121094 342.647949	-0.129 -90.386 0.183
item_ammo_pistol_ttt	4633.653320 -3835.642090 131.526489	0.066 0.021 -0.015
item_ammo_pistol_ttt	4641.075195 -3836.294434 131.459915	0.122 0.020 -0.028
item_ammo_pistol_ttt	2705.425781 -1933.793335 345.927338	0.004 -0.006 0.014
item_ammo_pistol_ttt	2714.075684 -1934.348755 345.994019	0.003 0.956 0.014
ttt_random_weapon	4309.164063 -1507.581421 335.995392	2.182 -44.306 -91.196
ttt_random_weapon	4440.610352 -884.281433 312.710785	1.082 -7.002 -95.536
ttt_random_weapon	4476.048340 -884.695496 312.660828	1.525 -8.416 -92.538
ttt_random_weapon	4521.380371 -884.741699 312.709381	1.347 -6.836 -93.712
ttt_random_weapon	4006.956055 -942.046814 321.164673	2.211 4.349 -92.672
ttt_random_weapon	3681.152588 -1105.480713 314.180878	-4.682 -0.215 -4.909
ttt_random_weapon	3646.107666 -1105.454590 313.921509	-5.412 -1.181 -2.806
ttt_random_weapon	3610.960693 -1105.500610 314.020569	-5.437 -0.986 -3.521
ttt_random_weapon	3251.656494 -1366.756836 353.310699	1.381 -6.646 -94.201
ttt_random_weapon	3199.868408 -1768.210815 337.224426	1.600 4.761 -93.228
ttt_random_weapon	3206.181885 -1957.430542 321.221863	1.954 10.016 -92.447
ttt_random_weapon	3177.571533 -1923.362305 321.211060	2.060 -5.150 -92.206
ttt_random_weapon	3020.003418 -1467.668823 289.222900	1.617 4.980 -93.189
ttt_random_weapon	2781.255127 -1556.687378 289.245636	1.251 -37.946 -94.441
ttt_random_weapon	2943.464111 -1279.109863 320.778809	7.607 0.632 -6.475
ttt_random_weapon	2938.681396 -1256.697144 353.212280	2.321 5.661 -91.816
ttt_random_weapon	2929.754639 -1234.647095 322.504852	-5.221 0.564 -6.707
ttt_random_weapon	2799.222412 -2659.530273 368.451569	1.882 5.409 -92.581
ttt_random_weapon	2861.243408 -2606.687500 357.204468	1.486 0.522 -8.088
ttt_random_weapon	2862.631592 -2583.733154 356.488556	7.447 -0.318 -7.180
ttt_random_weapon	2847.355469 -2530.088623 343.577667	1.739 3.974 -92.910
ttt_random_weapon	2853.197998 -2533.965332 383.390686	-4.526 0.841 -1.807
ttt_random_weapon	2762.614258 -2227.517334 321.244232	1.582 7.109 -93.698
ttt_random_weapon	2764.927979 -2242.840088 321.214691	1.950 5.616 -92.556
ttt_random_weapon	2837.757080 -2400.635742 337.844513	1.332 -5.686 -93.841
ttt_random_weapon	2866.027832 -2403.894531 341.076569	1.524 2.705 -93.401
ttt_random_weapon	2864.604492 -2400.008057 306.927277	1.317 7.293 -95.720
ttt_random_weapon	2841.799561 -2396.239014 313.001862	1.658 5.785 -93.094
ttt_random_weapon	2865.490234 -2408.939697 372.504486	-1.778 -14.164 -99.369
ttt_random_weapon	2835.707520 -2402.222656 370.969025	1.887 -13.523 -92.574
ttt_random_weapon	2868.424316 -2401.475098 394.725433	1.559 -18.560 -93.321
ttt_random_weapon	2834.500000 -2401.739990 393.591278	2.166 -6.645 -91.652
ttt_random_weapon	2917.699463 -2550.287842 289.221741	1.630 4.989 -93.159
ttt_random_weapon	2919.036377 -2523.249023 289.237274	1.454 4.970 -93.561
ttt_random_weapon	3116.799316 -2265.277588 329.582642	1.860 4.779 -92.631
ttt_random_weapon	3119.770996 -2192.117432 353.485077	1.793 4.774 -92.785
ttt_random_weapon	3123.944336 -2226.392334 353.473114	1.928 4.784 -92.476
ttt_random_weapon	3491.309570 -2331.074219 340.982971	2.749 1.050 -91.879
ttt_random_weapon	3486.765869 -2344.291504 341.810516	2.765 -3.186 -91.137
ttt_random_weapon	4332.640137 -2225.430420 330.658569	1.720 4.016 -92.952
ttt_random_weapon	4333.842773 -2244.406738 331.426392	1.703 7.330 -92.991
ttt_random_weapon	4334.860352 -2229.662842 303.683655	1.890 -37.506 -92.563
ttt_random_weapon	4331.560059 -2261.406738 334.296112	1.561 -3.500 -93.317
ttt_random_weapon	4336.437012 -2224.679932 382.355957	1.872 26.425 -94.200
ttt_random_weapon	4332.954102 -2226.276855 354.526001	-0.000 45.000 90.000
ttt_random_weapon	4337.719727 -2258.253662 356.789825	-1.515 -35.627 -94.248
ttt_random_weapon	4326.996094 -2250.516357 306.313385	2.141 -47.334 -91.995
ttt_random_weapon	4352.172363 -2133.966064 368.464874	1.658 -16.640 -93.387
ttt_random_weapon	3813.843018 -2947.563232 342.371063	1.784 -8.721 -92.806
ttt_random_weapon	3814.325684 -2879.293945 338.013336	1.649 4.213 -93.115
ttt_random_weapon	3815.926270 -2856.897705 338.896973	1.623 -1.715 -93.174
ttt_random_weapon	3810.236572 -2840.445068 341.898712	1.656 -0.423 -93.099
ttt_random_weapon	3808.261230 -2990.967041 342.304688	1.575 -23.745 -93.284
ttt_random_weapon	3811.666504 -2971.785645 342.298950	2.054 -7.258 -92.187
ttt_random_weapon	3837.362305 -3454.199463 369.902130	1.482 0.701 -93.498
ttt_random_weapon	3838.208496 -3485.075439 387.900391	-2.348 1.298 85.336
ttt_random_weapon	3840.027832 -3484.979980 370.905579	0.898 -4.591 -91.122
ttt_random_weapon	3840.838867 -3447.819824 339.863312	-13.993 -17.631 -90.210
ttt_random_weapon	3644.755615 -3495.553711 161.661972	-2.125 -1.570 84.357
ttt_random_weapon	3611.303955 -3507.893555 163.525803	-5.751 32.724 119.390
ttt_random_weapon	3603.781006 -3401.290283 164.842651	9.820 5.644 -123.574
ttt_random_weapon	4291.113770 -2971.135986 326.732391	2.220 5.602 -92.021
ttt_random_weapon	4944.823242 -3306.447510 331.735291	1.350 4.288 -94.207
ttt_random_weapon	4916.462402 -3299.153564 331.105103	1.341 2.542 -94.054
ttt_random_weapon	4940.292480 -3322.728027 331.561371	1.441 2.699 -93.591
ttt_random_weapon	5085.438965 -3709.432861 344.130798	2.254 1.478 -92.835
ttt_random_weapon	5086.650391 -3759.571777 345.401367	2.215 1.682 -92.426
ttt_random_weapon	5082.208496 -3758.086914 372.813110	1.605 -3.101 -93.215
ttt_random_weapon	5076.452148 -3713.862061 376.381317	2.267 4.342 -92.968
ttt_random_weapon	4640.637695 -3574.690674 345.584778	1.335 4.943 -93.651
ttt_random_weapon	4627.981445 -3740.445801 349.878510	1.233 1.464 -94.895
ttt_random_weapon	4628.252930 -3293.147461 351.349396	-4.529 1.238 -3.880
ttt_random_weapon	4659.378418 -3288.908691 366.431366	13.253 -1.918 -7.220
ttt_random_weapon	4824.692871 -4206.126465 394.123352	2.262 3.747 -92.922
ttt_random_weapon	4826.703125 -4176.079590 394.191620	1.800 5.092 -92.769
ttt_random_weapon	4823.026367 -4170.717285 363.128113	2.278 3.741 -93.084
ttt_random_weapon	4820.898438 -4201.356934 363.133911	2.262 3.747 -92.922
ttt_random_weapon	4820.871582 -4261.077148 363.141144	2.243 3.755 -92.720
ttt_random_weapon	4820.986816 -4211.999023 363.139832	2.247 3.753 -92.756
ttt_random_weapon	4824.688477 -4246.267578 343.837555	1.460 3.169 -93.525
ttt_random_weapon	4827.830566 -4264.734375 345.461365	2.193 -7.032 -92.193
ttt_random_weapon	4756.545898 -4406.888184 345.481110	1.454 5.122 -93.517
ttt_random_weapon	4755.403809 -4391.588379 344.444397	1.772 0.022 -92.862
ttt_random_weapon	4690.121094 -4244.810059 641.064697	1.552 4.757 -93.337
ttt_random_weapon	4683.407227 -4261.526855 641.052124	1.694 4.768 -93.012
ttt_random_weapon	4750.829590 -4250.265137 657.483948	1.837 4.777 -92.685
ttt_random_weapon	4755.926758 -4278.895996 657.485291	1.822 4.776 -92.719
ttt_random_weapon	4903.316895 -4102.833496 638.388611	1.262 6.908 -93.848
ttt_random_weapon	4902.223145 -4118.795410 637.224243	1.348 4.064 -93.742
ttt_random_weapon	4901.522949 -4133.992676 635.729736	1.319 4.184 -93.908
ttt_random_weapon	4901.786133 -4147.016602 634.789490	2.157 3.242 -91.929
ttt_random_weapon	4943.902344 -4447.420898 656.751892	8.160 -11.320 -5.296
ttt_random_weapon	3181.732422 -3741.023682 197.579224	1.791 4.929 -92.791
ttt_random_weapon	2484.263428 -3563.973633 213.757172	1.814 4.776 -92.736
ttt_random_weapon	2497.658936 -3575.403564 213.766357	1.711 4.769 -92.973
ttt_random_weapon	2243.918457 -3111.345947 161.218719	1.617 4.439 -93.134
ttt_random_weapon	1423.838501 -2330.698242 161.228027	1.559 4.984 -93.321
ttt_random_weapon	1465.179443 -2321.658691 161.230301	1.533 4.981 -93.380
ttt_random_weapon	1495.668701 -2324.723877 161.168228	2.183 2.387 -92.086
ttt_random_weapon	1542.926758 -2338.288818 161.190018	1.870 4.015 -92.474
ttt_random_weapon	1512.647827 -2367.029297 161.225784	1.584 4.986 -93.263
ttt_random_weapon	1477.750977 -2363.158691 161.237854	1.418 4.685 -93.878
ttt_random_weapon	1436.816162 -2371.063232 161.222137	1.625 4.988 -93.169
ttt_random_weapon	1479.878662 -2378.226074 161.236069	1.468 4.971 -93.530
ttt_random_weapon	1462.887207 -2344.625244 161.230026	1.536 4.981 -93.373
ttt_random_weapon	1661.673462 -2328.921143 161.223297	1.612 4.987 -93.199
ttt_random_weapon	1746.093262 -2332.684082 161.235519	1.474 4.973 -93.515
ttt_random_weapon	1298.608032 -2586.465820 172.246201	-6.406 20.484 172.329
ttt_random_weapon	1283.672729 -2563.063477 169.241913	1.174 11.892 -94.857
ttt_random_weapon	1305.358521 -2526.405029 169.085953	1.433 58.523 -93.055
ttt_random_weapon	1297.502563 -2610.633301 169.230957	1.363 23.200 -93.584
ttt_random_weapon	2063.772705 -2395.288086 215.352219	1.640 7.364 -93.344
ttt_random_weapon	2066.926514 -2352.167236 215.375854	1.584 4.760 -93.264
ttt_random_weapon	2273.295410 -1943.995361 213.783630	1.515 4.754 -93.421
ttt_random_weapon	2277.173340 -1960.756714 213.738495	2.026 4.792 -92.251
ttt_random_weapon	2404.535889 -2579.117920 161.227554	1.564 4.917 -93.309
ttt_random_weapon	2516.844238 -2501.142090 161.204315	1.827 4.929 -92.708
ttt_random_weapon	2208.620117 -1312.896118 289.202271	1.850 4.928 -92.656
ttt_random_weapon	2259.529297 -986.084167 306.969330	1.260 6.374 -93.898
ttt_random_weapon	2270.931152 -969.847900 306.971008	1.260 6.198 -93.898
ttt_random_weapon	2272.402100 -946.849854 306.892120	2.150 -14.034 -92.041
ttt_random_weapon	3275.492676 -584.952698 323.130615	1.207 4.431 -93.695
ttt_random_weapon	3267.108887 -589.951660 323.922211	-0.826 3.356 -64.242
ttt_random_weapon	3270.629639 -609.228333 323.127380	1.874 4.930 -92.601
ttt_random_weapon	3275.502686 -628.218506 323.121002	1.327 2.312 -93.593
ttt_random_weapon	3261.334961 -753.701233 332.310913	0.443 -14.432 93.139
ttt_random_weapon	2261.952393 -1316.835938 289.197144	1.907 4.928 -92.523
ttt_random_weapon	5157.252930 -2741.778320 538.626892	1.809 1.785 -92.626
ttt_random_weapon	5162.022461 -2730.095215 538.173645	7.654 2.333 -4.793
ttt_random_weapon	5240.123535 -2454.801758 515.169434	1.885 4.780 -92.575
ttt_random_weapon	5256.031250 -2464.815430 515.186340	1.694 4.767 -93.012
ttt_random_weapon	5723.875488 -2833.745361 481.240051	1.633 5.705 -93.062
ttt_random_weapon	5746.676758 -2848.965332 513.210938	2.409 4.864 -91.415
ttt_random_weapon	5685.143066 -2840.114502 513.204773	2.255 3.267 -92.722
ttt_random_weapon	5860.892578 -2646.748535 449.200592	1.090 6.168 -93.629
ttt_random_weapon	5911.411621 -2647.579346 449.243286	1.381 -1.385 -93.745
ttt_random_weapon	5894.158203 -2631.217773 449.190582	0.736 10.755 -93.781
ttt_random_weapon	5971.138672 -2461.280762 449.205536	1.813 4.998 -92.740
ttt_random_weapon	6018.281250 -2460.382324 449.204071	1.829 4.777 -92.702
ttt_random_weapon	5900.439453 -2763.185059 342.676056	-1.033 -40.047 -93.269
ttt_random_weapon	5903.145508 -2738.886719 344.264435	6.040 -7.718 -80.528
ttt_random_weapon	5903.440430 -2725.668945 345.782227	7.356 9.297 -98.585
ttt_random_weapon	5904.289063 -2762.274902 321.083679	1.598 -1.810 -93.231
ttt_random_weapon	5903.155273 -2748.739258 316.526306	-0.363 -8.861 -76.951
ttt_random_weapon	5905.166504 -2726.806152 328.878906	1.544 -6.345 -93.355
ttt_random_weapon	5377.989746 -2703.748047 345.523010	-4.708 -3.888 85.584
ttt_random_weapon	5382.569336 -2686.556885 350.677399	1.827 -13.724 -92.708
ttt_random_weapon	4856.356934 -2165.693115 345.718750	1.128 4.755 -95.350
ttt_random_weapon	4899.118652 -2173.517578 345.719666	1.158 -3.980 -95.131
ttt_random_weapon	4936.517090 -2183.582764 347.139984	-4.098 0.286 -15.984
ttt_random_weapon	4647.581543 -2441.073975 289.204987	1.819 4.928 -92.725
ttt_random_weapon	4748.775391 -1518.781250 353.283356	1.557 6.788 -93.334
ttt_random_weapon	4750.325195 -1534.537842 353.227203	2.181 5.689 -92.102
ttt_random_weapon	4534.398438 -1350.260986 336.051666	1.463 4.935 -92.743
ttt_random_weapon	4567.648926 -1342.201660 335.616394	7.605 0.573 -7.126
ttt_random_weapon	5227.858887 -4038.525635 305.183319	2.022 5.704 -92.423
ttt_random_weapon	5226.479004 -4089.052002 305.225281	1.575 5.722 -93.341
ttt_random_weapon	5229.382324 -4130.541992 305.192444	1.925 5.709 -92.622
ttt_random_weapon	4592.926758 -4379.293945 131.598907	2.226 -6.728 -92.340
ttt_random_weapon	4612.119141 -4398.360840 174.064636	1.919 11.574 -94.151
ttt_random_weapon	4584.132324 -4378.055664 172.664063	1.459 6.875 -94.730
ttt_random_weapon	4774.609375 -4373.066895 175.210236	1.452 4.513 -94.787
ttt_random_weapon	4744.778809 -4390.963379 176.163300	1.522 -0.314 -94.267
ttt_random_weapon	4767.163574 -4375.764160 128.093124	1.506 4.516 -94.381
ttt_random_weapon	4764.766602 -4391.264160 128.851517	2.234 3.926 -92.321
ttt_random_weapon	4601.994629 -4401.648926 127.882813	2.249 7.705 -92.448
weapon_zm_sledge	3203.107910 -1703.196411 365.808441	18.634 -0.363 2.992
weapon_ttt_smg	4821.553223 -4070.592041 368.367706	1.755 91.073 89.987
weapon_ttt_m16	4785.049805 -4033.181641 369.006592	2.051 -156.850 85.093
weapon_ttt_tmp	5658.182617 -2712.570557 379.301880	-32.325 -21.315 -89.521
weapon_ttt_mp5	3087.476807 -1868.566528 301.913544	0.640 -91.060 -86.363
weapon_ttt_galil	2105.623291 -1569.603027 339.970276	-0.113 -85.249 86.767
weapon_zm_molotov	4690.253906 -4150.576172 120.158379	-2.620 -1.234 -1.430
weapon_zm_molotov	4666.987305 -4149.174316 120.170158	-2.185 -1.389 -1.195
weapon_zm_molotov	2835.238281 -2448.777588 301.331604	-25.290 -27.710 -64.294
weapon_zm_molotov	2064.411865 -2373.817627 214.349243	-0.546 -1.672 -1.000
weapon_zm_molotov	2075.173340 -2372.508545 214.340347	-0.703 -1.590 -1.292
weapon_ttt_sg550	4702.679199 -2433.588379 340.600983	0.182 -90.890 -86.923
ttt_random_ammo	4027.542480 -1000.302734 288.361542	0.067 0.000 0.011
ttt_random_ammo	4047.408447 -1002.573730 288.332794	0.046 0.000 -0.028
ttt_random_ammo	4029.963135 -980.927673 288.365417	0.075 0.000 0.024
ttt_random_ammo	4049.006104 -981.634277 288.428314	1.346 0.033 1.621
ttt_random_ammo	4034.989014 -947.601868 288.332794	0.046 0.000 -0.028
ttt_random_ammo	4049.621338 -949.024780 288.446350	0.980 0.026 1.179
ttt_random_ammo	4034.690186 -910.311890 288.417236	1.656 0.036 2.004
ttt_random_ammo	4055.305908 -912.572632 288.353333	0.054 0.000 -0.008
ttt_random_ammo	4002.644775 -988.828003 352.424805	0.010 -0.000 0.079
ttt_random_ammo	3969.010010 -973.559143 352.451904	-0.507 0.002 -0.689
ttt_random_ammo	3980.652344 -928.376709 352.384766	0.052 -0.000 0.049
ttt_random_ammo	4005.483398 -968.083862 352.409882	0.038 -0.000 0.052
ttt_random_ammo	3993.849609 -1030.584473 288.391266	0.539 0.004 0.601
ttt_random_ammo	4021.495361 -1024.405640 288.416321	1.621 0.036 1.955
ttt_random_ammo	4056.386719 -1029.820557 288.381012	0.189 0.001 0.171
ttt_random_ammo	3438.058838 -1318.392578 288.379456	0.164 0.001 0.139
ttt_random_ammo	3416.258789 -1316.486084 288.330353	0.046 0.000 -0.029
ttt_random_ammo	3446.242676 -1347.978027 288.414307	1.588 -0.036 -1.912
ttt_random_ammo	3413.487305 -1347.224609 288.374481	0.120 0.000 0.083
ttt_random_ammo	3395.337402 -1268.759277 288.363495	0.070 0.000 0.017
ttt_random_ammo	3386.368164 -1268.994995 288.339996	0.047 -0.000 0.023
ttt_random_ammo	3396.841553 -1295.003296 288.351196	0.052 0.000 -0.011
ttt_random_ammo	3387.775635 -1296.402588 288.417328	1.595 0.036 1.924
ttt_random_ammo	3396.209229 -1327.020996 288.372742	0.109 0.000 0.069
ttt_random_ammo	3388.426025 -1327.452637 288.314728	0.047 0.000 -0.036
ttt_random_ammo	3396.863037 -1360.686890 288.361542	0.067 0.000 0.012
ttt_random_ammo	3389.533447 -1366.786987 288.393707	1.072 -0.014 -1.250
ttt_random_ammo	3411.067139 -1292.179688 347.219452	0.045 -0.000 0.030
ttt_random_ammo	3409.020508 -1270.102905 347.277863	0.516 -0.004 -0.574
ttt_random_ammo	3426.376709 -1267.721558 356.291473	0.044 0.000 -0.025
ttt_random_ammo	3431.747559 -1283.049438 356.326385	0.112 0.000 0.077
ttt_random_ammo	3193.044678 -1750.575439 336.382538	0.208 0.001 0.195
ttt_random_ammo	3208.626953 -1754.792725 336.413696	1.669 0.034 2.014
ttt_random_ammo	3176.240723 -1993.157593 352.411041	0.025 0.000 -0.067
ttt_random_ammo	3213.846680 -1989.149292 352.419281	0.006 -0.000 0.083
ttt_random_ammo	3181.753662 -1951.199829 352.411591	0.020 -0.000 0.071
ttt_random_ammo	3178.204834 -1978.230469 352.510986	-1.267 0.027 -1.625
ttt_random_ammo	2777.191406 -1653.411377 288.386688	0.316 0.002 0.327
ttt_random_ammo	2814.535889 -1652.402222 288.377838	0.151 0.001 0.122
ttt_random_ammo	2782.148438 -1459.706299 288.429413	1.430 0.033 1.734
ttt_random_ammo	2719.543945 -2640.407227 354.566437	-0.811 -11.666 -89.933
ttt_random_ammo	2710.874268 -2618.494385 354.523865	-0.180 -9.516 -89.539
ttt_random_ammo	2732.990723 -2627.145996 288.453278	-1.437 -0.033 1.746
ttt_random_ammo	2732.428467 -2611.111572 288.333557	-0.046 -0.000 -0.028
ttt_random_ammo	2730.801025 -2589.659668 288.394684	1.075 0.014 1.255
ttt_random_ammo	2703.627930 -2576.476563 288.374512	0.119 0.000 0.082
ttt_random_ammo	2730.579346 -2577.018799 288.392944	0.721 0.007 0.823
ttt_random_ammo	2778.264893 -2198.402588 352.373932	-0.059 0.000 0.041
ttt_random_ammo	2733.301758 -2200.789307 352.389679	0.061 -0.000 0.032
ttt_random_ammo	2726.193359 -2240.051514 352.493958	-1.572 0.033 -1.885
ttt_random_ammo	2798.909180 -2199.595215 320.354370	0.060 -0.000 0.030
ttt_random_ammo	2770.957275 -2205.787842 352.401733	-0.069 0.000 0.014
ttt_random_ammo	2734.660156 -2236.430908 352.467194	-1.440 0.024 -1.677
ttt_random_ammo	2723.562256 -2210.786377 352.406342	0.079 -0.000 -0.001
ttt_random_ammo	2763.793945 -2210.928955 352.380585	-0.060 0.000 0.036
ttt_random_ammo	2931.433350 -2624.612793 288.376404	-0.123 -0.000 0.086
ttt_random_ammo	2933.835449 -2590.489502 288.357513	0.060 0.000 0.001
ttt_random_ammo	2931.583252 -2570.469727 288.374420	0.123 -0.000 -0.087
ttt_random_ammo	2905.898682 -2622.918945 288.461517	-1.125 -0.029 1.364
ttt_random_ammo	2906.503906 -2598.465820 288.355438	0.057 0.000 -0.003
ttt_random_ammo	2906.392822 -2584.882568 288.370911	0.101 -0.000 -0.058
ttt_random_ammo	2904.890137 -2506.532227 288.357513	0.060 0.000 0.000
ttt_random_ammo	2920.697998 -2499.397461 288.355438	0.057 0.000 -0.003
ttt_random_ammo	2936.512451 -2501.990479 288.381012	0.190 0.001 0.171
ttt_random_ammo	3180.113281 -2232.814453 352.665009	0.212 0.001 0.200
ttt_random_ammo	3213.605957 -2250.948242 352.624298	0.046 0.000 -0.023
ttt_random_ammo	3212.598633 -2222.165527 352.594849	0.047 0.000 -0.037
ttt_random_ammo	3202.070557 -2237.893311 352.622070	0.045 0.000 -0.025
ttt_random_ammo	3580.893066 -2150.924316 288.374481	-0.110 -0.000 0.070
ttt_random_ammo	3581.434082 -2166.605225 288.338348	-0.047 -0.000 -0.025
ttt_random_ammo	3564.931396 -2153.465088 288.335968	-0.046 -0.000 -0.027
ttt_random_ammo	3564.115479 -2162.828369 288.352020	-0.053 -0.000 -0.011
ttt_random_ammo	3547.145020 -2153.455811 288.380219	-0.152 -0.001 0.124
ttt_random_ammo	3545.088379 -2162.861816 288.389709	-0.276 -0.001 0.279
ttt_random_ammo	3611.235840 -2328.838623 288.437042	1.228 -0.030 -1.488
ttt_random_ammo	3610.770996 -2314.903320 288.325317	0.046 -0.000 0.032
ttt_random_ammo	3626.306396 -2329.176758 288.423828	1.409 -0.032 -1.697
ttt_random_ammo	3628.305420 -2310.310547 288.392975	0.715 0.007 0.816
ttt_random_ammo	3649.013916 -2328.479980 288.355438	0.057 0.000 -0.004
ttt_random_ammo	3649.529297 -2305.553467 288.442932	1.120 0.028 1.357
ttt_random_ammo	4339.491699 -2247.977051 367.493927	0.054 0.000 -0.003
ttt_random_ammo	4338.864746 -2264.797363 367.466705	0.044 0.000 -0.030
ttt_random_ammo	4383.646973 -1707.615356 288.349121	-0.223 0.170 -0.057
ttt_random_ammo	4383.350098 -1724.789673 288.336761	-0.292 -0.175 0.135
ttt_random_ammo	4361.859375 -1705.092651 288.387787	-0.244 -0.001 0.239
ttt_random_ammo	4364.648926 -1730.457153 288.317474	0.047 -0.000 0.035
ttt_random_ammo	4100.341797 -1496.223389 288.437439	1.247 0.031 1.511
ttt_random_ammo	4097.911621 -1510.293457 288.317444	0.047 0.000 -0.035
ttt_random_ammo	4068.129150 -1490.672119 288.441315	0.110 -0.180 0.064
ttt_random_ammo	4071.759277 -1514.056885 288.441315	1.091 0.028 1.314
ttt_random_ammo	3265.730469 -1381.742554 320.388275	0.001 -0.000 0.093
ttt_random_ammo	3224.651611 -1353.477783 320.361084	0.049 -0.000 0.051
ttt_random_ammo	3204.339844 -1334.403564 288.465912	-0.804 -0.003 0.701
ttt_random_ammo	3223.394531 -1333.250366 288.352020	-0.053 0.000 0.011
ttt_random_ammo	3204.345703 -1317.157959 288.435974	-1.592 -0.022 1.495
ttt_random_ammo	3223.622070 -1317.804810 288.345337	-0.049 -0.000 -0.019
ttt_random_ammo	3285.870605 -2261.046387 288.386719	0.311 0.002 0.322
ttt_random_ammo	3299.746338 -2260.349121 288.458405	0.792 0.023 0.960
ttt_random_ammo	3276.632324 -2223.732910 288.372742	0.108 0.000 0.067
ttt_random_ammo	3296.641113 -2228.034912 288.382477	0.216 0.001 0.204
ttt_random_ammo	3620.347412 -3026.565430 304.447937	1.242 -0.031 -1.423
ttt_random_ammo	3638.070557 -3027.541504 304.330383	0.046 -0.000 0.029
ttt_random_ammo	3622.080078 -3057.652344 304.387939	0.363 0.002 0.386
ttt_random_ammo	3640.746338 -3057.556641 304.327881	0.046 -0.000 0.031
ttt_random_ammo	3637.187988 -2881.849609 304.372559	-0.100 -0.000 0.058
ttt_random_ammo	3523.458008 -3226.769043 304.418457	1.513 0.036 1.818
ttt_random_ammo	3525.901855 -3248.456299 304.389130	0.412 0.003 0.445
ttt_random_ammo	3564.053223 -3224.364258 304.344574	0.048 0.000 -0.019
ttt_random_ammo	3565.562256 -3246.904053 304.327850	0.046 0.000 -0.031
ttt_random_ammo	3846.249268 -3450.423096 383.528046	0.801 0.008 0.923
ttt_random_ammo	3832.329590 -3449.194092 383.459625	0.045 0.000 -0.033
ttt_random_ammo	3841.762207 -3464.210693 383.490112	0.050 0.000 -0.010
ttt_random_ammo	3831.554688 -3463.728760 383.518280	0.208 0.001 0.197
ttt_random_ammo	3840.526611 -3356.349121 383.584351	0.045 0.000 -0.034
ttt_random_ammo	3838.691895 -3371.267578 383.586792	0.045 0.000 -0.033
ttt_random_ammo	3843.305420 -3474.370117 335.448395	0.087 0.000 0.044
ttt_random_ammo	3839.477783 -3492.665039 335.408813	0.044 0.000 -0.030
ttt_random_ammo	3836.740967 -3488.549316 309.538300	0.206 0.001 0.194
ttt_random_ammo	3837.618164 -3469.792236 309.510101	0.050 0.000 -0.010
ttt_random_ammo	3840.762207 -3450.766357 309.491272	0.044 0.000 -0.028
ttt_random_ammo	4907.708496 -3316.294434 326.305298	0.001 1.262 -0.084
ttt_random_ammo	4918.807617 -3318.006104 325.825104	0.098 -0.442 0.103
ttt_random_ammo	5086.250488 -3796.061523 330.600433	0.558 0.004 0.626
ttt_random_ammo	5086.534668 -3797.799561 362.585144	0.045 0.000 -0.028
ttt_random_ammo	5083.506348 -3808.565674 393.594238	0.052 0.000 -0.009
ttt_random_ammo	5085.721680 -3761.508789 393.653900	0.638 1.104 0.810
ttt_random_ammo	5083.694824 -3750.302246 393.583649	0.046 0.000 -0.022
ttt_random_ammo	5084.847656 -3725.808838 393.616150	0.122 0.000 0.088
ttt_random_ammo	5082.119141 -3701.884277 393.598236	0.056 0.000 -0.002
ttt_random_ammo	5084.799805 -3788.204346 393.559814	0.046 0.000 -0.034
ttt_random_ammo	5084.536133 -3783.202393 362.634247	0.220 0.001 0.211
ttt_random_ammo	5084.930664 -3783.363037 330.538513	0.045 0.000 -0.030
ttt_random_ammo	5082.192383 -3729.530273 330.578125	0.083 0.000 0.037
ttt_random_ammo	5079.688965 -3729.829102 362.582764	0.045 0.000 -0.029
ttt_random_ammo	4686.004395 -3522.400391 368.635040	0.051 0.000 -0.011
ttt_random_ammo	4663.191895 -3519.583496 368.624390	0.047 -0.000 0.021
ttt_random_ammo	4640.099609 -3548.785400 368.646820	0.070 0.000 0.018
ttt_random_ammo	4667.165039 -3553.232910 368.624298	0.046 0.000 -0.023
ttt_random_ammo	4710.549316 -3579.819580 368.721619	1.037 0.027 1.242
ttt_random_ammo	4731.835938 -3601.651855 368.658966	0.131 0.000 0.099
ttt_random_ammo	4750.480957 -3560.222656 368.622040	0.046 0.000 -0.025
ttt_random_ammo	4506.261719 -3684.062988 399.677307	-0.563 -0.456 -0.635
ttt_random_ammo	4505.661621 -3661.718506 399.746460	-0.009 -1.038 0.110
ttt_random_ammo	4504.579102 -3637.739990 401.371582	-0.099 -0.115 -0.061
ttt_random_ammo	4504.312988 -3683.884521 379.681824	-0.004 5.131 0.056
ttt_random_ammo	4504.303223 -3643.013428 378.854767	-0.915 -4.370 -1.102
ttt_random_ammo	4500.088867 -3686.994629 357.636047	0.390 0.124 -0.131
ttt_random_ammo	4504.355957 -3643.702637 359.074738	-0.823 -0.218 -0.952
ttt_random_ammo	4836.229980 -4222.856934 393.353973	0.066 0.000 0.014
ttt_random_ammo	4832.173828 -4254.882324 393.429260	1.230 0.031 1.495
ttt_random_ammo	4821.440918 -4251.741699 393.420868	1.355 0.034 1.639
ttt_random_ammo	4820.312500 -4222.295898 393.379822	0.419 0.003 0.456
ttt_random_ammo	4837.263672 -4157.981445 339.249207	0.046 -0.344 -0.032
ttt_random_ammo	4822.885742 -4161.881836 338.861420	-1.473 -5.482 1.795
ttt_random_ammo	4836.128906 -4174.001465 339.883270	0.124 0.568 0.090
ttt_random_ammo	4825.082031 -4178.348633 337.339020	0.045 -5.563 -0.029
ttt_random_ammo	4835.815918 -4201.799805 330.302368	0.046 0.000 -0.022
ttt_random_ammo	4827.410156 -4201.728516 330.314972	0.054 0.000 -0.006
ttt_random_ammo	4836.057617 -4214.705566 330.288513	0.045 0.000 -0.030
ttt_random_ammo	4818.631348 -4215.559570 330.340973	0.193 0.001 0.177
ttt_random_ammo	4833.693848 -4222.112305 362.335144	0.045 0.000 -0.028
ttt_random_ammo	4822.404297 -4222.084473 362.385559	0.254 0.001 0.252
ttt_random_ammo	4832.542480 -4242.788574 362.354797	0.052 0.000 -0.009
ttt_random_ammo	4823.149902 -4242.438965 362.391388	0.486 0.003 0.538
ttt_random_ammo	4828.689941 -4181.829102 362.424408	0.507 0.681 0.520
ttt_random_ammo	4822.895996 -4181.987305 362.398834	0.086 -0.682 0.114
ttt_random_ammo	4516.559082 -3993.241455 304.370972	0.097 0.000 0.055
ttt_random_ammo	4517.771484 -4023.089600 304.355438	0.056 0.000 -0.004
ttt_random_ammo	4547.030273 -3987.746582 304.369141	0.089 0.000 0.043
ttt_random_ammo	4546.942383 -4025.579346 304.392242	0.611 0.005 0.690
ttt_random_ammo	4740.410156 -4010.260742 304.335205	0.046 0.000 -0.026
ttt_random_ammo	4737.246582 -4032.909668 304.433044	1.271 0.031 1.533
ttt_random_ammo	4771.161621 -4004.762207 304.327820	0.046 0.000 -0.030
ttt_random_ammo	4762.776855 -4050.874268 304.428314	1.296 0.031 1.556
ttt_random_ammo	4777.483887 -4088.260254 304.370972	0.097 0.000 0.055
ttt_random_ammo	4788.769531 -4063.045410 336.457947	0.391 3.752 -0.817
ttt_random_ammo	4684.617676 -4459.877441 304.437958	1.143 -0.029 -1.378
ttt_random_ammo	4648.683594 -4474.275391 304.365387	0.075 -0.000 -0.025
ttt_random_ammo	4654.306152 -4508.475586 304.425964	-0.186 -0.321 0.258
ttt_random_ammo	4582.977539 -4483.830566 304.320801	-0.046 -0.000 -0.034
ttt_random_ammo	4573.500977 -4466.240234 304.370972	0.096 0.000 0.053
ttt_random_ammo	4542.828125 -4464.726563 304.327820	0.046 0.000 -0.030
ttt_random_ammo	4524.892090 -4434.267578 304.383972	0.238 0.001 0.232
ttt_random_ammo	4505.118652 -4381.086426 656.875244	0.600 0.005 0.677
ttt_random_ammo	4521.524902 -4365.723633 656.890442	1.712 0.030 2.055
ttt_random_ammo	4489.774902 -4359.648926 656.842102	0.058 0.000 0.001
ttt_random_ammo	4505.080078 -4349.744629 656.831909	0.050 -0.000 0.014
ttt_random_ammo	4520.040039 -4458.780273 656.847839	0.069 0.000 0.017
ttt_random_ammo	4548.116699 -4456.494629 656.801147	0.046 0.000 -0.035
ttt_random_ammo	4549.989258 -4427.284668 656.853516	1.412 -0.036 0.102
ttt_random_ammo	4421.174316 -3992.442139 643.260071	-0.045 0.000 0.018
ttt_random_ammo	4428.995605 -3992.375977 683.454041	-0.150 0.001 -0.126
ttt_random_ammo	4460.991699 -3986.652832 683.484009	-0.192 0.186 0.196
ttt_random_ammo	4485.801758 -3986.603271 683.459534	-0.520 0.113 0.151
ttt_random_ammo	4475.229980 -3986.633301 663.427368	-0.196 -1.455 0.119
ttt_random_ammo	4444.867676 -3990.333252 663.348877	-0.069 -0.168 0.042
ttt_random_ammo	4427.962402 -3990.235107 663.377686	-0.943 -0.011 1.096
ttt_random_ammo	4547.030762 -4045.240723 612.661133	-1.676 -92.180 -90.180
ttt_random_ammo	4442.213867 -3990.000732 643.282166	-0.081 0.000 -0.038
ttt_random_ammo	4470.602539 -3988.994385 643.296814	-0.317 -0.002 0.332
ttt_random_ammo	4513.683594 -4059.267334 610.412903	1.358 0.034 1.616
ttt_random_ammo	4521.479980 -4069.937012 610.387085	0.585 0.005 0.662
ttt_random_ammo	4535.443359 -4052.407471 610.387146	0.583 0.005 0.659
ttt_random_ammo	4551.583496 -4028.564697 610.453918	0.642 0.022 0.777
ttt_random_ammo	3301.765869 -3737.025146 160.338379	-0.047 -0.000 -0.025
ttt_random_ammo	3320.183105 -3735.919678 160.397659	-0.469 -0.003 0.516
ttt_random_ammo	3348.790771 -3736.397461 160.320847	-0.047 -0.000 -0.034
ttt_random_ammo	3271.000488 -3723.925049 160.366638	-0.077 -0.000 0.026
ttt_random_ammo	3252.255127 -3721.644775 160.338379	-0.047 -0.000 -0.025
ttt_random_ammo	3235.417725 -3721.888916 160.349838	-0.051 -0.000 -0.014
ttt_random_ammo	3211.177979 -3723.625732 160.455124	-1.304 -0.032 1.579
ttt_random_ammo	2921.159668 -3972.765625 160.378326	-0.137 -0.000 0.104
ttt_random_ammo	2920.438965 -3935.248047 160.340729	-0.047 -0.000 -0.023
ttt_random_ammo	2889.491699 -3933.532471 160.399887	-0.553 -0.004 0.618
ttt_random_ammo	2253.259033 -3133.777100 160.421799	1.453 -0.034 -1.750
ttt_random_ammo	2232.596436 -3134.227783 160.349045	0.051 -0.000 0.014
ttt_random_ammo	1994.405273 -2405.399658 160.342316	0.048 0.000 -0.022
ttt_random_ammo	2003.355103 -2451.972656 160.353363	0.055 0.000 -0.007
ttt_random_ammo	2008.794312 -2475.914795 160.367325	0.084 0.000 0.035
ttt_random_ammo	2008.929199 -2496.507568 160.370987	0.101 0.000 0.057
ttt_random_ammo	1993.105835 -2517.113525 160.392899	0.824 -0.009 -0.949
ttt_random_ammo	1979.360107 -2507.774170 160.386703	0.315 0.002 0.327
ttt_random_ammo	1972.004883 -2476.614258 160.359558	0.064 -0.000 -0.006
ttt_random_ammo	1966.936279 -2444.002930 160.317505	0.048 -0.000 0.035
ttt_random_ammo	1963.269531 -2419.483154 160.363510	0.072 0.000 0.019
ttt_random_ammo	1963.379639 -2400.628418 160.359558	0.064 0.000 0.006
ttt_random_ammo	1772.678711 -2747.593018 160.462723	0.729 0.022 0.887
ttt_random_ammo	1702.374390 -2738.000000 160.346848	0.050 0.000 -0.017
ttt_random_ammo	1698.961792 -2705.976563 160.367294	0.085 -0.000 -0.036
ttt_random_ammo	1750.204468 -2704.697754 160.392151	0.628 0.005 0.709
ttt_random_ammo	1791.737427 -2712.830811 160.353363	0.055 0.000 -0.007
ttt_random_ammo	1849.788696 -2717.946533 160.320129	0.047 0.000 -0.034
ttt_random_ammo	1888.906738 -2716.439697 160.369141	0.091 -0.000 -0.044
ttt_random_ammo	1899.093384 -2746.913330 160.346848	0.050 0.000 -0.017
ttt_random_ammo	1825.285156 -2740.613525 160.389084	0.423 0.003 0.458
ttt_random_ammo	2060.700439 -2290.241455 160.378311	-0.135 -0.000 0.103
ttt_random_ammo	2091.079590 -2287.203125 160.328583	-0.046 -0.000 -0.031
ttt_random_ammo	2054.668213 -2208.098633 160.359177	0.003 0.155 -0.183
ttt_random_ammo	2080.648438 -2210.760254 160.387863	-0.251 -0.001 0.246
ttt_random_ammo	2101.821045 -2227.448486 160.414642	-1.594 -0.019 1.780
ttt_random_ammo	2106.780273 -2255.285156 160.385559	-0.071 -0.164 0.069
ttt_random_ammo	2088.468262 -2266.336182 228.309509	0.064 -0.000 -0.010
ttt_random_ammo	2079.187012 -2238.196777 228.329376	0.137 0.001 0.109
ttt_random_ammo	2294.383057 -965.591675 306.246307	-0.077 0.810 -0.050
ttt_random_ammo	2286.328857 -979.959656 306.247620	-0.078 -0.062 -0.049
ttt_random_ammo	2280.930420 -990.026611 306.251587	-0.946 -0.177 1.120
ttt_random_ammo	2272.395752 -1000.444336 306.232422	-0.100 -0.087 0.143
ttt_random_ammo	3284.702393 -650.761169 322.386047	-1.331 -0.034 1.617
ttt_random_ammo	3268.552979 -651.509033 322.332306	-0.656 -0.006 0.745
ttt_random_ammo	3256.968994 -644.032654 322.279053	-0.050 -0.000 -0.016
ttt_random_ammo	3253.742676 -624.242493 322.286591	0.056 0.000 -0.005
ttt_random_ammo	3250.572754 -599.387878 322.308380	0.144 0.001 0.114
ttt_random_ammo	3282.279053 -595.743835 322.294403	0.070 0.000 0.017
ttt_random_ammo	3249.056152 -658.904785 322.388763	-1.213 -0.031 1.473
ttt_random_ammo	2472.869873 -3528.518555 160.394592	1.091 0.015 1.273
ttt_random_ammo	2450.106445 -3542.120850 160.398483	-0.145 -0.063 -0.654
ttt_random_ammo	2400.795654 -3489.460205 160.380234	-0.151 -0.119 -0.022
ttt_random_ammo	2422.333252 -3461.729004 160.374496	0.120 0.000 0.083
ttt_random_ammo	5170.625977 -2508.793945 484.491364	0.434 -0.441 -0.526
ttt_random_ammo	5172.022949 -2492.188232 484.482452	1.706 -0.087 2.068
ttt_random_ammo	5171.117676 -2576.224854 484.472229	-0.607 0.012 1.082
ttt_random_ammo	5170.943359 -2557.567139 484.504456	-1.430 0.032 1.798
ttt_random_ammo	5263.676758 -2777.288574 484.429382	1.326 0.032 1.597
ttt_random_ammo	5305.394531 -2745.435547 484.355438	0.056 0.000 -0.004
ttt_random_ammo	5309.679199 -2721.313965 484.335236	0.046 -0.000 0.026
ttt_random_ammo	5311.249512 -2714.399414 484.394989	1.425 0.024 1.680
ttt_random_ammo	5311.165039 -2700.465332 484.332794	0.046 0.000 -0.028
ttt_random_ammo	5307.833008 -2666.013184 484.382507	0.211 0.001 0.199
ttt_random_ammo	5308.515625 -2684.064941 484.394226	1.346 -0.022 -1.585
ttt_random_ammo	5203.327637 -2783.685059 484.376190	0.130 0.000 0.097
ttt_random_ammo	5457.757813 -2881.436279 496.659332	0.044 -0.000 0.028
ttt_random_ammo	5462.314941 -2906.501709 496.670105	0.045 -0.000 0.020
ttt_random_ammo	5445.593262 -2908.391846 496.652435	0.044 -0.000 0.031
ttt_random_ammo	5439.463867 -2884.973389 496.707458	0.232 -0.001 -0.228
ttt_random_ammo	5390.065918 -2905.197021 496.201172	0.050 -0.000 0.010
ttt_random_ammo	5381.185547 -2886.544678 496.193146	0.045 -0.000 0.020
ttt_random_ammo	5365.073730 -2905.162598 496.215668	0.079 -0.000 -0.033
ttt_random_ammo	5359.606445 -2888.019775 496.199188	0.048 -0.000 0.013
ttt_random_ammo	5738.457520 -2477.348877 448.414154	-1.210 -0.018 1.419
ttt_random_ammo	5736.142578 -2511.473877 448.385834	-0.212 -0.001 0.200
ttt_random_ammo	5735.641602 -2543.538330 448.343018	-0.047 -0.000 -0.021
ttt_random_ammo	5734.792480 -2560.037109 448.351410	-0.266 -0.000 0.095
ttt_random_ammo	5735.054199 -2592.318359 448.372742	0.107 0.000 0.067
ttt_random_ammo	5735.738770 -2609.033203 448.363495	0.070 0.000 0.018
ttt_random_ammo	5724.439941 -2886.880371 512.512451	0.890 0.025 1.054
ttt_random_ammo	5720.142578 -2875.988281 512.400696	0.060 0.000 -0.031
ttt_random_ammo	5747.302246 -2866.439697 512.373352	0.057 0.000 -0.050
ttt_random_ammo	5697.729004 -2850.189697 512.434570	-0.045 0.000 -0.140
ttt_random_ammo	6202.497559 -2883.921387 448.446503	0.944 0.025 1.133
ttt_random_ammo	6202.075684 -2842.510254 448.330322	0.046 0.000 -0.029
ttt_random_ammo	6202.287109 -2817.741455 448.413086	0.151 -0.125 0.221
ttt_random_ammo	6199.937500 -2778.609863 448.337646	0.046 -0.000 0.025
ttt_random_ammo	6192.900391 -2757.504883 448.452789	0.840 0.024 1.010
ttt_random_ammo	5691.585938 -2604.386963 551.580811	-2.273 0.687 1.374
ttt_random_ammo	5714.141602 -2603.545654 552.284180	0.056 0.302 -0.125
ttt_random_ammo	5690.821777 -2569.633301 552.237183	0.022 -0.134 -0.173
ttt_random_ammo	5707.748047 -2570.917969 552.278625	0.326 0.002 0.343
ttt_random_ammo	5898.618164 -2763.073975 383.507935	0.095 0.000 0.054
ttt_random_ammo	5898.060059 -2747.512939 383.482056	0.045 0.000 -0.020
ttt_random_ammo	5898.887207 -2738.223145 383.471283	0.044 0.000 -0.028
ttt_random_ammo	5899.394043 -2723.782471 383.501190	0.068 0.000 0.018
ttt_random_ammo	5907.918945 -2761.189453 361.222870	1.496 0.036 1.786
ttt_random_ammo	5902.535645 -2746.517822 361.201447	0.598 0.005 0.676
ttt_random_ammo	5904.232910 -2733.513428 361.199768	0.455 0.003 0.502
ttt_random_ammo	5903.942871 -2723.780518 361.143616	0.044 0.000 -0.029
ttt_random_ammo	6262.306152 -2814.357422 304.434570	1.209 0.030 1.454
ttt_random_ammo	6241.928711 -2812.922363 304.342316	0.048 -0.000 0.021
ttt_random_ammo	6257.956055 -2792.042236 304.382507	0.216 0.001 0.205
ttt_random_ammo	6242.899902 -2791.308838 304.393372	0.940 -0.011 -1.090
ttt_random_ammo	5900.481934 -2498.019775 304.340729	-0.047 -0.000 -0.023
ttt_random_ammo	5943.109375 -2497.595947 304.399689	-0.530 -0.004 0.590
ttt_random_ammo	6025.700195 -2500.570313 304.364624	-0.072 -0.000 0.019
ttt_random_ammo	5992.163574 -2494.563721 304.447815	-1.621 -0.037 1.970
ttt_random_ammo	5691.251953 -2679.678711 304.335236	0.046 0.000 -0.027
ttt_random_ammo	5672.429688 -2673.068359 304.459381	0.740 0.022 0.893
ttt_random_ammo	5364.580566 -2913.079834 304.378296	-0.134 -0.000 0.101
ttt_random_ammo	5367.996582 -2904.628174 304.442291	-1.680 -0.035 2.033
ttt_random_ammo	5402.757813 -2913.727295 304.347595	-0.050 -0.000 -0.017
ttt_random_ammo	5402.097656 -2907.157959 304.455109	-1.216 -0.030 1.467
ttt_random_ammo	5269.708008 -2916.905029 304.328583	-0.046 -0.000 -0.031
ttt_random_ammo	5271.407715 -2898.885986 304.362579	-0.067 -0.000 0.012
ttt_random_ammo	5241.429688 -2911.572510 304.384003	-0.193 -0.001 0.175
ttt_random_ammo	5241.283203 -2896.873535 304.343048	-0.048 -0.000 -0.021
ttt_random_ammo	4668.473145 -2458.410400 288.392181	0.619 0.005 0.699
ttt_random_ammo	4675.659180 -2422.405029 288.377838	0.150 0.001 0.122
ttt_random_ammo	4610.615723 -2446.790771 288.351196	0.052 -0.000 0.011
ttt_random_ammo	4619.141113 -2416.271240 288.377838	0.149 0.001 0.120
ttt_random_ammo	4548.824219 -1593.868408 288.478455	0.778 0.024 -1.199
ttt_random_ammo	4550.190430 -1612.893921 288.386688	0.313 0.002 0.324
ttt_random_ammo	4543.269531 -1645.973999 288.327850	0.046 0.000 -0.031
ttt_random_ammo	4543.427734 -1741.872070 288.486969	1.091 -0.008 1.322
ttt_random_ammo	4543.740234 -1777.089600 288.483734	1.529 0.094 1.854
ttt_random_ammo	4543.213867 -1790.295776 288.370148	0.668 -0.004 -0.639
ttt_random_ammo	4550.639648 -1838.241821 288.365387	0.077 -0.000 -0.026
weapon_zm_rifle	4740.420898 -3365.966309 478.923859	0.906 -72.823 -87.023
weapon_ttt_glock	4633.339355 -3814.105469 132.217026	-0.797 25.630 91.458
weapon_ttt_glock	3269.505615 -636.437561 322.919617	-0.164 27.665 90.560
weapon_zm_mac10	4710.210938 -3839.490723 141.317505	-0.412 -53.905 -88.333
weapon_zm_mac10	4642.447754 -3593.936768 345.625397	0.088 -67.366 -87.576
weapon_ttt_p228	2786.565430 -1136.820068 343.086334	-1.034 -0.722 -90.155
weapon_zm_pistol	2720.351318 -1920.809448 347.631287	0.262 -34.894 -88.847
weapon_ttt_revolver	3421.626953 -3742.164063 208.862717	9.058 32.890 74.822
weapon_ttt_dual_elites	4844.429199 -3806.474365 170.934860	2.289 0.254 -0.041
weapon_ttt_dual_elites	2723.305908 -1918.500732 295.672180	1.618 5.052 -0.544
weapon_ttt_confgrenade	4826.480469 -3804.535400 191.952469	22.273 -28.851 -50.459
weapon_ttt_confgrenade	4845.461426 -3804.528076 191.907852	22.842 -25.909 -49.540
weapon_ttt_confgrenade	4799.808105 -3804.591309 192.050156	26.131 -28.530 -53.544
weapon_zm_shotgun	3751.500000 -1572.067993 432.663605	-0.480 -89.534 84.747
weapon_ttt_famas	1498.149170 -2348.620117 165.252686	-0.161 -174.403 91.995
weapon_zm_revolver	2721.755615 -1924.034790 322.390961	2.147 -15.901 -85.539
weapon_ttt_aug	4281.826660 -1514.528442 336.273651	-0.780 -64.980 -82.186
