# Trouble in Terrorist Town weapon/ammo placement overrides
# For map: de_thematrix
# Exported by: dduudu
setting:	replacespawns 1
ttt_playerspawn	227.385498 -539.159851 417.792206	-0.125 0.044 -0.005
ttt_playerspawn	224.537308 -691.335022 417.775635	0.173 -0.240 -0.000
ttt_playerspawn	233.617386 -806.924561 417.782227	-0.189 -0.062 -0.038
ttt_playerspawn	376.054138 -841.149170 417.764740	-0.232 0.098 -0.025
ttt_playerspawn	380.268738 -714.495239 417.772186	-0.222 0.122 -0.039
ttt_playerspawn	402.424103 -579.246887 417.787109	-0.176 0.039 -0.040
ttt_playerspawn	551.725464 -828.009033 417.770752	-0.202 0.146 -0.014
ttt_playerspawn	549.223511 -712.550110 417.769745	-0.208 0.083 -0.018
ttt_playerspawn	556.558655 -585.211609 417.751801	-0.075 -0.000 0.075
ttt_playerspawn	-35.106369 -1225.185791 -35.457317	0.055 0.000 0.055
ttt_playerspawn	140.961212 -1222.575439 -35.477451	-0.074 -0.000 0.074
ttt_playerspawn	448.273102 -1373.230469 54.528149	0.069 0.000 0.069
ttt_playerspawn	299.179871 -1122.594604 190.570877	-0.028 -0.000 0.028
ttt_playerspawn	448.099213 -1387.086670 280.521362	-0.075 -0.000 0.075
ttt_playerspawn	273.986298 -1320.855713 326.532379	-0.065 -0.000 0.065
ttt_playerspawn	-47.164993 -1187.054077 416.545197	-0.052 -0.000 0.052
ttt_playerspawn	107.876617 -1210.490112 416.546021	-0.052 -0.000 0.052
ttt_playerspawn	326.142029 -917.210144 -67.457581	-0.056 -0.000 0.056
ttt_playerspawn	407.018616 -892.716614 -67.470039	-0.068 -0.000 0.068
ttt_playerspawn	-5.364454 554.505371 1.527079	-0.070 -0.000 0.070
ttt_playerspawn	-8.077073 380.917633 1.557595	-0.040 -0.000 0.041
ttt_playerspawn	-10.358630 314.692017 1.535361	-0.062 -0.000 0.062
ttt_playerspawn	-125.943916 556.480469 1.546050	-0.052 -0.000 0.052
ttt_playerspawn	-125.301071 428.232819 1.549962	-0.048 -0.000 0.048
ttt_playerspawn	-143.241974 303.157593 1.589022	-0.192 0.016 -0.165
ttt_playerspawn	134.733612 568.986267 1.539142	-0.058 -0.000 0.058
ttt_playerspawn	135.514389 451.657532 1.541831	-0.056 -0.000 0.056
ttt_playerspawn	139.360138 358.908112 1.518964	-0.078 -0.000 0.078
ttt_playerspawn	-260.009521 549.416992 1.543557	-0.054 -0.000 0.054
ttt_playerspawn	-264.952332 346.998688 1.554283	-0.044 -0.000 0.044
ttt_playerspawn	-261.950745 111.213097 1.524848	-0.072 -0.000 0.072
ttt_playerspawn	255.614349 43.531471 1.545231	-0.052 -0.000 0.052
ttt_playerspawn	260.487762 254.718201 1.542700	-0.055 -0.000 0.055
ttt_playerspawn	264.391541 478.931030 1.535361	-0.062 -0.000 0.062
ttt_playerspawn	261.643097 638.650452 1.537281	-0.060 -0.000 0.060
ttt_playerspawn	-1082.276978 582.916931 2.527383	-0.007 -0.000 0.007
ttt_playerspawn	-804.564331 604.639343 2.566786	-0.053 -0.000 0.053
ttt_playerspawn	-1867.886597 316.935364 1.467247	-0.013 -0.000 0.013
ttt_playerspawn	-1634.817383 329.284973 1.485840	-0.011 -0.000 0.011
ttt_playerspawn	-1948.750732 -217.889709 1.504743	-0.009 -0.000 0.009
ttt_playerspawn	-1937.946533 -49.162777 1.510319	-0.009 -0.000 0.009
ttt_playerspawn	-1469.166992 564.890076 1.535631	-0.006 -0.000 0.006
ttt_playerspawn	-1903.387451 -534.188477 1.561644	-0.027 0.029 0.048
ttt_playerspawn	-939.738586 -677.563232 1.536012	-0.062 -0.000 0.062
ttt_playerspawn	-1162.133057 -676.019653 1.543277	-0.055 -0.000 0.055
ttt_playerspawn	-947.119202 -122.892006 -130.475525	-0.074 -0.000 0.074
ttt_playerspawn	-965.251160 27.245340 -130.485199	-0.083 -0.000 0.083
ttt_playerspawn	-820.908081 98.999001 -130.473282	-0.072 -0.000 0.072
ttt_playerspawn	-1180.783936 -343.092072 -130.476669	-0.075 -0.000 0.075
ttt_playerspawn	340.058197 -212.303375 417.574127	0.041 -0.000 -0.041
ttt_playerspawn	90.078735 -227.276352 417.514465	-0.034 -0.000 0.034
ttt_playerspawn	219.178162 -250.496567 417.532806	-0.027 -0.000 0.027
ttt_playerspawn	479.287323 -226.678818 416.475800	0.011 -0.450 -0.025
ttt_playerspawn	-219.322220 -229.551041 416.540619	-0.058 -0.000 0.058
ttt_playerspawn	-86.722816 -229.291595 416.544952	-0.054 -0.000 0.054
ttt_playerspawn	-221.030472 -513.234070 416.516052	-0.082 -0.000 0.082
ttt_playerspawn	-202.853912 534.934143 137.518570	-0.080 -0.000 0.080
ttt_playerspawn	-195.476273 320.706085 137.539764	-0.059 -0.000 0.059
ttt_playerspawn	-216.425232 92.024734 137.548950	-0.050 -0.000 0.050
weapon_ttt_ak47	-1180.395752 416.588348 -131.116638	0.203 -169.197 87.532
item_ammo_357_ttt	15.060244 -861.633423 414.616638	0.462 0.057 0.033
item_ammo_revolver_ttt	-179.238907 -669.719604 0.368400	0.457 0.044 0.041
item_ammo_revolver_ttt	-92.051552 -1337.558838 439.372070	0.283 -1.160 -0.376
item_ammo_smg1_ttt	721.486267 -637.543396 414.631500	0.229 -0.003 0.113
item_ammo_smg1_ttt	-298.818909 -173.959534 415.518555	0.250 -0.014 -0.211
item_ammo_smg1_ttt	-285.336304 -174.005966 415.484161	0.793 -0.003 -0.641
item_ammo_smg1_ttt	53.131031 -1076.373047 432.058258	0.171 -0.147 -0.082
item_ammo_smg1_ttt	68.438553 -1076.683350 432.014313	0.346 0.011 -0.172
item_ammo_smg1_ttt	602.999878 -1009.557434 414.738647	-0.315 92.455 0.122
item_ammo_pistol_ttt	722.431030 -758.838074 414.631226	-0.085 -0.019 -0.025
item_ammo_pistol_ttt	-103.016830 -3.031280 471.414215	-0.177 -0.007 -0.046
item_ammo_pistol_ttt	-91.694199 -4.676613 471.413605	-0.074 -0.020 -0.022
item_ammo_pistol_ttt	130.127533 -1006.787170 414.571564	0.504 90.619 -0.108
weapon_ttt_g3sg1	46.576500 -873.386780 415.403290	-0.580 175.727 87.943
ttt_random_weapon	-174.656357 -613.305298 416.193115	1.952 4.926 -92.420
ttt_random_weapon	-63.823029 -585.736267 416.224182	1.602 4.920 -93.222
ttt_random_weapon	-1250.946655 -657.544678 1.197595	1.902 4.328 -92.535
ttt_random_weapon	-1565.998535 -514.099426 1.209310	1.770 4.927 -92.837
ttt_random_weapon	-1359.559204 -234.418793 31.222736	1.485 5.013 -93.337
ttt_random_weapon	-1350.139038 -197.829727 31.215212	1.704 3.851 -92.990
ttt_random_weapon	-1563.008057 -39.942524 31.225822	1.584 4.687 -93.264
ttt_random_weapon	-1770.845581 -38.256767 31.198435	1.893 4.717 -92.557
ttt_random_weapon	-1720.987305 77.057846 61.215748	1.698 4.925 -93.004
ttt_random_weapon	-1623.957520 72.656197 61.207504	1.791 4.928 -92.791
ttt_random_weapon	-1345.557495 242.597702 31.209126	1.772 4.708 -92.832
ttt_random_weapon	-1286.562256 242.409515 61.829674	-2.727 3.757 -94.207
ttt_random_weapon	-1284.430786 226.123032 61.818188	-3.151 6.526 -92.936
ttt_random_weapon	-1284.410889 186.503403 61.837723	-3.181 6.804 -93.109
ttt_random_weapon	-1357.956543 272.163055 31.181004	1.648 21.035 -92.611
ttt_random_weapon	-1774.347412 503.315491 32.323833	-3.985 3.216 -94.404
ttt_random_weapon	-1853.113403 572.923096 61.200867	1.865 4.929 -92.619
ttt_random_weapon	-1819.590820 575.688843 61.230682	1.529 4.914 -93.390
ttt_random_weapon	-1910.277832 575.065613 31.191591	1.970 5.845 -92.380
ttt_random_weapon	-2029.551270 76.385757 61.222313	1.623 4.921 -93.173
ttt_random_weapon	-1987.300781 77.186317 61.190575	1.981 4.920 -92.354
ttt_random_weapon	-2114.929932 73.187012 61.204311	1.827 4.929 -92.708
ttt_random_weapon	-2078.297119 75.111031 61.218555	1.666 4.923 -93.076
ttt_random_weapon	-2071.665771 -116.784218 31.218418	1.667 4.697 -93.073
ttt_random_weapon	-2163.193848 -31.586317 31.227888	1.502 6.498 -93.676
ttt_random_weapon	-2072.914063 -315.552399 31.228058	1.558 4.684 -93.322
ttt_random_weapon	-2117.253418 -401.143097 61.226795	1.573 5.281 -93.290
ttt_random_weapon	-2081.800293 -401.600342 61.193958	1.943 4.925 -92.441
ttt_random_weapon	-1689.853760 -400.465973 61.199409	1.882 4.926 -92.582
ttt_random_weapon	-1727.077759 -401.952637 61.209888	1.764 4.928 -92.852
ttt_random_weapon	-1596.445801 -406.221802 61.220051	1.122 15.091 -94.175
ttt_random_weapon	-2025.088135 -286.946350 1.726629	-2.253 -161.997 85.346
ttt_random_weapon	-1624.764038 -398.064850 61.218555	1.666 4.923 -93.076
ttt_random_weapon	-1643.314941 -106.864166 32.121414	-3.180 3.065 -93.209
ttt_random_weapon	-1635.654663 -23.754974 61.202274	1.850 4.928 -92.656
ttt_random_weapon	-1601.038696 -28.395185 61.205616	1.812 4.928 -92.742
ttt_random_weapon	-2154.372070 397.293030 34.900555	1.464 4.818 -94.064
ttt_random_weapon	-2129.950684 371.113312 34.951527	1.387 4.042 -94.766
ttt_random_weapon	-1002.291199 496.662201 1.169193	2.172 5.688 -92.115
ttt_random_weapon	-1173.210571 503.316559 1.200256	1.842 5.713 -92.793
ttt_random_weapon	-757.691406 259.851105 -0.772151	1.561 4.916 -93.317
ttt_random_weapon	-818.111633 252.235947 -0.806037	1.943 4.925 -92.441
ttt_random_weapon	-1207.076660 310.361542 -130.779709	1.646 4.922 -93.121
ttt_random_weapon	-1220.501709 350.996185 -130.786270	1.720 4.926 -92.952
ttt_random_weapon	-1067.347412 30.411562 -130.787323	1.732 4.927 -92.924
ttt_random_weapon	-1100.066040 39.143932 -130.806870	1.952 4.926 -92.420
ttt_random_weapon	-1107.344849 -138.001083 -130.808563	1.972 4.920 -92.376
ttt_random_weapon	-1102.569458 -105.408890 -130.799133	1.865 4.929 -92.619
ttt_random_weapon	-1164.092407 -415.925995 -130.798416	1.857 4.928 -92.638
ttt_random_weapon	-1209.420532 -413.474609 -130.796356	1.834 4.930 -92.691
ttt_random_weapon	-1189.587280 217.187988 1.228152	1.557 4.916 -93.325
ttt_random_weapon	-1233.140869 218.072205 1.207855	1.787 4.622 -92.800
ttt_random_weapon	-1285.977295 18.084547 43.239403	1.430 2.976 -93.617
ttt_random_weapon	-1284.776611 -6.055127 43.219959	1.650 5.161 -93.113
ttt_random_weapon	-1983.700562 -576.359192 1.187906	2.011 4.924 -92.285
ttt_random_weapon	-1972.859863 -451.096436 1.216715	1.687 4.924 -93.029
ttt_random_weapon	-20.866806 -684.216919 416.207733	1.788 3.371 -92.797
ttt_random_weapon	219.017166 -1247.059448 432.822662	1.180 -7.100 -94.613
ttt_random_weapon	219.003357 -1213.313232 432.821106	1.154 -6.831 -94.838
ttt_random_weapon	218.963974 -1201.529053 432.826721	1.109 -6.157 -94.865
ttt_random_weapon	-229.305038 -1278.877319 416.230804	1.527 4.980 -93.394
ttt_random_weapon	-151.707993 -1275.040649 416.214020	1.717 4.982 -92.959
ttt_random_weapon	-97.931503 -1427.446045 426.859039	-33.103 8.368 155.835
ttt_random_weapon	-95.019569 -1397.713257 425.282379	-26.553 54.315 126.429
ttt_random_weapon	685.939758 -461.940002 415.429901	1.876 4.780 -92.594
ttt_random_weapon	691.367493 -602.595947 415.455841	1.584 4.759 -93.264
ttt_random_weapon	688.458984 -699.773926 415.439697	1.766 4.772 -92.847
ttt_random_weapon	680.656067 -794.440918 415.441406	1.747 4.771 -92.891
ttt_random_weapon	679.480286 -859.063904 415.431335	1.860 4.779 -92.631
ttt_random_weapon	45.369869 -905.890930 415.459808	1.539 4.756 -93.367
ttt_random_weapon	59.945515 -822.954712 415.444092	1.717 4.769 -92.960
ttt_random_weapon	70.737381 -751.604858 415.463501	1.497 4.753 -93.463
ttt_random_weapon	46.488289 -702.809998 415.438538	1.779 4.773 -92.817
ttt_random_weapon	47.575920 -457.429260 415.441956	1.741 4.771 -92.905
ttt_random_weapon	48.814919 -512.570251 415.429901	1.876 4.780 -92.594
ttt_random_weapon	48.765762 -584.058289 415.453705	1.608 4.761 -93.209
ttt_random_weapon	413.894562 -161.680710 417.217010	1.683 4.767 -93.037
ttt_random_weapon	242.986267 -154.585754 417.206635	1.800 4.238 -92.768
ttt_random_weapon	177.531555 -163.887848 417.209686	1.766 4.773 -92.847
ttt_random_weapon	74.972542 -158.936661 417.215088	1.705 4.768 -92.987
ttt_random_weapon	-94.051544 -858.752014 416.222595	1.620 5.399 -93.182
ttt_random_weapon	-94.101868 -825.638306 416.227325	1.566 5.751 -93.304
ttt_random_weapon	452.542511 -1166.367676 416.224365	1.600 4.987 -93.227
ttt_random_weapon	477.112640 -1084.864746 416.223633	1.608 4.988 -93.208
ttt_random_weapon	473.379700 -1107.327515 190.226761	1.573 4.985 -93.289
ttt_random_weapon	277.058105 -1343.327148 100.216026	1.695 4.985 -93.011
ttt_random_weapon	471.769287 -1091.147461 -35.768162	1.516 4.979 -93.420
ttt_random_weapon	300.663269 -1364.385010 -35.773232	1.573 4.985 -93.289
ttt_random_weapon	343.337158 -1373.515869 -35.770523	1.542 4.982 -93.359
ttt_random_weapon	378.650513 -1367.726929 -35.777088	1.617 4.988 -93.189
ttt_random_weapon	188.243271 -1136.203369 -19.413731	1.800 4.775 -92.769
ttt_random_weapon	151.426895 -1129.816650 -19.421244	1.885 4.781 -92.575
ttt_random_weapon	-51.346672 -1412.483032 -35.831696	2.183 3.351 -92.084
ttt_random_weapon	-47.785824 -1357.684326 -35.783497	1.689 4.985 -93.023
ttt_random_weapon	61.395962 -1396.707397 -35.785969	1.717 4.981 -92.959
ttt_random_weapon	61.311569 -1354.052612 -35.764874	1.478 4.973 -93.506
ttt_random_weapon	-152.992905 -604.628235 1.225438	1.588 4.986 -93.254
ttt_random_weapon	-146.211197 -643.276001 1.220100	1.648 4.988 -93.116
ttt_random_weapon	-288.217163 702.850281 1.223660	1.608 4.988 -93.208
ttt_random_weapon	-220.181000 698.736267 1.209352	1.777 4.955 -92.826
ttt_random_weapon	-173.232193 706.103455 1.222527	1.621 4.988 -93.179
ttt_random_weapon	-129.019302 696.154724 1.222138	1.625 4.988 -93.169
ttt_random_weapon	252.421967 688.771606 1.222911	1.617 4.988 -93.189
ttt_random_weapon	157.908829 692.593750 1.223288	1.612 4.987 -93.199
ttt_random_weapon	125.784477 692.162476 1.175361	2.152 4.928 -91.962
ttt_random_weapon	89.580482 693.467407 1.238381	1.441 4.728 -93.590
ttt_random_weapon	287.013031 -60.694050 1.195468	1.926 4.152 -92.480
ttt_random_weapon	225.763306 -73.293968 1.217901	1.673 4.988 -93.059
ttt_random_weapon	164.409760 -75.465477 1.214117	1.716 4.260 -92.961
ttt_random_weapon	109.811455 -75.459396 1.230398	1.532 3.519 -93.383
ttt_random_weapon	-260.804962 -75.684982 1.149688	2.232 2.684 -92.606
ttt_random_weapon	-229.936996 -73.374939 1.216434	1.690 3.328 -93.021
ttt_random_weapon	-162.371780 -75.844261 1.151966	2.226 2.885 -92.542
ttt_random_weapon	-130.583588 -75.309280 1.228642	1.552 3.983 -93.337
ttt_random_weapon	148.740204 265.355774 1.234527	1.485 4.975 -93.490
ttt_random_weapon	-148.666336 256.233643 1.216976	1.684 4.985 -93.035
ttt_random_weapon	-195.981400 483.074432 1.223288	1.612 4.987 -93.199
ttt_random_weapon	-198.363693 418.199677 1.218355	1.668 4.987 -93.071
ttt_random_weapon	193.960571 415.451538 1.226112	1.580 4.986 -93.272
ttt_random_weapon	189.154816 476.300568 1.229475	1.542 4.982 -93.359
ttt_random_weapon	-279.269348 361.096558 137.208725	1.777 4.927 -92.822
ttt_random_weapon	-275.595612 405.700195 137.215256	1.703 4.926 -92.991
ttt_random_weapon	-284.781158 44.730820 137.207504	1.791 4.928 -92.791
ttt_random_weapon	-285.673279 91.929031 137.197922	1.899 4.927 -92.543
ttt_random_weapon	-283.768799 135.627426 137.201584	1.857 4.928 -92.638
ttt_random_weapon	-156.300476 -658.086243 137.233902	1.492 4.975 -93.474
ttt_random_weapon	-79.264503 -652.839233 137.219238	1.658 4.987 -93.094
ttt_random_weapon	7.280613 -521.074463 137.232559	1.508 4.977 -93.439
ttt_random_weapon	-60.391026 -521.431458 137.228607	1.552 4.983 -93.337
ttt_random_weapon	86.416214 -368.753235 1.221742	1.630 4.989 -93.159
ttt_random_weapon	79.676460 -315.513947 1.216502	1.689 4.985 -93.023
ttt_random_weapon	-746.107178 150.992966 -130.809418	1.981 4.921 -92.354
ttt_random_weapon	-730.878906 85.146469 -130.787857	1.738 4.926 -92.910
ttt_random_weapon	-762.267029 -197.394409 -130.772461	1.564 4.916 -93.309
ttt_random_weapon	-762.798828 -138.346130 -130.774399	1.586 4.918 -93.258
ttt_random_weapon	-1103.790039 -426.722565 -0.786790	1.726 4.926 -92.938
ttt_random_weapon	-1049.189331 -414.872131 -0.797723	1.850 4.928 -92.656
weapon_zm_sledge	46.623165 -631.049438 411.980408	12.111 0.417 2.699
weapon_ttt_smg	129.314651 -979.920654 416.751526	-2.099 88.908 -89.628
weapon_ttt_m16	-55.479874 -13.922564 472.050629	-0.625 0.912 -81.392
weapon_ttt_tmp	737.049988 -637.808105 -34.792728	-51.827 118.358 -54.584
weapon_ttt_mp5	20.855867 -1085.151855 432.509766	0.755 3.322 -85.471
weapon_ttt_galil	45.499699 -557.659058 414.993622	-1.499 -174.073 86.983
weapon_zm_molotov	830.224731 -689.509338 -27.827787	-0.579 -1.731 -0.881
weapon_zm_molotov	824.660156 -689.416321 -27.900253	-1.142 -0.921 -0.873
weapon_ttt_sg550	55.652390 -269.302887 0.781550	-0.068 -169.230 85.742
ttt_random_ammo	-13.334912 -529.092957 415.355408	0.057 0.000 -0.004
ttt_random_ammo	-6.678127 -490.576538 415.386566	-0.075 0.135 -0.121
ttt_random_ammo	-11.437087 -469.392761 415.346802	0.050 0.000 -0.017
ttt_random_ammo	-16.973127 -430.810486 415.361511	0.066 0.000 0.011
ttt_random_ammo	-1583.269653 -541.896973 0.353340	0.054 0.000 -0.008
ttt_random_ammo	-1586.395752 -501.925781 0.480700	1.945 0.028 2.358
ttt_random_ammo	-1585.813354 -475.129181 0.363497	0.071 0.000 0.018
ttt_random_ammo	-1585.843262 -525.049194 0.487199	1.059 0.079 1.283
ttt_random_ammo	-1585.986450 -554.025330 0.428419	1.632 0.042 0.593
ttt_random_ammo	-1287.559448 -147.491318 60.346832	0.050 -0.000 0.017
ttt_random_ammo	-1287.002686 -158.543869 60.359531	0.063 -0.000 -0.006
ttt_random_ammo	-1288.239136 -170.444122 60.337650	0.047 -0.000 0.025
ttt_random_ammo	-1286.237183 -183.597931 60.393559	1.089 -0.015 -1.272
ttt_random_ammo	-1286.050537 -202.439102 60.377838	0.149 0.001 0.120
ttt_random_ammo	-1288.613525 -237.194977 60.360519	-0.063 0.000 -0.006
ttt_random_ammo	-1283.319214 -251.194839 60.372749	0.109 0.000 0.069
ttt_random_ammo	-1293.348877 -275.195099 60.418667	-0.017 0.082 0.112
ttt_random_ammo	-1283.856812 -296.065308 60.370975	0.098 0.000 0.055
ttt_random_ammo	-1281.393921 277.604095 60.359535	0.063 0.000 0.006
ttt_random_ammo	-1279.808105 293.373871 60.415672	1.711 0.035 2.073
ttt_random_ammo	-1282.294678 319.191101 60.327843	0.046 0.000 -0.031
ttt_random_ammo	-1286.257202 332.115906 60.415253	1.623 -0.036 -1.960
ttt_random_ammo	-1723.493286 577.275879 60.385338	0.278 0.001 0.281
ttt_random_ammo	-1735.891235 579.495239 60.339981	0.047 0.000 -0.023
ttt_random_ammo	-1749.499023 579.371582 60.374477	0.122 0.000 0.085
ttt_random_ammo	-1771.882813 573.929565 60.374481	0.121 0.000 0.084
ttt_random_ammo	-1811.643677 521.495361 30.369131	0.091 -0.000 -0.045
ttt_random_ammo	-1814.880371 490.575348 30.415905	1.658 -0.036 -2.007
ttt_random_ammo	-2071.739014 151.009125 30.386652	0.321 0.002 0.333
ttt_random_ammo	-2061.936523 150.867157 30.449833	0.913 -0.025 -1.101
ttt_random_ammo	-2039.916382 152.608154 30.330359	0.047 0.000 -0.029
ttt_random_ammo	-2040.682983 138.091827 30.376089	0.136 -0.000 -0.104
ttt_random_ammo	-2128.217773 -25.720734 60.322723	0.047 0.000 -0.033
ttt_random_ammo	-2103.097656 -28.968390 60.337627	0.047 0.000 -0.025
ttt_random_ammo	-2081.470703 -29.710505 60.374481	0.121 0.000 0.085
ttt_random_ammo	-2067.849609 -28.654984 60.349026	0.051 0.000 -0.014
ttt_random_ammo	-2104.073730 -384.593414 30.377821	0.153 0.001 0.124
ttt_random_ammo	-2124.876709 -391.614044 30.391268	0.541 0.004 0.604
ttt_random_ammo	-2143.672607 -392.010315 30.355448	0.057 0.000 -0.004
ttt_random_ammo	-2162.483887 -393.958771 30.330359	0.047 0.000 -0.029
ttt_random_ammo	-1688.383423 -325.660400 30.392878	0.824 -0.009 -0.949
ttt_random_ammo	-1686.153687 -341.505737 30.355446	0.057 0.000 -0.003
ttt_random_ammo	-1684.348999 -371.262177 30.421909	1.502 0.035 1.812
ttt_random_ammo	-1681.253174 -352.086609 30.332823	0.047 0.000 -0.028
ttt_random_ammo	-1558.665039 -405.086456 30.471434	0.521 0.020 0.632
ttt_random_ammo	-1549.949707 -389.223389 30.372751	0.110 0.000 0.070
ttt_random_ammo	-1731.210938 -26.380541 60.394909	1.242 0.019 1.457
ttt_random_ammo	-1706.504028 -24.671196 60.386688	0.315 0.002 0.326
ttt_random_ammo	-1697.921265 -26.216372 60.367306	0.083 0.000 0.035
ttt_random_ammo	-1678.845947 -28.900103 60.418106	1.660 0.036 2.012
ttt_random_ammo	-1673.762085 -99.956467 30.369135	0.090 -0.000 -0.044
ttt_random_ammo	-879.869385 865.347046 0.351148	0.051 0.000 -0.011
ttt_random_ammo	-913.280334 866.210083 0.342240	0.046 0.000 -0.021
ttt_random_ammo	-937.966858 869.885315 0.423901	1.376 0.032 1.651
ttt_random_ammo	-958.491455 867.530640 0.369129	0.087 0.000 0.042
ttt_random_ammo	-979.997314 870.741150 0.320036	0.045 0.000 -0.033
ttt_random_ammo	-1002.054443 871.333740 0.439622	0.074 -0.083 0.047
ttt_random_ammo	-1024.741699 871.434692 0.365073	0.792 0.012 0.520
ttt_random_ammo	-1050.426270 871.404114 0.354703	0.389 -0.386 0.187
ttt_random_ammo	-1251.219360 319.144714 -131.514877	1.342 0.048 1.626
ttt_random_ammo	-1251.121704 284.499512 -131.516769	1.599 0.046 1.938
ttt_random_ammo	-1244.762817 278.247345 -131.632690	0.083 0.000 0.035
ttt_random_ammo	-1191.520020 279.125885 -131.677277	0.047 0.000 -0.033
ttt_random_ammo	-1122.943359 13.033064 -131.667175	0.046 0.000 -0.028
ttt_random_ammo	-1111.422241 9.566858 -131.610886	0.416 0.003 0.450
ttt_random_ammo	-1083.893188 11.643573 -131.547440	0.888 0.025 1.072
ttt_random_ammo	-1068.940918 3.897736 -131.653168	0.049 0.000 -0.017
ttt_random_ammo	-1121.422241 -77.716713 -131.627243	0.110 0.000 0.070
ttt_random_ammo	-1100.450684 -79.608879 -131.653168	0.050 0.000 -0.017
ttt_random_ammo	-1090.854370 -76.991188 -131.564178	1.286 0.031 1.559
ttt_random_ammo	-1067.858643 -74.691223 -131.619019	0.192 0.001 0.174
ttt_random_ammo	-1206.376099 -442.449677 -131.607864	0.628 0.005 0.710
ttt_random_ammo	-1200.093628 -438.040161 -131.516022	1.318 0.012 -1.598
ttt_random_ammo	-1179.534546 -446.280121 -131.625488	0.119 0.000 0.082
ttt_random_ammo	-1159.020142 -444.829407 -131.642487	0.059 0.000 0.000
ttt_random_ammo	-1150.005615 -441.579803 -131.655411	0.048 0.000 -0.019
ttt_random_ammo	-1235.101074 240.085495 0.403206	-0.140 -0.083 -0.078
ttt_random_ammo	-1219.167603 242.763412 0.380205	-0.151 -0.001 0.123
ttt_random_ammo	-1199.064209 243.422028 0.399834	-0.548 -0.004 0.611
ttt_random_ammo	-1173.416382 246.230530 0.385499	-0.133 -0.255 0.410
ttt_random_ammo	-1270.638916 -31.831623 0.323156	-0.178 0.335 -0.358
ttt_random_ammo	-1274.671875 -10.693083 0.314671	0.046 0.000 -0.035
ttt_random_ammo	-1277.142578 4.151887 0.380884	0.180 -0.001 -0.161
ttt_random_ammo	-1274.337158 34.899502 0.377830	0.143 0.001 0.115
ttt_random_ammo	-1274.439697 43.179207 0.363454	0.069 0.000 0.017
ttt_random_ammo	100.271370 -1298.858154 415.433990	1.332 -0.033 -1.619
ttt_random_ammo	123.157890 -1296.286499 415.413422	1.774 -0.030 -2.155
ttt_random_ammo	146.165039 -1290.324463 415.332825	0.047 -0.000 0.028
ttt_random_ammo	149.880188 -1260.945557 415.325348	0.047 -0.000 0.032
ttt_random_ammo	142.284073 -1259.652100 415.443939	1.125 0.029 1.366
ttt_random_ammo	112.472549 -1270.447021 415.369141	0.092 0.000 0.046
ttt_random_ammo	-109.661926 -1334.276245 439.404480	-0.743 -0.007 0.850
ttt_random_ammo	-113.793884 -1345.899536 439.352020	-0.053 -0.000 -0.011
ttt_random_ammo	-110.041809 -1355.799316 439.345337	-0.049 -0.000 -0.019
ttt_random_ammo	-93.877014 -1366.462402 439.353333	0.055 0.000 -0.008
ttt_random_ammo	-90.070908 -1355.363525 439.454620	0.915 0.025 1.113
ttt_random_ammo	724.994934 -910.260742 414.732178	-1.806 0.317 -2.029
ttt_random_ammo	724.868408 -856.100342 414.701508	-0.328 1.031 -0.327
ttt_random_ammo	728.920837 -823.006592 418.604675	0.061 0.322 0.729
ttt_random_ammo	725.248657 -713.634094 417.889282	-89.833 172.430 -172.246
ttt_random_ammo	718.959656 -676.600464 414.713806	-0.661 -3.455 1.235
ttt_random_ammo	728.143677 -599.055786 418.679382	-0.013 -0.708 0.017
ttt_random_ammo	723.948792 -546.833130 417.812347	-89.555 73.933 4.938
ttt_random_ammo	724.568848 -482.890991 417.824158	-88.788 -11.976 -60.538
ttt_random_ammo	20.240200 -469.038300 414.636841	1.667 0.033 1.995
ttt_random_ammo	16.527355 -497.867859 414.570007	0.046 -0.000 0.023
ttt_random_ammo	16.289835 -555.609131 414.678711	0.051 0.038 -1.227
ttt_random_ammo	17.564680 -596.589783 414.606201	0.131 0.000 0.098
ttt_random_ammo	13.436227 -658.903259 416.927765	88.608 84.996 88.813
ttt_random_ammo	18.133577 -739.888245 414.581207	0.052 0.000 -0.011
ttt_random_ammo	13.842232 -797.879089 416.881683	88.708 73.708 86.524
ttt_random_ammo	13.449335 -835.676208 416.922119	88.373 -86.353 -90.049
ttt_random_ammo	14.317363 -899.237549 416.951508	-0.929 87.136 89.994
ttt_random_ammo	259.033142 -310.618988 416.409058	-0.944 -0.011 1.095
ttt_random_ammo	214.539200 -310.232971 416.506805	-1.414 0.158 1.714
ttt_random_ammo	187.118820 -310.003387 416.414520	-0.308 0.583 2.534
ttt_random_ammo	156.612259 -310.626801 416.510834	-1.892 0.095 2.293
ttt_random_ammo	117.664551 -310.989044 416.435089	-0.452 0.037 1.335
ttt_random_ammo	66.498283 -311.252594 416.439087	0.226 -0.219 -1.086
ttt_random_ammo	501.325623 -311.034882 416.483582	-1.693 -0.527 -1.879
ttt_random_ammo	488.116455 -310.895691 416.475372	1.233 -0.027 1.739
ttt_random_ammo	466.730072 -310.849396 416.479889	1.831 0.009 2.179
ttt_random_ammo	429.106659 -1186.874634 415.363495	0.072 0.000 0.018
ttt_random_ammo	452.710785 -1188.976807 415.337616	0.047 0.000 -0.025
ttt_random_ammo	478.699585 -1193.905518 415.320099	0.047 0.000 -0.034
ttt_random_ammo	480.262329 -1101.342041 415.426056	1.553 0.037 1.888
ttt_random_ammo	466.608398 -1099.420776 415.322754	0.047 -0.000 0.033
ttt_random_ammo	475.296570 -1086.062134 189.359558	0.064 0.000 0.006
ttt_random_ammo	456.174713 -1078.028564 189.382523	0.215 0.001 0.202
ttt_random_ammo	248.127014 -1360.717651 99.484077	1.483 -0.012 1.798
ttt_random_ammo	247.874191 -1339.162354 99.484306	1.452 -0.017 1.760
ttt_random_ammo	247.892944 -1316.442993 99.483246	1.597 -0.022 1.935
ttt_random_ammo	471.032837 -1066.721436 -36.498802	-0.741 0.265 0.898
ttt_random_ammo	470.257355 -1075.440186 -34.239632	-0.036 0.805 90.397
ttt_random_ammo	433.385132 -1066.893555 -36.568077	0.422 0.136 -1.011
ttt_random_ammo	433.372406 -1394.258423 -36.582764	1.719 0.036 2.088
ttt_random_ammo	398.445099 -1400.446289 -36.605591	1.118 0.015 1.307
ttt_random_ammo	351.778809 -1392.727539 -36.620560	0.170 0.001 0.146
ttt_random_ammo	322.486572 -1387.972046 -36.564629	1.308 0.032 1.586
ttt_random_ammo	301.569885 -1385.371826 -36.612106	0.369 0.002 0.393
ttt_random_ammo	77.584213 -1302.733398 -36.613598	0.319 -0.002 -0.331
ttt_random_ammo	55.132446 -1311.699097 -36.575596	1.552 -0.037 -1.887
ttt_random_ammo	-70.872406 -1317.426147 -36.619511	0.731 0.006 0.747
ttt_random_ammo	-36.603645 -1315.094604 -36.620682	0.171 -0.001 -0.147
ttt_random_ammo	-204.414368 -653.202393 0.367314	0.085 0.000 0.036
ttt_random_ammo	-196.920883 -604.938599 0.372759	0.110 0.000 0.070
ttt_random_ammo	-188.533661 -576.962708 0.359550	0.064 0.000 0.006
ttt_random_ammo	-298.734467 17.539309 0.484013	1.492 -0.014 1.808
ttt_random_ammo	-252.985565 7.963315 0.417236	1.719 0.036 2.088
ttt_random_ammo	-175.116806 11.090464 0.369128	0.092 -0.000 -0.046
ttt_random_ammo	-122.380379 10.639821 0.357523	0.060 -0.000 -0.001
ttt_random_ammo	-133.487427 -25.737856 0.332859	0.047 -0.000 0.028
ttt_random_ammo	-182.550735 -31.638594 0.355453	0.058 0.000 -0.003
ttt_random_ammo	-234.725693 -34.573059 0.390168	0.485 0.003 0.534
ttt_random_ammo	-282.393677 -34.680954 0.335283	0.047 -0.000 0.027
ttt_random_ammo	300.964966 -35.882275 0.340000	0.048 0.000 -0.023
ttt_random_ammo	197.052017 -43.269535 0.426597	1.470 0.035 1.780
ttt_random_ammo	161.026077 -36.292835 0.355453	0.058 0.000 -0.003
ttt_random_ammo	124.461090 -29.882793 0.349058	0.051 -0.000 0.014
ttt_random_ammo	117.270027 -10.193728 0.335284	0.047 -0.000 0.027
ttt_random_ammo	171.392715 -0.541092 0.372751	0.111 0.000 0.071
ttt_random_ammo	211.690308 -2.854900 0.421960	1.650 0.037 2.007
ttt_random_ammo	275.838470 -4.101125 0.372695	0.111 -0.000 -0.071
ttt_random_ammo	146.023285 717.224121 0.472221	-0.652 -0.817 -0.076
ttt_random_ammo	180.752335 717.164429 0.501023	-0.817 2.248 -0.990
ttt_random_ammo	228.821579 717.245117 0.470318	-0.633 1.114 -0.007
ttt_random_ammo	246.461288 717.214050 0.422443	-1.279 -0.871 -0.134
ttt_random_ammo	256.579132 716.563049 0.472777	-0.591 11.714 -0.028
ttt_random_ammo	294.370209 717.382202 0.392074	0.638 0.005 0.722
ttt_random_ammo	-267.762878 717.111572 0.502979	-1.082 2.828 -1.312
ttt_random_ammo	-200.452728 717.279114 0.453022	1.018 -0.174 0.359
ttt_random_ammo	-177.155792 717.175415 0.483209	-0.355 2.037 -0.057
ttt_random_ammo	-135.675705 717.276062 0.488892	0.829 -0.235 1.005
ttt_random_ammo	-123.243637 717.351685 0.447438	1.419 0.203 0.779
ttt_random_ammo	-297.712830 476.072266 0.445320	0.284 -0.140 1.578
ttt_random_ammo	-297.982056 574.830566 0.440232	0.138 -1.271 1.560
ttt_random_ammo	-297.984924 623.091553 0.439539	-0.020 -1.169 1.417
ttt_random_ammo	-298.212738 643.538635 0.478325	1.527 -0.128 1.712
ttt_random_ammo	300.523743 633.143433 0.486270	1.185 -6.730 1.436
ttt_random_ammo	301.093262 596.860779 0.495045	-0.006 -4.030 -0.007
ttt_random_ammo	300.951691 552.112854 0.481410	1.697 1.188 2.085
ttt_random_ammo	-286.112366 312.064880 136.361542	0.067 0.000 0.012
ttt_random_ammo	-262.626038 319.725861 136.349030	0.051 0.000 -0.014
ttt_random_ammo	-282.359924 434.483856 136.379425	0.170 0.001 0.147
ttt_random_ammo	-265.409027 433.090118 136.327881	0.046 -0.000 0.031
ttt_random_ammo	-295.841461 156.187790 136.344589	0.049 0.000 -0.019
ttt_random_ammo	-282.691681 157.502029 136.472519	0.480 0.019 0.580
ttt_random_ammo	-295.197418 118.199608 136.442627	1.140 0.029 1.382
ttt_random_ammo	-279.843536 117.799225 136.372757	0.109 0.000 0.069
ttt_random_ammo	-299.644135 69.505211 136.371262	0.315 -0.000 -0.019
ttt_random_ammo	-285.458984 67.903610 136.372757	0.109 0.000 0.069
ttt_random_ammo	-291.784241 17.469309 136.342300	0.048 0.000 -0.021
ttt_random_ammo	-281.977203 15.413841 136.322739	0.047 0.000 -0.033
ttt_random_ammo	-71.482590 -493.144012 136.355453	0.057 0.000 -0.003
ttt_random_ammo	-42.817764 -482.600677 136.391251	1.079 -0.005 0.370
ttt_random_ammo	-9.877198 -479.520355 138.363449	0.247 0.143 0.417
ttt_random_ammo	53.199493 -494.338135 136.452972	0.084 1.664 -0.948
ttt_random_ammo	-704.320496 72.466965 -131.619003	0.190 0.001 0.171
ttt_random_ammo	-698.667664 100.643463 -131.628632	-0.121 0.030 -0.264
ttt_random_ammo	-708.026917 145.392532 -131.554733	1.031 0.027 1.244
ttt_random_ammo	-712.469788 178.744232 -131.632675	0.082 0.000 0.033
ttt_random_ammo	-723.759460 -123.715317 -131.616241	0.244 -0.001 -0.239
ttt_random_ammo	-717.982422 -154.512299 -131.672150	0.046 0.000 -0.031
ttt_random_ammo	-717.712891 -174.281693 -131.655426	0.049 0.000 -0.019
ttt_random_ammo	-720.069336 -210.336777 -131.655426	0.049 0.000 -0.019
ttt_random_ammo	-1030.835693 -436.192474 -1.687999	0.048 0.000 -0.037
ttt_random_ammo	-1056.311401 -443.730347 -1.673961	-0.046 -0.000 -0.032
ttt_random_ammo	-1076.315063 -443.975830 -1.625527	-0.110 -0.000 0.070
ttt_random_ammo	-1093.549561 -446.088013 -1.617887	-0.171 -0.001 0.148
weapon_zm_rifle	736.518494 -758.265808 -21.598564	-46.099 -146.400 97.935
weapon_ttt_glock	482.887634 -164.153442 416.999023	-0.361 173.939 90.270
weapon_zm_mac10	-266.052063 -177.099182 416.292694	-0.229 2.921 -88.552
weapon_ttt_p228	423.345795 -1358.005005 -36.130859	0.437 24.016 89.187
weapon_zm_pistol	686.451538 -907.402344 415.082458	0.394 -36.241 -88.370
weapon_ttt_revolver	-37.181084 -1460.871948 457.527435	-1.167 -27.549 -94.390
weapon_ttt_dual_elites	466.096008 -1126.021851 415.088440	1.929 -0.985 -0.519
weapon_ttt_confgrenade	55.000927 -1459.436523 438.667725	8.420 83.933 93.373
weapon_zm_shotgun	-90.860840 -1273.069336 -36.400650	-0.624 -83.275 84.142
weapon_ttt_famas	692.222534 -517.692993 415.339844	0.000 14.504 89.531
weapon_zm_revolver	-150.092575 -569.416016 1.041345	2.929 -175.061 85.114
weapon_ttt_aug	-1770.454956 -389.273071 31.375460	0.254 44.654 87.401
weapon_ttt_sg552	-90.914352 -1188.808228 -36.184372	0.566 -93.017 83.350
weapon_ttt_sg552	596.711243 -970.531311 415.163788	0.917 88.657 84.853
