# Trouble in Terrorist Town weapon/ammo placement overrides
# For map: ttt_silenthill
# Exported by: Soldado_08
setting:	replacespawns 1
ttt_random_weapon	1195.694824 2058.868652 1.213023	1.728 4.460 -92.933
ttt_random_weapon	1193.888794 1993.482300 1.208704	1.777 4.386 -92.822
ttt_random_weapon	1194.235718 1937.588867 1.191710	1.968 4.419 -92.383
ttt_random_weapon	1314.474365 1090.446777 1.218905	1.662 4.642 -93.085
ttt_random_weapon	1386.071045 1094.086304 1.237611	1.450 4.667 -93.570
ttt_random_weapon	1452.851440 1093.267334 1.211595	1.745 4.262 -92.896
ttt_random_weapon	1535.488525 1092.075562 1.202754	1.844 4.714 -92.668
ttt_random_weapon	-603.985840 94.361267 1.214537	1.712 4.981 -92.972
ttt_random_weapon	-681.583679 95.306541 1.216501	1.689 4.985 -93.023
ttt_random_weapon	1186.706421 3090.594482 1.211352	1.747 8.164 -92.890
ttt_random_weapon	1185.502441 3028.928955 1.206191	1.805 4.660 -92.757
ttt_random_weapon	1186.685425 2960.797607 1.190583	1.981 4.286 -92.354
ttt_random_weapon	1187.760864 2901.002686 1.130190	1.143 3.566 -93.050
ttt_random_weapon	-1124.974365 2078.833252 9.864856	5.091 -8.299 90.694
ttt_random_weapon	-1116.900024 2118.333008 13.792565	5.103 -8.298 90.668
ttt_random_weapon	-1074.955444 2130.425781 10.849649	5.436 -7.898 89.867
ttt_random_weapon	-745.222656 4040.713135 1.194815	1.934 4.601 -92.463
ttt_random_weapon	-687.734741 4043.323242 1.199092	1.885 4.619 -92.573
ttt_random_weapon	-268.262421 4037.971191 1.215598	1.699 4.701 -93.000
ttt_random_weapon	-205.871063 4037.397461 1.209126	1.772 4.708 -92.832
ttt_random_weapon	-869.232056 3726.463379 1.210857	1.753 4.706 -92.877
ttt_random_weapon	-810.359558 3725.436035 1.228358	1.555 4.684 -93.330
ttt_random_weapon	-745.837891 3729.709473 1.190307	1.984 4.720 -92.347
ttt_random_weapon	-212.942703 3108.385986 1.192875	1.955 4.720 -92.413
ttt_random_weapon	-210.462967 3154.148438 1.211967	1.740 4.705 -92.906
ttt_random_weapon	-280.090546 3112.388672 1.210856	1.753 4.706 -92.877
ttt_random_weapon	-274.102875 3162.900146 1.193705	1.946 4.720 -92.435
ttt_random_weapon	-176.968491 2836.481689 1.206671	1.800 4.775 -92.769
ttt_random_weapon	-181.672180 2817.553223 1.483619	3.573 4.194 -94.328
ttt_random_weapon	-228.528976 2636.753418 1.218356	1.668 4.987 -93.071
ttt_random_weapon	-170.991272 2633.964600 1.220934	1.639 4.988 -93.138
ttt_random_weapon	416.118835 2418.940430 1.225092	1.592 4.986 -93.245
ttt_random_weapon	362.941071 2420.388916 1.215038	1.706 4.987 -92.985
ttt_random_weapon	552.385437 3133.203613 1.229887	1.538 4.448 -93.370
ttt_random_weapon	504.184662 3128.241943 1.211416	1.747 4.706 -92.892
ttt_random_weapon	447.442963 3132.415771 1.209711	1.766 4.708 -92.848
ttt_random_weapon	1980.600464 3067.735596 1.068368	-3.508 -3.589 84.328
ttt_random_weapon	1978.842773 3030.879395 0.182348	-1.319 3.828 -92.384
ttt_random_weapon	-48.615074 -254.304916 1.197676	1.901 4.718 -92.537
ttt_random_weapon	-52.886059 -309.513611 1.198435	1.893 4.717 -92.557
ttt_random_weapon	-108.871735 -257.349060 1.224077	1.604 4.689 -93.219
ttt_random_weapon	-112.568375 -308.522827 1.233274	1.499 4.675 -93.457
ttt_random_weapon	-956.470276 181.285751 1.233243	1.500 4.977 -93.457
ttt_random_weapon	-954.298767 231.407501 1.220099	1.648 4.988 -93.116
ttt_random_weapon	-955.424438 279.127686 1.230028	1.536 4.981 -93.373
ttt_random_weapon	-955.705688 325.963440 1.214538	1.712 4.981 -92.972
ttt_random_weapon	-588.753906 464.236328 1.219241	1.658 4.987 -93.094
ttt_random_weapon	-558.256104 412.418213 1.230827	1.527 4.980 -93.394
ttt_random_weapon	-659.619324 439.115601 193.205994	1.808 8.171 -92.751
ttt_random_weapon	-613.048157 436.291107 193.201279	1.861 8.179 -92.630
ttt_random_weapon	-562.183838 435.130676 193.191940	1.966 8.191 -92.389
ttt_random_weapon	55.693951 1217.674438 301.229218	1.545 4.757 -93.352
ttt_random_weapon	56.805355 1255.456787 301.217010	1.683 4.767 -93.037
ttt_random_weapon	55.313553 1294.826294 301.214569	1.711 4.769 -92.974
ttt_random_weapon	570.631958 1384.615601 301.191071	1.976 8.191 -92.367
ttt_random_weapon	569.471863 1342.373657 301.191071	1.976 8.191 -92.367
ttt_random_weapon	1484.036743 1477.757446 1.219241	1.658 4.987 -93.094
ttt_random_weapon	1484.825684 1455.109009 1.226441	1.577 4.985 -93.280
ttt_random_weapon	370.474182 1107.833130 1.191175	1.975 4.719 -92.369
ttt_random_weapon	429.609406 1107.657227 1.207514	1.791 4.267 -92.791
ttt_random_weapon	489.451843 1107.001465 1.220159	1.648 4.695 -93.118
ttt_random_weapon	-77.171028 546.694885 1.229074	1.547 4.926 -93.349
ttt_random_weapon	-77.682365 571.176514 1.151515	0.975 4.765 -93.122
ttt_random_weapon	-133.169907 536.945679 1.391753	-1.209 -10.582 87.225
ttt_random_weapon	-134.991989 575.290833 1.229515	1.542 4.682 -93.360
ttt_random_weapon	-1432.882446 1331.504395 2.151020	1.617 4.722 -92.810
ttt_random_weapon	-1330.571655 1330.498047 2.247710	1.290 4.444 -93.885
ttt_random_weapon	-1432.693604 1289.117432 1.869071	1.801 4.425 -92.118
ttt_random_weapon	-1326.950195 1288.443848 2.144616	1.814 4.701 -92.469
ttt_random_weapon	-376.602905 1117.935913 1.207315	1.793 4.710 -92.786
ttt_random_weapon	-314.646210 1117.497803 1.208531	1.779 4.695 -92.817
ttt_random_weapon	-611.263245 2114.215088 18.023794	1.539 4.681 -93.367
ttt_random_weapon	-632.807495 2083.224121 18.019144	1.591 4.689 -93.247
ttt_random_weapon	-926.793396 2973.698975 1.351907	3.380 2.784 -93.259
ttt_random_weapon	-993.826782 2982.460205 5.899799	6.842 2.876 -95.139
ttt_random_weapon	-931.785828 3027.199707 1.212447	1.735 8.161 -92.918
ttt_random_weapon	-995.774597 3039.094482 2.662885	7.152 3.203 -97.246
ttt_random_weapon	404.010376 2093.049805 1.221742	1.630 4.989 -93.159
ttt_random_weapon	467.246063 2098.639893 1.222526	1.621 4.988 -93.179
ttt_random_weapon	411.611389 2054.499512 1.221340	1.634 4.988 -93.148
ttt_random_weapon	469.807922 2053.947510 1.221743	1.630 4.989 -93.159
weapon_ttt_m16	-146.912994 2531.770020 39.767700	0.000 109.500 90.000
weapon_ttt_m16	-408.826996 2901.429932 8.000000	0.000 257.000 90.000
weapon_ttt_m16	-111.609001 -202.154999 36.438702	0.000 220.000 90.000
weapon_ttt_m16	1529.160034 543.625977 2.529370	0.000 40.000 90.000
weapon_ttt_m16	-848.523010 101.699997 47.720001	0.000 352.500 90.000
weapon_ttt_m16	-916.523010 472.058014 200.994995	-75.044 267.471 91.280
weapon_ttt_m16	-58.244301 1384.760010 3.720000	0.000 0.000 90.000
weapon_ttt_m16	-581.127014 2068.550049 20.918501	0.000 41.000 90.000
weapon_ttt_m16	439.246002 1684.000000 49.198502	0.000 276.000 90.000
weapon_ttt_m16	-95.098602 2647.459961 1.432970	0.000 262.500 90.000
weapon_ttt_m16	-785.622009 2234.979980 2.195530	0.000 262.500 90.000
weapon_ttt_m16	1793.800049 2791.469971 11.247000	0.000 7.500 90.000
weapon_ttt_m16	-56.000000 2800.000000 1.432970	0.000 352.500 90.000
weapon_ttt_m16	-867.039978 4377.229980 2.195530	0.000 357.000 90.000
weapon_ttt_m16	576.958008 1478.949951 303.391998	0.000 172.500 90.000
weapon_ttt_m16	1277.660034 3109.879883 265.838013	0.000 40.000 90.000
weapon_ttt_m16	-910.142029 976.000000 31.009701	0.000 99.500 90.000
weapon_ttt_m16	414.724457 1711.538696 176.866608	2.047 -4.861 84.169
weapon_ttt_m16	1309.864258 2775.557373 260.857025	2.204 -5.650 84.008
weapon_ttt_m16	-483.024872 1241.418457 8.840877	2.283 -6.146 83.950
item_ammo_pistol_ttt	-148.903000 2594.780029 0.430935	0.000 270.000 0.000
item_ammo_pistol_ttt	-148.903000 2570.780029 0.430935	0.000 270.000 0.000
item_ammo_pistol_ttt	-148.903000 2582.780029 0.430935	0.000 270.000 0.000
item_ammo_pistol_ttt	-389.220001 2804.899902 0.430935	0.000 180.000 0.000
item_ammo_pistol_ttt	-413.220001 2804.899902 0.430935	0.000 180.000 0.000
item_ammo_pistol_ttt	-401.220001 2804.899902 0.430935	0.000 180.000 0.000
item_ammo_pistol_ttt	-122.571999 -185.244995 36.718700	0.000 220.000 0.000
item_ammo_pistol_ttt	-140.957001 -200.671997 36.718700	0.000 220.000 0.000
item_ammo_pistol_ttt	-131.764999 -192.959000 36.718700	0.000 220.000 0.000
item_ammo_pistol_ttt	1560.680054 548.143982 1.276180	0.000 346.500 0.000
item_ammo_pistol_ttt	1574.229980 523.146973 1.276180	0.000 23.000 0.000
item_ammo_pistol_ttt	1570.729980 543.768982 1.276180	0.000 6.000 0.000
item_ammo_pistol_ttt	-852.000000 80.000000 48.000000	0.000 0.000 0.000
item_ammo_pistol_ttt	-840.000000 80.000000 48.000000	0.000 0.000 0.000
item_ammo_pistol_ttt	-828.000000 80.000000 48.000000	0.000 0.000 0.000
item_ammo_pistol_ttt	-908.000000 453.709991 237.382004	0.000 0.000 0.000
item_ammo_pistol_ttt	-896.000000 453.709991 237.382004	0.000 0.000 0.000
item_ammo_pistol_ttt	-920.000000 453.709991 237.382004	0.000 0.000 0.000
item_ammo_pistol_ttt	-112.000000 1384.000000 4.000000	0.000 0.000 0.000
item_ammo_pistol_ttt	-100.000000 1384.000000 4.000000	0.000 0.000 0.000
item_ammo_pistol_ttt	-88.000000 1384.000000 4.000000	0.000 0.000 0.000
item_ammo_pistol_ttt	-612.744019 2043.280029 21.198500	0.000 41.000 0.000
item_ammo_pistol_ttt	-603.687012 2051.159912 21.198500	0.000 41.000 0.000
item_ammo_pistol_ttt	-594.630981 2059.030029 21.198500	0.000 41.000 0.000
item_ammo_pistol_ttt	439.196014 1700.520020 49.478500	0.000 276.000 0.000
item_ammo_pistol_ttt	437.941010 1712.449951 49.478500	0.000 276.000 0.000
item_ammo_pistol_ttt	436.687012 1724.390015 49.478500	0.000 276.000 0.000
item_ammo_pistol_ttt	-116.797997 2650.929932 1.712970	0.000 270.000 0.000
item_ammo_pistol_ttt	-116.797997 2638.929932 1.712970	0.000 270.000 0.000
item_ammo_pistol_ttt	-116.797997 2626.929932 1.712970	0.000 270.000 0.000
item_ammo_pistol_ttt	-805.382996 2230.820068 2.475530	0.000 270.000 0.000
item_ammo_pistol_ttt	-805.382996 2218.820068 2.475530	0.000 270.000 0.000
item_ammo_pistol_ttt	-805.382996 2242.820068 2.475530	0.000 270.000 0.000
item_ammo_pistol_ttt	1796.050049 2769.610107 11.527000	0.000 15.000 0.000
item_ammo_pistol_ttt	1807.650024 2772.719971 11.527000	0.000 15.000 0.000
item_ammo_pistol_ttt	1819.239990 2775.820068 11.527000	0.000 15.000 0.000
item_ammo_pistol_ttt	-96.000000 2802.300049 1.712970	0.000 0.000 0.000
item_ammo_pistol_ttt	-84.000000 2802.300049 1.712970	0.000 0.000 0.000
item_ammo_pistol_ttt	-72.000000 2802.300049 1.712970	0.000 0.000 0.000
item_ammo_pistol_ttt	-861.351990 4357.850098 2.475530	0.000 4.500 0.000
item_ammo_pistol_ttt	-849.388977 4358.790039 2.475530	0.000 4.500 0.000
item_ammo_pistol_ttt	-873.315979 4356.910156 2.475530	0.000 4.500 0.000
item_ammo_pistol_ttt	541.687988 1481.780029 303.671997	0.000 180.000 0.000
item_ammo_pistol_ttt	529.687988 1481.780029 303.671997	0.000 180.000 0.000
item_ammo_pistol_ttt	517.687988 1481.780029 303.671997	0.000 180.000 0.000
item_ammo_pistol_ttt	1309.180054 3114.389893 264.584991	0.000 346.500 0.000
item_ammo_pistol_ttt	1319.229980 3110.020020 264.584991	0.000 6.000 0.000
item_ammo_pistol_ttt	1331.250000 3117.100098 264.584991	0.000 23.000 0.000
item_ammo_pistol_ttt	-940.197021 995.976990 -4.447170	0.000 83.500 0.000
item_ammo_pistol_ttt	-941.556030 984.054016 -4.447170	0.000 83.500 0.000
item_ammo_pistol_ttt	-942.914001 972.130981 -4.447170	0.000 83.500 0.000
item_ammo_pistol_ttt	400.445892 1730.313110 176.403961	-0.090 -0.020 -0.030
item_ammo_pistol_ttt	411.540894 1729.283936 176.354065	-0.137 -0.020 -0.046
item_ammo_pistol_ttt	1292.694214 2794.051758 260.347382	-0.144 -0.020 -0.049
item_ammo_pistol_ttt	1311.139038 2792.450439 260.356262	-0.135 -0.020 -0.046
item_ammo_pistol_ttt	-492.621521 1263.607056 8.374560	-0.109 -0.020 -0.033
item_ammo_pistol_ttt	-478.024597 1263.862061 8.356474	-0.124 -0.019 -0.038
weapon_ttt_confgrenade	604.000000 1164.000000 328.000000	0.000 48.000 90.000
weapon_ttt_confgrenade	588.000000 1184.660034 302.694000	0.000 138.000 90.000
weapon_ttt_confgrenade	594.356995 1234.760010 302.694000	0.000 202.000 90.000
weapon_ttt_confgrenade	461.451996 1780.800049 192.000000	0.000 303.000 90.000
weapon_ttt_confgrenade	511.850006 1784.130005 192.000000	0.000 239.000 90.000
weapon_ttt_confgrenade	1235.750000 2488.080078 192.000000	0.000 338.000 90.000
weapon_ttt_confgrenade	1246.910034 2438.820068 192.000000	0.000 42.000 90.000
weapon_ttt_confgrenade	-1116.189941 1984.000000 156.955994	0.000 285.500 90.000
weapon_ttt_confgrenade	-1148.469971 1945.160034 156.955994	0.000 349.500 90.000
weapon_ttt_confgrenade	-894.791016 415.371002 240.000000	0.000 337.500 90.000
weapon_ttt_confgrenade	-893.234009 353.640991 240.000000	0.000 41.500 90.000
weapon_ttt_confgrenade	636.885925 2720.039307 2.088059	-35.630 -56.829 -89.831
weapon_ttt_confgrenade	631.491272 2768.286621 2.119278	-36.107 -56.501 -90.558
weapon_ttt_confgrenade	78.495201 527.499939 1.336446	-40.577 70.039 91.417
weapon_ttt_confgrenade	102.705788 531.503845 1.460241	-40.427 70.710 90.084
weapon_ttt_confgrenade	91.716057 550.764038 2.096612	-35.760 -56.712 -90.029
weapon_ttt_confgrenade	66.023598 2814.911377 2.423342	11.427 -85.020 -96.843
weapon_ttt_confgrenade	166.351151 1154.966553 2.451929	13.728 -18.159 -96.725
weapon_ttt_confgrenade	-904.024292 93.110641 46.110027	-35.965 -56.519 -90.341
weapon_ttt_confgrenade	-790.452332 4152.520996 2.129071	-36.256 -56.232 -90.789
weapon_ttt_confgrenade	-793.583191 4137.375488 2.129301	-36.260 -56.229 -90.794
weapon_ttt_confgrenade	1221.905518 1214.272217 2.034586	-36.138 -46.351 -88.921
weapon_ttt_confgrenade	1224.771851 1188.942871 2.075971	-35.445 -57.002 -89.554
weapon_zm_shotgun	1296.000000 3038.000000 16.000000	0.000 255.000 90.000
weapon_zm_shotgun	-568.000000 4320.000000 10.004000	0.000 270.000 90.000
weapon_zm_shotgun	-568.000000 4264.000000 10.004000	0.000 270.000 90.000
weapon_zm_shotgun	496.000000 1775.910034 180.237000	0.000 180.000 90.000
weapon_zm_shotgun	103.494003 1185.369995 341.459991	0.000 9.000 90.000
weapon_zm_shotgun	-444.000000 2776.320068 9.709040	-75.000 90.000 90.000
weapon_zm_shotgun	-777.002014 340.303009 9.709040	-75.000 0.000 90.000
weapon_zm_shotgun	-476.093994 1176.000000 11.608700	0.000 180.000 90.000
weapon_zm_shotgun	-206.921005 1534.739990 9.709040	-75.000 270.000 90.000
weapon_zm_shotgun	1304.099976 1687.880005 9.709040	-75.000 90.000 90.000
weapon_zm_shotgun	579.556030 2499.449951 9.709040	-75.000 0.000 90.000
weapon_zm_shotgun	1668.000000 3124.320068 9.709040	-75.000 90.000 90.000
weapon_zm_shotgun	756.403015 495.848999 8.000000	0.000 280.500 90.000
weapon_ttt_ak47	1224.155762 2539.149658 324.120667	2.234 9.877 -85.452
weapon_ttt_ak47	-1359.832153 2852.154297 32.893055	0.131 11.790 -87.573
weapon_ttt_ak47	1494.845947 2615.724365 0.918153	0.131 -11.527 87.721
weapon_ttt_ak47	1534.948120 3108.536865 0.914647	0.005 11.148 -87.920
weapon_ttt_smokegrenade	-720.000000 336.000000 5.041800	0.000 330.000 90.000
weapon_ttt_smokegrenade	-735.710022 257.230011 9.031100	0.000 29.500 90.000
weapon_ttt_smokegrenade	-928.000000 97.338203 47.414501	0.000 29.500 90.000
weapon_ttt_smokegrenade	-75.599098 1664.479980 43.112900	0.000 288.500 90.000
weapon_ttt_smokegrenade	48.193298 1666.750000 43.112900	0.000 215.000 90.000
weapon_ttt_smokegrenade	1344.000000 1440.000000 43.112900	0.000 215.000 90.000
weapon_ttt_smokegrenade	1354.060059 1444.910034 43.112900	0.000 326.500 90.000
weapon_ttt_smokegrenade	1472.180054 3099.260010 43.112900	0.000 326.500 90.000
weapon_ttt_smokegrenade	1462.109985 3094.350098 43.112900	0.000 215.000 90.000
weapon_ttt_smokegrenade	-414.376007 2944.020020 21.481100	0.000 326.500 90.000
weapon_ttt_smokegrenade	-424.440002 2939.110107 21.481100	0.000 215.000 90.000
weapon_ttt_smokegrenade	188.837006 1485.449951 341.417999	0.000 3.000 90.000
weapon_ttt_smokegrenade	183.666000 1475.520020 341.417999	0.000 251.500 90.000
weapon_ttt_smokegrenade	335.955170 1769.817261 0.168347	-2.252 -1.362 -1.231
weapon_ttt_smokegrenade	55.236855 2796.481201 0.131938	-1.227 -1.155 -0.701
weapon_ttt_smokegrenade	82.426399 2796.089844 0.125853	-1.303 -1.119 -0.744
weapon_ttt_smokegrenade	165.927673 1162.096802 1.633702	-1.741 2.052 -89.995
weapon_ttt_smokegrenade	172.280151 1157.076294 1.677177	18.692 12.233 -90.510
weapon_ttt_smokegrenade	-117.464806 -44.281204 36.164539	-2.391 -1.323 -1.308
weapon_ttt_smokegrenade	1627.673462 2818.351563 0.177051	-1.712 -1.425 -1.231
weapon_ttt_smokegrenade	1601.027832 2811.007080 0.149477	-2.612 -1.175 -1.877
weapon_ttt_smokegrenade	1242.456665 1209.779907 0.167880	-2.769 0.826 -1.288
weapon_ttt_smokegrenade	1245.095093 1181.605347 0.171056	-2.152 -1.401 -1.177
weapon_ttt_smokegrenade	572.907043 1799.260864 36.170166	-2.185 -1.389 -1.195
ttt_playerspawn	360.332672 1241.994751 309.027893	0.016 -0.530 -0.016
ttt_playerspawn	469.283447 1388.933228 305.574097	0.013 0.071 -0.013
ttt_playerspawn	1409.075439 386.857178 15.782236	-0.034 0.212 0.034
ttt_playerspawn	1410.407837 171.494415 14.577872	-0.015 0.494 0.015
ttt_playerspawn	923.879211 358.023468 16.660254	-0.030 0.353 0.030
ttt_playerspawn	941.156982 135.996643 14.448178	-0.036 0.212 0.036
ttt_playerspawn	-399.771393 2037.431763 10.036302	-1.742 0.111 0.773
ttt_playerspawn	-409.226776 1779.701538 12.198705	-1.554 0.014 -1.131
ttt_playerspawn	-624.339905 1823.877930 5.935739	0.094 1.149 -1.289
ttt_playerspawn	-984.489746 1960.828125 5.551299	-0.478 0.315 0.465
ttt_playerspawn	-691.350159 2446.594971 6.953291	0.309 1.002 -2.241
ttt_playerspawn	1154.868408 155.918167 12.180912	-0.041 -0.141 0.041
ttt_playerspawn	1150.642578 354.748901 13.661588	-0.042 0.212 0.042
ttt_playerspawn	-298.612946 20.030962 9.503747	-0.068 0.141 0.068
ttt_playerspawn	-416.035492 250.456711 7.918757	-0.046 0.283 0.045
ttt_playerspawn	-156.766266 3960.027832 6.027150	-0.306 0.437 -0.068
ttt_playerspawn	-163.063599 3822.911621 6.086336	-0.074 0.141 0.074
ttt_playerspawn	-407.985107 3990.215820 6.259237	-0.068 0.323 0.232
ttt_playerspawn	-408.992310 3834.732178 8.005172	-0.078 0.565 0.078
ttt_playerspawn	-586.758484 3992.134033 6.699775	0.070 0.151 0.235
ttt_playerspawn	-586.594421 3835.707764 5.197928	-0.059 0.551 -0.178
ttt_playerspawn	-518.147461 1946.322510 2.884130	-0.222 0.333 0.541
ttt_playerspawn	-685.266968 2624.335938 0.053155	-0.454 0.127 -1.275
ttt_playerspawn	-677.710999 2961.650146 0.763283	-1.419 -0.325 -0.035
ttt_playerspawn	34.500698 2988.581055 3.533600	0.018 -0.071 -0.018
ttt_playerspawn	-57.048309 2979.093018 4.312218	0.020 -0.706 -0.020
ttt_playerspawn	6.949474 2652.621094 6.498420	0.017 1.131 -0.017
ttt_playerspawn	-1.629433 2498.023438 6.830915	0.010 -0.000 -0.010
ttt_playerspawn	1014.481201 2771.464600 -3.331217	-0.066 -0.000 0.066
ttt_playerspawn	857.299805 2764.756348 -2.839184	-0.083 -0.000 0.083
ttt_playerspawn	1005.874146 2951.146973 -2.561029	-0.064 0.424 0.064
ttt_playerspawn	864.403992 2947.146729 -0.830657	-0.077 -0.001 0.077
ttt_playerspawn	-445.635315 917.781799 -4.677873	-0.170 0.105 -0.046
ttt_playerspawn	-429.047882 752.169800 -3.985703	-0.208 0.172 0.045
ttt_playerspawn	-594.064819 761.882263 -2.466227	-0.011 0.008 0.126
ttt_playerspawn	-579.027466 912.505554 -3.297265	0.003 -0.100 -0.229
weapon_zm_mac10	-561.054993 4442.600098 37.251499	0.000 257.000 90.000
weapon_zm_mac10	-566.405029 4390.520020 37.028900	0.000 270.000 90.000
weapon_zm_mac10	1503.829956 1514.699951 37.382099	0.000 196.500 90.000
weapon_zm_mac10	1583.550049 2765.580078 77.414398	0.000 337.000 90.000
weapon_zm_mac10	248.000000 2400.000000 8.000000	0.000 337.000 90.000
weapon_zm_mac10	-206.320999 -255.425003 38.635201	0.000 285.000 90.000
weapon_zm_mac10	1648.000000 1608.000000 11.720000	0.000 0.000 90.000
weapon_zm_mac10	-718.114014 2083.489990 34.569901	0.000 0.000 90.000
weapon_zm_mac10	559.528992 1950.880005 38.115200	0.000 69.000 90.000
weapon_zm_mac10	-319.640015 2392.419922 3.720000	0.000 331.000 90.000
weapon_zm_mac10	1630.380005 2703.110107 7.720000	0.000 196.500 90.000
weapon_zm_mac10	-801.953979 4275.350098 2.201770	0.000 196.500 90.000
weapon_zm_mac10	1500.079956 40.531300 10.765400	0.000 15.000 90.000
weapon_zm_mac10	1628.260010 2752.179932 264.000000	0.000 63.500 90.000
weapon_zm_mac10	1781.939941 1264.000000 37.382099	0.000 196.500 90.000
weapon_zm_molotov	1338.000000 3088.000000 6.000000	15.000 270.000 90.000
weapon_zm_molotov	1318.000000 3064.000000 6.000000	15.000 195.500 90.000
weapon_zm_molotov	1338.000000 3098.000000 42.000000	15.000 195.500 90.000
weapon_zm_molotov	1308.000000 3081.290039 7.976160	15.000 227.500 90.000
weapon_zm_molotov	1271.969971 3082.919922 7.976160	15.000 145.000 90.000
weapon_zm_molotov	-292.000000 2914.870117 29.655701	15.000 270.000 90.000
weapon_zm_molotov	-288.106995 2904.320068 29.738600	15.000 195.500 90.000
weapon_zm_molotov	-296.000000 2902.889893 29.733999	15.000 227.500 90.000
weapon_zm_molotov	540.893005 1244.319946 329.739014	15.000 195.500 90.000
weapon_zm_molotov	537.000000 1254.869995 329.656006	15.000 270.000 90.000
weapon_zm_molotov	533.000000 1242.890015 329.734009	15.000 227.500 90.000
weapon_zm_molotov	670.556702 2726.246338 0.182911	-1.718 -1.464 -0.939
weapon_zm_molotov	668.730957 2772.635742 0.182201	-1.744 -1.459 -0.953
weapon_zm_molotov	325.704865 1787.725586 0.170167	-2.185 -1.389 -1.195
weapon_zm_molotov	1417.848755 1587.583984 0.103337	-1.583 -0.785 -0.905
weapon_zm_molotov	1400.947266 1589.901001 0.136267	-1.173 -1.197 -0.670
weapon_zm_molotov	1386.068237 1590.862183 0.117711	-1.404 -1.044 -0.802
weapon_zm_molotov	-123.887405 -34.969658 36.166473	-2.320 -1.370 -1.269
weapon_zm_molotov	-130.920380 -49.845711 36.182911	-1.718 -1.464 -0.939
weapon_zm_molotov	-915.923035 78.833076 44.170166	-2.185 -1.389 -1.195
weapon_zm_molotov	-802.458740 4143.011719 0.162550	-2.464 -1.325 -1.348
weapon_zm_molotov	-789.519287 4119.205078 0.200367	-1.079 -1.503 -0.590
weapon_zm_molotov	1633.801025 2804.323486 0.167572	-2.020 -1.367 -1.453
weapon_zm_molotov	1606.011353 2798.888672 0.165673	-2.081 -1.342 -1.498
weapon_zm_molotov	569.303772 1231.749023 300.136261	-1.173 -1.197 -0.670
weapon_zm_molotov	564.499023 1188.814575 300.121033	-1.362 -1.122 -0.779
weapon_zm_molotov	584.269653 2070.025879 36.172794	-2.088 -1.401 -1.142
item_ammo_357_ttt	1180.130005 2366.199951 324.303009	0.000 0.000 0.000
item_ammo_357_ttt	1164.130005 2366.199951 324.303009	0.000 0.000 0.000
item_ammo_357_ttt	1247.319946 2448.000000 324.303009	0.000 90.000 0.000
item_ammo_357_ttt	1247.319946 2432.000000 324.303009	0.000 90.000 0.000
item_ammo_357_ttt	-829.210022 312.000000 236.960007	0.000 180.000 0.000
item_ammo_357_ttt	-813.210022 312.000000 236.960007	0.000 180.000 0.000
item_ammo_357_ttt	604.041992 1275.239990 325.277008	0.000 359.000 0.000
item_ammo_357_ttt	603.994995 1260.250000 325.277008	0.000 2.000 0.000
item_ammo_357_ttt	-1154.790039 1808.680054 152.960007	0.000 0.000 0.000
item_ammo_357_ttt	-1170.790039 1808.680054 152.960007	0.000 0.000 0.000
item_ammo_357_ttt	795.184998 13.779000 12.960000	0.000 0.000 0.000
item_ammo_357_ttt	779.184998 13.779000 12.960000	0.000 0.000 0.000
item_box_buckshot_ttt	1276.000000 2984.000000 3.087010	0.000 150.000 0.000
item_box_buckshot_ttt	1274.000000 2999.659912 2.912760	0.000 255.000 0.000
item_box_buckshot_ttt	1298.000000 3012.000000 18.000000	0.000 255.000 0.000
item_box_buckshot_ttt	-592.000000 4296.000000 6.963990	0.000 270.000 0.000
item_box_buckshot_ttt	-592.000000 4312.000000 6.963990	0.000 270.000 0.000
item_box_buckshot_ttt	-592.000000 4328.000000 6.963990	0.000 270.000 0.000
item_box_buckshot_ttt	-592.000000 4240.000000 6.963990	0.000 270.000 0.000
item_box_buckshot_ttt	-592.000000 4256.000000 6.963990	0.000 270.000 0.000
item_box_buckshot_ttt	-592.000000 4272.000000 6.963990	0.000 270.000 0.000
item_box_buckshot_ttt	472.000000 1799.910034 177.197006	0.000 180.000 0.000
item_box_buckshot_ttt	488.000000 1799.910034 177.197006	0.000 180.000 0.000
item_box_buckshot_ttt	504.000000 1799.910034 177.197006	0.000 180.000 0.000
item_box_buckshot_ttt	166.182999 1175.560059 338.420013	0.000 0.000 0.000
item_box_buckshot_ttt	150.182999 1175.560059 338.420013	0.000 0.000 0.000
item_box_buckshot_ttt	134.182999 1175.560059 338.420013	0.000 0.000 0.000
item_box_buckshot_ttt	-412.072998 2776.000000 0.951540	0.000 0.000 0.000
item_box_buckshot_ttt	-428.072998 2776.000000 0.951540	0.000 0.000 0.000
item_box_buckshot_ttt	-396.072998 2776.000000 0.951540	0.000 0.000 0.000
item_box_buckshot_ttt	-777.322021 324.376007 0.951540	0.000 270.000 0.000
item_box_buckshot_ttt	-777.322021 308.376007 0.951540	0.000 270.000 0.000
item_box_buckshot_ttt	-777.322021 292.376007 0.951540	0.000 270.000 0.000
item_box_buckshot_ttt	-484.093994 1200.000000 8.568700	0.000 180.000 0.000
item_box_buckshot_ttt	-500.093994 1200.000000 8.568700	0.000 180.000 0.000
item_box_buckshot_ttt	-468.093994 1200.000000 8.568700	0.000 180.000 0.000
item_box_buckshot_ttt	-222.848007 1535.060059 0.951540	0.000 180.000 0.000
item_box_buckshot_ttt	-238.848007 1535.060059 0.951540	0.000 180.000 0.000
item_box_buckshot_ttt	-254.848007 1535.060059 0.951540	0.000 180.000 0.000
item_box_buckshot_ttt	1352.030029 1687.560059 0.951540	0.000 0.000 0.000
item_box_buckshot_ttt	1336.030029 1687.560059 0.951540	0.000 0.000 0.000
item_box_buckshot_ttt	1320.030029 1687.560059 0.951540	0.000 0.000 0.000
item_box_buckshot_ttt	579.236023 2483.530029 0.951540	0.000 270.000 0.000
item_box_buckshot_ttt	579.236023 2467.530029 0.951540	0.000 270.000 0.000
item_box_buckshot_ttt	579.236023 2451.530029 0.951540	0.000 270.000 0.000
item_box_buckshot_ttt	1683.930054 3124.000000 0.951540	0.000 0.000 0.000
item_box_buckshot_ttt	1699.930054 3124.000000 0.951540	0.000 0.000 0.000
item_box_buckshot_ttt	1715.930054 3124.000000 0.951540	0.000 0.000 0.000
item_box_buckshot_ttt	757.161987 438.854004 -0.058275	0.000 28.000 0.000
item_box_buckshot_ttt	757.960022 420.902008 -0.058275	0.000 319.000 0.000
item_box_buckshot_ttt	758.755981 456.463013 -0.058275	0.000 264.000 0.000
item_ammo_smg1_ttt	-584.440002 4448.000000 37.531502	0.000 257.000 0.000
item_ammo_smg1_ttt	-588.039001 4432.410156 37.531502	0.000 257.000 0.000
item_ammo_smg1_ttt	-590.405029 4390.520020 37.308899	0.000 270.000 0.000
item_ammo_smg1_ttt	-590.405029 4374.520020 37.308899	0.000 270.000 0.000
item_ammo_smg1_ttt	1497.890015 1534.170044 37.662102	0.000 150.000 0.000
item_ammo_smg1_ttt	1511.739990 1526.170044 37.662102	0.000 150.000 0.000
item_ammo_smg1_ttt	1632.089966 2762.000000 76.530197	0.000 0.000 0.000
item_ammo_smg1_ttt	1616.089966 2762.000000 76.530197	0.000 0.000 0.000
item_ammo_smg1_ttt	307.690002 2400.000000 45.478100	0.000 255.000 0.000
item_ammo_smg1_ttt	312.308014 2421.020020 44.733200	0.000 0.000 0.000
item_ammo_smg1_ttt	-225.362000 -277.092010 38.915199	0.000 285.000 0.000
item_ammo_smg1_ttt	-229.503006 -261.636993 38.915199	0.000 285.000 0.000
item_ammo_smg1_ttt	1664.000000 1584.000000 12.000000	0.000 0.000 0.000
item_ammo_smg1_ttt	1648.000000 1584.000000 12.000000	0.000 0.000 0.000
item_ammo_smg1_ttt	-706.262024 2060.500000 34.849899	0.000 316.000 0.000
item_ammo_smg1_ttt	-722.849976 2068.510010 34.849899	0.000 45.500 0.000
item_ammo_smg1_ttt	585.245972 1953.709961 38.395199	0.000 25.000 0.000
item_ammo_smg1_ttt	571.822998 1941.089966 38.395199	0.000 114.500 0.000
item_ammo_smg1_ttt	-292.000000 2388.000000 4.000000	0.000 0.000 0.000
item_ammo_smg1_ttt	-276.000000 2388.000000 4.000000	0.000 0.000 0.000
item_ammo_smg1_ttt	1638.290039 2714.580078 8.000000	0.000 150.000 0.000
item_ammo_smg1_ttt	1624.439941 2722.580078 8.000000	0.000 150.000 0.000
item_ammo_smg1_ttt	-797.849976 4264.000000 2.481770	0.000 150.000 0.000
item_ammo_smg1_ttt	-784.000000 4256.000000 2.481770	0.000 150.000 0.000
item_ammo_smg1_ttt	1521.739990 21.490200 11.045400	0.000 15.000 0.000
item_ammo_smg1_ttt	1506.290039 17.349001 11.045400	0.000 15.000 0.000
item_ammo_smg1_ttt	1633.819946 2784.439941 263.115997	0.000 86.500 0.000
item_ammo_smg1_ttt	1634.790039 2800.409912 263.115997	0.000 86.500 0.000
item_ammo_smg1_ttt	1789.849976 1275.469971 37.662102	0.000 150.000 0.000
item_ammo_smg1_ttt	1776.000000 1283.469971 37.662102	0.000 150.000 0.000
item_ammo_smg1_ttt	1183.753662 2555.813965 323.408905	-0.240 0.005 0.149
item_ammo_smg1_ttt	1164.778931 2552.156738 323.417969	-0.378 0.005 0.242
item_ammo_smg1_ttt	-1290.119629 2849.475830 32.458168	0.423 0.029 0.056
item_ammo_smg1_ttt	-1308.484497 2849.967773 32.482224	0.330 -0.008 0.063
item_ammo_smg1_ttt	1453.231445 2612.549316 0.528973	-0.568 0.081 0.289
item_ammo_smg1_ttt	1430.881348 2608.009033 0.518891	0.097 0.012 0.010
item_ammo_smg1_ttt	1569.463989 3118.021484 0.504712	-0.531 0.010 -0.411
item_ammo_smg1_ttt	1585.135010 3116.217773 0.394253	0.122 -0.005 0.069
weapon_zm_rifle	1214.920044 2369.520020 327.342987	0.000 0.000 90.000
weapon_zm_rifle	1244.000000 2482.790039 327.342987	0.000 90.000 90.000
weapon_zm_rifle	-864.000000 308.679993 240.000000	0.000 180.000 90.000
weapon_zm_rifle	600.145020 1298.390015 328.316986	0.000 90.000 90.000
weapon_zm_rifle	-1120.000000 1812.000000 156.000000	0.000 0.000 90.000
weapon_zm_rifle	814.515015 16.232901 16.000000	0.000 0.000 90.000
weapon_ttt_glock	-251.022995 -111.162003 40.000000	0.000 149.500 90.000
weapon_ttt_glock	-881.065979 82.600700 47.720001	0.000 21.000 90.000
weapon_ttt_glock	-484.000000 1264.000000 36.000000	0.000 0.000 90.000
weapon_ttt_glock	35.011398 1412.439941 337.253998	0.000 293.000 90.000
weapon_ttt_glock	-114.196999 2680.000000 1.432970	0.000 291.000 90.000
weapon_ttt_glock	-804.351013 2204.000000 33.479099	0.000 291.000 90.000
weapon_ttt_glock	-816.559021 4376.000000 8.512510	0.000 25.500 90.000
weapon_ttt_glock	1159.530029 285.584991 11.072800	0.000 149.500 90.000
ttt_random_ammo	1229.326050 2070.933105 0.456027	0.860 0.024 1.042
ttt_random_ammo	1231.913940 2039.090210 0.406142	0.262 0.539 0.199
ttt_random_ammo	1229.326294 2002.232544 0.407028	-0.215 -0.109 -0.205
ttt_random_ammo	1230.249146 1973.718872 0.361111	0.289 0.056 -0.078
ttt_random_ammo	1230.285156 1943.957153 0.372728	0.100 0.000 0.058
ttt_random_ammo	1230.802490 1923.776978 0.370943	0.092 0.000 0.046
ttt_random_ammo	1292.553711 1137.897095 0.381030	0.179 0.001 0.158
ttt_random_ammo	1321.025269 1140.741333 0.330286	0.046 0.000 -0.030
ttt_random_ammo	1364.657959 1137.230469 0.430802	1.214 0.030 1.452
ttt_random_ammo	1395.695435 1137.911987 0.419192	-0.109 -0.099 -0.192
ttt_random_ammo	1435.560791 1136.815430 0.335179	0.047 0.000 -0.027
ttt_random_ammo	1459.559692 1139.128418 0.418579	1.431 0.033 1.709
ttt_random_ammo	1521.609741 1131.906860 0.438220	1.056 0.027 1.261
ttt_random_ammo	1543.708008 1129.662720 0.379461	0.159 0.001 0.133
ttt_random_ammo	-584.938477 55.827427 0.380974	0.196 0.001 0.178
ttt_random_ammo	-616.814148 53.344177 0.380978	0.195 0.001 0.177
ttt_random_ammo	-671.062744 53.534870 0.357522	0.060 0.000 0.001
ttt_random_ammo	-695.399292 54.909325 0.322780	0.047 -0.000 0.033
ttt_random_ammo	1226.430054 2823.040527 0.360252	-0.016 -0.197 -0.137
ttt_random_ammo	1228.584595 2784.487793 0.415301	1.631 -0.036 -1.966
ttt_random_ammo	1195.291626 2828.322998 0.346735	0.048 -0.000 0.019
ttt_random_ammo	1196.155396 2786.724121 0.374424	0.109 -0.000 -0.069
ttt_random_ammo	1232.682983 2751.143066 0.382438	0.193 -0.001 -0.175
ttt_random_ammo	1195.787476 2751.348145 0.382648	0.180 0.001 0.159
ttt_random_ammo	-925.338745 2149.543213 2.740357	4.999 -0.514 0.483
ttt_random_ammo	-889.081482 2156.056885 0.777995	0.254 0.218 1.231
ttt_random_ammo	-859.001038 2156.102539 0.619325	0.254 0.218 1.240
ttt_random_ammo	-860.927551 2116.767090 0.188792	0.258 0.214 1.182
ttt_random_ammo	-890.680908 2116.571289 0.379153	0.271 0.211 1.007
ttt_random_ammo	-925.045959 2115.807129 2.328843	5.033 -0.513 0.479
ttt_random_ammo	1427.617920 45.501369 10.699903	88.572 -39.322 -89.826
ttt_random_ammo	-1098.818726 2973.120361 10.720459	3.002 -0.231 -4.174
ttt_random_ammo	-1146.009888 2973.446533 12.699179	-0.101 0.956 -8.527
ttt_random_ammo	-1098.163330 3017.588867 7.637847	-0.137 0.572 -7.580
ttt_random_ammo	-1139.317749 3015.801758 7.638313	-0.105 0.807 -8.202
ttt_random_ammo	-1099.674316 2918.114990 13.938904	3.632 -1.254 -4.437
ttt_random_ammo	-1138.142090 2928.258789 15.875675	4.007 -1.365 -5.077
ttt_random_ammo	-392.125519 3103.684326 0.404996	-0.095 0.109 0.204
ttt_random_ammo	-434.262726 3104.374756 0.383978	0.028 0.158 0.122
ttt_random_ammo	-352.653534 3103.164063 0.428962	-0.035 0.182 0.149
ttt_random_ammo	-351.868652 3147.942383 0.322711	0.047 0.000 -0.033
ttt_random_ammo	-386.287750 3145.420166 0.397247	-0.473 0.003 -0.520
ttt_random_ammo	-428.934357 3147.053711 0.414513	-1.249 -0.019 1.466
ttt_random_ammo	1649.460205 3178.851318 0.355392	0.056 0.000 -0.006
ttt_random_ammo	1610.664063 3180.499023 0.370954	0.095 0.000 0.051
ttt_random_ammo	1558.050415 3178.948730 0.369137	0.087 0.000 0.040
ttt_random_ammo	1490.646240 3177.043213 0.370957	0.095 0.000 0.050
ttt_random_ammo	1430.672852 3175.275635 0.361495	0.065 0.000 0.009
ttt_random_ammo	1362.848877 3173.689697 0.377835	0.144 0.001 0.113
ttt_random_ammo	1317.836304 3173.998779 0.339576	0.145 0.078 0.034
ttt_random_ammo	392.498077 1684.676025 0.342321	0.048 0.000 -0.022
ttt_random_ammo	393.226288 1724.145508 0.330399	0.047 -0.000 0.029
ttt_random_ammo	394.214081 1763.007813 0.392266	0.723 -0.007 -0.825
ttt_random_ammo	395.592957 1801.610718 0.351221	0.053 0.000 -0.011
ttt_random_ammo	437.021759 1769.477173 48.337646	0.047 0.000 -0.025
ttt_random_ammo	438.163483 1799.569824 48.337646	0.047 0.000 -0.025
ttt_random_ammo	437.519440 1832.989380 48.387611	0.365 -0.002 -0.387
ttt_random_ammo	438.162201 1863.974121 48.363503	0.072 0.000 0.019
ttt_random_ammo	315.855682 2447.449951 44.346848	0.050 -0.000 0.017
ttt_random_ammo	314.812561 2464.680420 44.447605	0.991 -0.026 -1.199
ttt_random_ammo	541.309082 2453.557617 0.374489	0.123 0.000 0.087
ttt_random_ammo	509.224426 2460.733154 0.376180	0.137 0.000 0.104
ttt_random_ammo	528.200195 2481.910400 0.376098	0.137 -0.000 -0.104
ttt_random_ammo	-865.963989 3888.320068 0.346797	0.050 0.000 -0.017
ttt_random_ammo	-867.997192 3938.120117 0.377838	0.147 0.001 0.117
ttt_random_ammo	-813.366028 3883.743408 0.372761	0.105 0.000 0.063
ttt_random_ammo	-815.568848 3931.603760 0.386711	0.309 0.002 0.319
ttt_random_ammo	-773.989685 3880.114014 0.445427	0.957 0.026 1.147
ttt_random_ammo	-775.968933 3924.502441 0.325277	0.047 0.000 -0.032
ttt_random_ammo	228.088837 3093.917480 0.382500	0.214 0.001 0.201
ttt_random_ammo	171.114655 3089.807617 0.383992	0.237 0.001 0.231
ttt_random_ammo	229.101196 3122.096191 0.332800	0.046 0.000 -0.028
ttt_random_ammo	173.748947 3119.792969 0.415066	1.676 0.035 2.026
ttt_random_ammo	230.655029 3151.156006 0.339970	0.047 0.000 -0.024
ttt_random_ammo	176.597168 3147.655518 0.346808	0.050 0.000 -0.017
ttt_random_ammo	1235.774170 1370.028076 0.432620	1.425 0.033 1.732
ttt_random_ammo	1239.022705 1316.285400 0.355356	0.055 0.000 -0.007
ttt_random_ammo	1237.734741 1274.511475 0.377843	0.138 0.000 0.105
ttt_random_ammo	1195.707397 1275.392334 0.338285	-0.047 -0.000 -0.026
ttt_random_ammo	1198.696655 1316.602539 0.444453	1.153 0.029 1.401
ttt_random_ammo	1199.963745 1370.319824 0.349761	0.424 -0.037 0.145
ttt_random_ammo	-1246.384277 1336.385376 1.335171	0.047 0.000 -0.027
ttt_random_ammo	-1211.332886 1335.516235 1.384570	0.482 0.009 0.174
ttt_random_ammo	-1216.004517 1298.274170 1.392060	0.152 0.084 -0.085
ttt_random_ammo	-1250.585815 1298.642700 1.409426	1.588 0.034 1.895
ttt_random_ammo	-1249.692627 1266.013428 1.322212	0.011 -0.223 0.371
ttt_random_ammo	-1219.228271 1268.402466 1.288674	0.014 -0.227 0.435
ttt_random_ammo	-827.239136 1805.452881 0.325237	0.047 0.000 -0.032
ttt_random_ammo	-870.109741 1801.931152 -0.263868	-0.321 0.014 -2.581
ttt_random_ammo	-906.977173 1800.078125 -0.848432	-0.028 -0.166 -1.387
ttt_random_ammo	-937.406250 1799.659912 -0.796757	-0.019 -0.167 -1.315
ttt_random_ammo	-968.071838 1800.228149 -0.844972	0.010 -0.184 -1.425
ttt_random_ammo	-777.522461 1806.525879 0.382543	0.203 0.001 0.188
ttt_random_ammo	-660.205444 1631.543701 1.939083	3.218 0.116 -0.132
ttt_random_ammo	-705.102173 1632.190430 3.741870	3.075 0.127 -0.171
ttt_random_ammo	-655.180115 1675.360718 1.494094	2.757 0.138 -0.258
ttt_random_ammo	-699.395935 1677.402588 3.148927	-0.387 -2.218 -3.393
ttt_random_ammo	626.822754 1245.966431 0.367262	0.077 0.000 0.027
ttt_random_ammo	623.146057 1283.733154 0.390544	0.421 0.003 0.457
ttt_random_ammo	662.169067 1282.826416 0.374478	0.110 0.000 0.071
ttt_random_ammo	794.828613 77.744965 8.331053	-0.046 -0.000 -0.029
ttt_random_ammo	792.108826 126.971817 8.328551	-0.046 -0.000 -0.030
ttt_random_ammo	819.597473 124.850792 8.382056	-0.166 -0.001 0.143
ttt_random_ammo	822.295593 76.786407 8.335947	-0.046 -0.000 -0.026
ttt_random_ammo	798.998291 169.283981 8.368595	-0.083 -0.000 0.035
ttt_random_ammo	821.002930 167.401917 8.358421	-0.059 -0.000 0.001
ttt_random_ammo	1968.611206 2876.488037 1.784248	-0.969 0.810 -6.888
ttt_random_ammo	1933.061890 2875.075195 -0.012603	-8.237 -0.029 -5.510
ttt_random_ammo	1892.354858 2880.167236 -1.415093	-0.866 4.392 -102.920
ttt_random_ammo	2010.630859 2878.714600 0.793455	0.310 -0.156 -1.633
ttt_random_ammo	-391.710205 1144.200195 0.364042	0.031 -0.020 -0.336
ttt_random_ammo	-360.304504 1145.459595 0.363473	0.070 0.000 0.016
ttt_random_ammo	-330.584381 1144.913086 0.342258	0.048 0.000 -0.022
ttt_random_ammo	-308.333527 1145.614624 0.386734	0.305 0.002 0.314
ttt_random_ammo	-285.892853 4070.667236 0.359517	0.062 0.000 0.005
ttt_random_ammo	-262.173920 4072.203125 0.346796	0.049 0.000 -0.018
ttt_random_ammo	-217.021713 4073.326172 0.367298	0.081 0.000 0.032
ttt_random_ammo	-194.744385 4070.681641 0.337602	0.047 0.000 -0.026
ttt_random_ammo	655.178589 1247.210083 0.367258	0.078 0.000 0.027
ttt_random_ammo	-347.736023 -332.756226 0.383942	0.247 0.001 0.242
ttt_random_ammo	-354.545288 -284.768341 0.391227	0.548 0.004 0.612
ttt_random_ammo	-319.915161 -283.620300 0.312019	0.048 0.000 -0.037
ttt_random_ammo	-314.843597 -324.665283 0.330364	0.047 0.000 -0.029
ttt_random_ammo	-356.372559 -240.361908 0.365426	0.078 0.000 0.027
ttt_random_ammo	-319.956390 -244.638718 0.351213	0.053 0.000 -0.011
ttt_random_ammo	571.725830 1427.593384 300.325134	0.001 -0.000 -0.008
ttt_random_ammo	574.214172 1314.780029 300.365143	0.053 -0.001 -0.069
ttt_random_ammo	554.459290 1315.658203 300.380554	0.204 0.001 0.251
ttt_random_ammo	551.723389 1426.007568 300.437561	1.028 -0.027 -1.265
ttt_random_ammo	-794.986694 2809.043945 0.385879	-0.173 -0.093 -0.288
ttt_random_ammo	-794.148926 2847.102295 0.320031	0.047 0.000 -0.035
ttt_random_ammo	-792.788757 2877.357422 0.369137	0.087 0.000 0.039
ttt_random_ammo	-152.663513 2837.912109 0.325287	0.046 0.000 -0.031
ttt_random_ammo	-150.298294 2816.672363 0.363471	0.070 -0.000 -0.018
weapon_zm_pistol	-371.911011 2948.000000 16.214600	0.000 130.500 90.000
weapon_zm_pistol	-116.380997 -180.460007 36.438702	0.000 0.000 90.000
weapon_zm_pistol	-876.372009 77.588997 47.720001	0.000 343.500 90.000
weapon_zm_pistol	-76.676003 1391.160034 3.720000	0.000 311.500 90.000
weapon_zm_pistol	-622.697021 2045.239990 27.719999	0.000 279.000 90.000
weapon_zm_pistol	444.000000 1731.420044 56.000000	0.000 154.000 90.000
weapon_zm_pistol	-119.209000 2675.310059 1.432970	0.000 253.500 90.000
weapon_zm_pistol	1773.140015 2760.979980 11.247000	0.000 358.500 90.000
weapon_zm_pistol	-120.372002 2799.889893 1.432970	0.000 343.500 90.000
weapon_zm_pistol	554.658997 1496.650024 324.496002	0.000 163.500 90.000
weapon_zm_pistol	1534.140015 521.932007 0.996181	0.000 180.000 90.000
weapon_zm_pistol	1282.640015 3088.179932 264.304993	0.000 180.000 90.000
item_ammo_revolver_ttt	-552.000000 4448.000000 6.963990	0.000 270.000 0.000
item_ammo_revolver_ttt	-552.000000 4432.000000 6.963990	0.000 270.000 0.000
item_ammo_revolver_ttt	-552.000000 4416.000000 6.963990	0.000 270.000 0.000
item_ammo_revolver_ttt	-552.000000 4400.000000 6.963990	0.000 270.000 0.000
item_ammo_revolver_ttt	-552.000000 4384.000000 6.963990	0.000 270.000 0.000
item_ammo_revolver_ttt	-552.000000 4368.000000 6.963990	0.000 270.000 0.000
item_ammo_revolver_ttt	238.440002 1462.540039 300.959991	0.000 99.000 0.000
item_ammo_revolver_ttt	224.000000 1460.000000 300.959991	0.000 60.000 0.000
item_ammo_revolver_ttt	229.281998 1474.770020 300.959991	0.000 5.500 0.000
item_ammo_revolver_ttt	1280.000000 2796.000000 14.000000	0.000 135.000 0.000
item_ammo_revolver_ttt	1282.000000 2760.000000 20.000000	-90.000 326.000 0.000
item_ammo_revolver_ttt	1292.000000 2786.000000 10.000000	0.000 14.500 0.000
item_ammo_revolver_ttt	-141.438995 2474.169922 38.699299	0.000 44.000 0.000
item_ammo_revolver_ttt	-142.171005 2427.030029 40.000000	0.000 92.500 0.000
item_ammo_revolver_ttt	-152.000000 2408.050049 76.679604	0.000 323.500 0.000
item_ammo_revolver_ttt	-144.408997 2889.790039 0.977133	0.000 77.500 0.000
item_ammo_revolver_ttt	-141.367004 2876.489990 0.977133	0.000 19.500 0.000
item_ammo_revolver_ttt	-155.998993 2888.000000 0.977133	0.000 41.500 0.000
item_ammo_revolver_ttt	-400.000000 2655.510010 1.593880	0.000 44.000 0.000
item_ammo_revolver_ttt	-400.731995 2608.370117 2.894580	0.000 92.500 0.000
item_ammo_revolver_ttt	-428.989990 2671.669922 1.593880	0.000 340.500 0.000
item_ammo_revolver_ttt	-79.888702 104.000000 40.570099	0.000 180.000 0.000
item_ammo_revolver_ttt	-63.888699 104.000000 40.570099	0.000 180.000 0.000
item_ammo_revolver_ttt	-47.888699 104.000000 40.570099	0.000 180.000 0.000
item_ammo_revolver_ttt	-520.000000 252.000000 0.000000	0.000 329.500 0.000
item_ammo_revolver_ttt	-512.000000 236.500000 7.128450	0.000 0.000 0.000
item_ammo_revolver_ttt	-548.244995 232.904999 8.000000	-88.000 22.000 0.000
item_ammo_revolver_ttt	1289.199951 1434.670044 2.109850	0.000 308.500 0.000
item_ammo_revolver_ttt	1277.489990 1435.849976 2.109850	0.000 0.000 0.000
item_ammo_revolver_ttt	1287.270020 1445.829956 2.109850	0.000 95.500 0.000
item_ammo_revolver_ttt	-21.366899 1663.439941 41.645901	0.000 65.000 0.000
item_ammo_revolver_ttt	-37.798302 1664.790039 40.871498	0.000 329.500 0.000
item_ammo_revolver_ttt	-36.000000 1652.000000 41.645901	0.000 254.000 0.000
item_ammo_revolver_ttt	-528.903992 2125.489990 52.959999	0.000 352.500 0.000
item_ammo_revolver_ttt	-540.000000 2116.000000 52.959999	0.000 7.500 0.000
item_ammo_revolver_ttt	-540.000000 2132.000000 52.959999	0.000 132.500 0.000
item_ammo_revolver_ttt	1488.000000 1687.939941 0.828218	0.000 329.500 0.000
item_ammo_revolver_ttt	1500.459961 1690.380005 0.828218	0.000 258.500 0.000
item_ammo_revolver_ttt	1495.219971 1680.729980 0.828218	0.000 123.000 0.000
item_ammo_revolver_ttt	406.524994 1972.489990 48.000000	0.000 117.500 0.000
item_ammo_revolver_ttt	412.497986 1962.869995 48.000000	0.000 330.500 0.000
item_ammo_revolver_ttt	401.201996 1959.579956 48.000000	0.000 22.000 0.000
item_ammo_revolver_ttt	144.000000 2398.810059 48.604099	0.000 132.500 0.000
item_ammo_revolver_ttt	164.113007 2389.350098 66.724701	0.000 352.500 0.000
item_ammo_revolver_ttt	154.751999 2388.149902 66.724701	0.000 43.000 0.000
item_ammo_revolver_ttt	1632.619995 2606.250000 3.071990	0.000 119.000 0.000
item_ammo_revolver_ttt	1627.979980 2617.060059 3.071990	0.000 67.500 0.000
item_ammo_revolver_ttt	1619.150024 2609.959961 3.071990	0.000 214.500 0.000
item_ammo_revolver_ttt	1422.750000 3107.669922 35.994900	0.000 190.500 0.000
item_ammo_revolver_ttt	1429.290039 3117.449951 35.994900	0.000 242.000 0.000
item_ammo_revolver_ttt	1433.510010 3104.139893 35.994900	0.000 337.500 0.000
item_ammo_revolver_ttt	394.553009 3042.189941 24.720600	0.000 340.500 0.000
item_ammo_revolver_ttt	407.597992 3041.300049 24.420500	0.000 260.000 0.000
item_ammo_revolver_ttt	408.165985 3054.699951 16.385000	0.000 105.000 0.000
item_ammo_revolver_ttt	-902.581970 4265.250000 2.109850	0.000 295.000 0.000
item_ammo_revolver_ttt	-901.854980 4276.560059 2.109850	0.000 82.000 0.000
item_ammo_revolver_ttt	-913.685974 4269.129883 2.109850	0.000 346.500 0.000
item_ammo_revolver_ttt	-183.173004 -376.000000 40.891701	0.000 180.000 0.000
item_ammo_revolver_ttt	-199.173004 -376.000000 40.891701	0.000 180.000 0.000
item_ammo_revolver_ttt	-215.173004 -376.000000 40.891701	0.000 180.000 0.000
item_ammo_revolver_ttt	1156.790039 16.000000 11.663800	0.000 0.000 0.000
item_ammo_revolver_ttt	1172.790039 16.000000 11.663800	0.000 0.000 0.000
item_ammo_revolver_ttt	1188.790039 16.000000 11.663800	0.000 0.000 0.000
item_ammo_revolver_ttt	1527.709961 1179.089966 8.799730	0.000 22.000 0.000
item_ammo_revolver_ttt	1539.010010 1182.369995 8.799730	0.000 330.500 0.000
item_ammo_revolver_ttt	1533.040039 1192.000000 8.799730	0.000 117.500 0.000
item_ammo_revolver_ttt	1813.630005 1292.550049 34.286900	0.000 185.000 0.000
item_ammo_revolver_ttt	1824.000000 1288.000000 34.286900	0.000 332.000 0.000
item_ammo_revolver_ttt	1821.069946 1301.660034 34.286900	0.000 236.500 0.000
item_ammo_revolver_ttt	1808.109985 1248.709961 31.286200	0.000 51.000 0.000
item_ammo_revolver_ttt	1797.630005 1244.410034 31.286200	0.000 198.000 0.000
item_ammo_revolver_ttt	1809.489990 1237.030029 31.286200	0.000 102.500 0.000
item_ammo_revolver_ttt	1083.880005 2275.520020 47.071999	0.000 330.500 0.000
item_ammo_revolver_ttt	1072.589966 2272.239990 47.071999	0.000 22.000 0.000
item_ammo_revolver_ttt	1077.910034 2285.149902 47.071999	0.000 117.500 0.000
item_ammo_revolver_ttt	1227.410034 2381.389893 192.625000	0.000 98.500 0.000
item_ammo_revolver_ttt	1236.949951 2374.510010 192.625000	0.000 150.000 0.000
item_ammo_revolver_ttt	1223.500000 2370.760010 192.625000	0.000 245.500 0.000
item_ammo_revolver_ttt	1395.489990 5251.330078 -14.506400	0.000 140.500 0.000
item_ammo_revolver_ttt	1399.699951 5240.810059 -14.506400	0.000 287.500 0.000
item_ammo_revolver_ttt	1407.189941 5252.600098 -14.506400	0.000 192.000 0.000
weapon_zm_sledge	-516.000000 2428.000000 28.000000	0.000 300.000 0.000
weapon_zm_sledge	-268.000000 -120.000000 40.000000	0.000 0.000 0.000
weapon_zm_sledge	12.000000 1656.000000 44.000000	0.000 0.000 0.000
weapon_zm_sledge	9.553470 1178.709961 380.000000	0.000 0.000 0.000
weapon_zm_sledge	568.000000 1788.000000 40.000000	0.000 18.500 0.000
weapon_zm_sledge	-292.795013 1926.640015 8.000000	0.000 335.000 0.000
weapon_zm_sledge	301.207001 3029.169922 36.325802	0.000 3.000 0.000
weapon_zm_sledge	1142.560059 276.747986 11.072800	0.000 0.000 0.000
weapon_zm_revolver	-528.000000 4432.000000 10.004000	0.000 270.000 90.000
weapon_zm_revolver	-528.000000 4384.000000 10.004000	0.000 270.000 90.000
weapon_zm_revolver	208.000000 1436.000000 308.000000	0.000 165.000 90.000
weapon_zm_revolver	1295.239990 2765.459961 18.000000	0.000 320.000 90.000
weapon_zm_revolver	-146.358002 2453.120117 35.980301	0.000 130.000 90.000
weapon_zm_revolver	-158.565994 2936.000000 42.325401	0.000 130.000 90.000
weapon_zm_revolver	-441.839996 2658.580078 18.000000	0.000 130.000 90.000
weapon_zm_revolver	-16.715700 100.055000 40.762199	0.000 153.500 90.000
weapon_zm_revolver	-511.007996 241.311996 33.217098	0.000 105.000 90.000
weapon_zm_revolver	1302.969971 1444.000000 41.666000	0.000 331.500 90.000
weapon_zm_revolver	-54.448700 1651.270020 40.385799	0.000 159.500 90.000
weapon_zm_revolver	-579.525024 2152.629883 56.000000	0.000 61.000 90.000
weapon_zm_revolver	1459.880005 1673.560059 37.227001	0.000 105.000 90.000
weapon_zm_revolver	408.597992 1954.219971 48.928001	0.000 331.500 90.000
weapon_zm_revolver	134.115997 2380.510010 49.120499	0.000 61.000 90.000
weapon_zm_revolver	1637.040039 2614.250000 4.000000	0.000 68.500 90.000
weapon_zm_revolver	1420.180054 3116.810059 36.923000	0.000 191.500 90.000
weapon_zm_revolver	400.242004 3033.260010 32.186901	0.000 341.500 90.000
weapon_zm_revolver	-891.950989 4272.290039 1.874490	0.000 318.000 90.000
weapon_zm_revolver	-152.000000 -379.945007 41.083801	0.000 153.500 90.000
weapon_zm_revolver	1125.619995 19.944901 11.855900	0.000 333.500 90.000
weapon_zm_revolver	1535.109985 1173.719971 9.727740	0.000 331.500 90.000
weapon_zm_revolver	1811.939941 1301.890015 35.214901	0.000 186.000 90.000
weapon_zm_revolver	1816.000000 1243.439941 32.214298	0.000 52.000 90.000
weapon_zm_revolver	1079.979980 2266.870117 48.000000	0.000 331.500 90.000
weapon_zm_revolver	1236.619995 2383.639893 193.552994	0.000 99.500 90.000
weapon_zm_revolver	1400.839966 5259.169922 -13.578400	0.000 141.500 90.000
