# Trouble in Terrorist Town weapon/ammo placement overrides
# For map: ttt_vault
# Exported by: Razor  武士
setting:	replacespawns 1
ttt_playerspawn	-3498.208984 2971.436523 -254.673843	-0.090 -1.843 0.090
ttt_playerspawn	-3492.528320 3167.942627 -249.364624	-0.046 -1.457 -0.001
ttt_playerspawn	-3488.503662 3379.572998 -250.747147	-0.078 0.901 0.078
ttt_playerspawn	-3492.216309 3573.437012 -250.402771	-0.057 4.462 0.058
ttt_playerspawn	-3357.534668 3716.117676 -252.133362	-0.055 5.163 0.056
ttt_playerspawn	-3119.418213 3715.126221 -245.821503	-0.092 6.751 0.092
ttt_playerspawn	-2903.853516 3714.172607 -251.418549	-0.051 3.049 0.051
ttt_playerspawn	-2702.836426 3710.031982 -254.833588	-0.080 0.238 0.080
ttt_playerspawn	-2528.642334 3686.718506 -251.423233	-0.207 -0.102 -0.003
ttt_playerspawn	-2461.540283 3533.329834 -253.149963	-0.070 -4.860 0.070
ttt_playerspawn	-2462.807373 3313.972412 -249.449081	0.009 1.356 0.135
ttt_playerspawn	-2469.385742 3106.353760 -246.842590	-0.085 1.157 0.085
ttt_playerspawn	-2479.950684 2899.370361 -250.733856	-0.067 -3.069 0.067
ttt_playerspawn	-2619.889893 2810.387207 -253.340210	-0.081 -3.074 0.081
ttt_playerspawn	-2851.796143 2809.595459 -249.006500	-0.072 -1.168 0.072
ttt_playerspawn	-3053.475342 2804.156250 -250.584579	-0.073 0.038 0.073
ttt_playerspawn	-3285.111572 2804.549805 -245.615250	-0.081 -0.501 0.081
ttt_playerspawn	-3476.954102 2802.846924 -246.693069	-0.074 1.298 0.074
ttt_playerspawn	-3645.730713 3254.940430 -254.884933	-0.007 -2.756 0.039
ttt_playerspawn	-3825.830811 3254.637939 -252.189072	-0.088 -0.962 0.088
ttt_playerspawn	-3927.730957 3294.128662 -44.076504	-0.080 -3.284 0.080
ttt_playerspawn	-3756.449463 3300.239746 -45.148800	-0.050 -1.041 0.052
ttt_playerspawn	-3576.697754 3298.705811 -46.244362	-0.070 -1.961 0.070
ttt_playerspawn	-3495.022461 3487.680664 -38.150467	-0.063 -1.560 0.064
ttt_playerspawn	-3458.369385 3688.629639 -40.607079	-0.069 1.149 0.069
ttt_playerspawn	-3447.431641 3306.612549 -41.744408	-0.076 0.025 0.077
ttt_playerspawn	-3458.802002 3080.711426 -38.296459	-0.086 2.218 0.086
ttt_playerspawn	-3467.373535 2915.728516 -42.443390	-0.065 0.855 0.066
ttt_playerspawn	-3219.487305 3293.763428 -43.686665	-0.019 -3.069 0.037
ttt_playerspawn	-3025.127686 3298.670166 -44.934910	-0.081 -5.027 0.081
ttt_playerspawn	-3940.286133 3251.677734 -253.446793	-0.050 0.104 0.052
ttt_playerspawn	-3514.560791 3728.330078 -251.132996	-0.035 -1.038 0.041
ttt_playerspawn	-2450.186523 3740.074951 -248.329849	-0.036 -2.929 0.037
ttt_playerspawn	-2417.552002 2751.293457 -256.370850	-0.039 0.000 0.039
ttt_playerspawn	-2308.902344 3249.999268 -252.591553	-0.086 -1.961 0.086
ttt_playerspawn	-2113.967041 3251.000977 -252.768951	-0.092 -3.336 0.092
item_box_buckshot_ttt	-2202.000000 4446.000000 -19.000000	0.000 270.000 0.000
item_box_buckshot_ttt	-2222.000000 4446.000000 -19.000000	0.000 270.000 0.000
item_box_buckshot_ttt	-1717.000000 2951.000000 -25.000000	0.000 90.000 0.000
item_box_buckshot_ttt	-1704.000000 2951.000000 -25.000000	0.000 90.000 0.000
item_box_buckshot_ttt	-4711.000000 3529.000000 85.000000	0.000 0.000 0.000
item_box_buckshot_ttt	-4701.000000 3529.000000 85.000000	0.000 0.000 0.000
item_box_buckshot_ttt	-4691.000000 3529.000000 85.000000	0.000 0.000 0.000
item_box_buckshot_ttt	-4681.000000 3529.000000 85.000000	0.000 0.000 0.000
item_ammo_357_ttt	-3556.800049 1570.160034 180.276001	0.000 0.000 0.000
item_ammo_357_ttt	-3578.800049 1570.160034 180.276001	0.000 0.000 0.000
item_ammo_357_ttt	-3601.800049 1570.160034 180.276001	0.000 0.000 0.000
item_ammo_357_ttt	-3630.800049 1570.160034 180.276001	0.000 0.000 0.000
item_ammo_357_ttt	-3564.800049 1570.160034 180.276001	0.000 0.000 0.000
item_ammo_357_ttt	-3587.800049 1570.160034 180.276001	0.000 0.000 0.000
item_ammo_357_ttt	-3609.800049 1570.160034 180.276001	0.000 0.000 0.000
item_ammo_357_ttt	-3622.800049 1570.160034 180.276001	0.000 0.000 0.000
item_ammo_357_ttt	-4711.000000 3661.000000 85.000000	0.000 0.000 0.000
item_ammo_357_ttt	-4701.000000 3661.000000 85.000000	0.000 0.000 0.000
item_ammo_357_ttt	-4691.000000 3661.000000 85.000000	0.000 0.000 0.000
item_ammo_357_ttt	-4681.000000 3661.000000 85.000000	0.000 0.000 0.000
item_ammo_revolver_ttt	-4681.000000 3757.000000 85.000000	0.000 0.000 0.000
item_ammo_revolver_ttt	-4691.000000 3757.000000 85.000000	0.000 0.000 0.000
item_ammo_revolver_ttt	-4701.000000 3757.000000 85.000000	0.000 0.000 0.000
item_ammo_revolver_ttt	-4711.000000 3757.000000 85.000000	0.000 0.000 0.000
item_ammo_smg1_ttt	-4476.899902 3861.969971 51.344700	0.000 90.000 0.000
item_ammo_smg1_ttt	-4476.899902 3839.969971 51.344700	0.000 90.000 0.000
item_ammo_smg1_ttt	-4476.899902 3817.969971 51.344700	0.000 90.000 0.000
item_ammo_smg1_ttt	-4685.000000 3579.000000 85.000000	0.000 90.000 0.000
item_ammo_smg1_ttt	-4685.000000 3562.000000 85.000000	0.000 90.000 0.000
item_ammo_smg1_ttt	-4705.000000 3562.000000 85.000000	0.000 90.000 0.000
item_ammo_smg1_ttt	-4705.000000 3579.000000 85.000000	0.000 90.000 0.000
item_ammo_pistol_ttt	-4711.000000 3720.000000 85.000000	0.000 0.000 0.000
item_ammo_pistol_ttt	-4701.000000 3720.000000 85.000000	0.000 0.000 0.000
item_ammo_pistol_ttt	-4691.000000 3720.000000 85.000000	0.000 0.000 0.000
item_ammo_pistol_ttt	-4681.000000 3720.000000 85.000000	0.000 0.000 0.000
item_ammo_pistol_ttt	-4681.000000 3626.000000 85.000000	0.000 0.000 0.000
item_ammo_pistol_ttt	-4691.000000 3626.000000 85.000000	0.000 0.000 0.000
item_ammo_pistol_ttt	-4701.000000 3626.000000 85.000000	0.000 0.000 0.000
item_ammo_pistol_ttt	-4711.000000 3626.000000 85.000000	0.000 0.000 0.000
ttt_random_weapon	-3566.979980 2826.389893 -45.627102	0.000 0.000 0.000
ttt_random_weapon	-3570.639893 2975.209961 -45.627102	0.000 0.000 0.000
ttt_random_weapon	-3575.179932 3088.790039 -45.627102	0.000 0.000 0.000
ttt_random_weapon	-3658.620117 3185.419922 -45.627102	0.000 0.000 0.000
ttt_random_weapon	-3745.000000 3185.000000 -46.000000	0.000 0.000 0.000
ttt_random_weapon	-3871.860107 3181.000000 -45.627102	0.000 0.000 0.000
ttt_random_weapon	-3998.409912 3179.419922 -45.627102	0.000 0.000 0.000
ttt_random_weapon	-4016.939941 3409.169922 -45.627102	0.000 0.000 0.000
ttt_random_weapon	-3755.659912 3411.250000 -45.627102	0.000 0.000 0.000
ttt_random_weapon	-3254.379883 3406.770020 -45.627102	0.000 0.000 0.000
ttt_random_weapon	-3056.429932 3403.709961 -45.627102	0.000 0.000 0.000
ttt_random_weapon	-3056.169922 3190.350098 -45.627102	0.000 0.000 0.000
ttt_random_weapon	-3266.300049 3194.100098 -45.627102	0.000 0.000 0.000
ttt_random_weapon	-3571.270020 3513.719971 -45.627102	0.000 0.000 0.000
ttt_random_weapon	-3359.610107 3718.750000 -45.627102	0.000 0.000 0.000
ttt_random_weapon	-3356.550049 3505.090088 -45.627102	0.000 0.000 0.000
ttt_random_weapon	-3367.830078 2907.439941 -45.627102	0.000 0.000 0.000
ttt_random_weapon	-3215.209961 2690.159912 -11.072300	0.000 90.000 0.000
ttt_random_weapon	-3362.280029 2073.060059 -45.627102	0.000 0.000 0.000
ttt_random_weapon	-3585.830078 2061.229980 -45.627102	0.000 0.000 0.000
ttt_random_weapon	-3556.959961 2511.580078 -45.627102	0.000 90.000 0.000
ttt_random_weapon	-2289.629883 3326.010010 -44.000000	0.000 90.000 0.000
ttt_random_weapon	-2134.969971 3057.449951 -44.627102	0.000 90.000 0.000
ttt_random_weapon	-1384.349976 2464.439941 -45.627102	0.000 90.000 0.000
ttt_random_weapon	-1586.199951 2661.870117 -45.627102	0.000 90.000 0.000
ttt_random_weapon	-1308.000000 2827.000000 -45.627102	0.000 90.000 0.000
ttt_random_weapon	-1930.060059 3074.580078 -45.627102	0.000 90.000 0.000
ttt_random_weapon	-1913.000000 3747.000000 -46.000000	0.000 90.000 0.000
ttt_random_weapon	-1877.500000 3947.479980 -45.627102	0.000 90.000 0.000
ttt_random_weapon	-2526.090088 4162.209961 -45.627102	0.000 90.000 0.000
ttt_random_weapon	-2407.679932 4400.040039 -45.627102	0.000 90.000 0.000
ttt_random_weapon	-1902.800049 4361.100098 -45.627102	0.000 90.000 0.000
ttt_random_weapon	-1986.800049 4196.709961 -45.627102	0.000 90.000 0.000
ttt_random_weapon	-2336.330078 2904.679932 -45.627102	0.000 180.000 0.000
ttt_random_weapon	-1786.000000 2453.000000 -46.000000	0.000 90.000 0.000
ttt_random_weapon	-1956.239990 2482.840088 -45.627102	0.000 90.000 0.000
ttt_random_weapon	-1340.410034 3109.179932 -45.627102	0.000 90.000 0.000
ttt_random_weapon	-1360.369995 3033.350098 -45.627102	0.000 90.000 0.000
ttt_random_weapon	-1339.699951 2834.530029 -45.627102	0.000 90.000 0.000
ttt_random_weapon	-2463.219971 3667.060059 -45.627102	0.000 90.000 0.000
ttt_random_weapon	-1987.489990 2821.780029 -45.627102	0.000 90.000 0.000
ttt_random_weapon	-2357.000000 3541.000000 -245.000000	0.000 90.000 0.000
ttt_random_weapon	-2361.040039 2934.010010 -245.626999	0.000 90.000 0.000
ttt_random_weapon	-2365.000000 2864.000000 -246.000000	0.000 90.000 0.000
ttt_random_weapon	-2358.000000 2725.000000 -246.000000	0.000 90.000 0.000
ttt_random_weapon	-2723.000000 2693.000000 -246.000000	0.000 90.000 0.000
ttt_random_weapon	-2827.489990 2691.459961 -245.626999	0.000 90.000 0.000
ttt_random_weapon	-3000.000000 2695.000000 -246.000000	0.000 90.000 0.000
ttt_random_weapon	-3436.000000 2685.000000 -246.000000	0.000 90.000 0.000
ttt_random_weapon	-3607.000000 2746.000000 -246.000000	0.000 90.000 0.000
ttt_random_weapon	-3614.070068 3521.129883 -245.626999	0.000 90.000 0.000
ttt_random_weapon	-3612.600098 3621.649902 -245.626999	0.000 90.000 0.000
ttt_random_weapon	-3608.750000 3704.139893 -245.626999	0.000 90.000 0.000
ttt_random_weapon	-3162.419922 3813.800049 -245.626999	0.000 90.000 0.000
ttt_random_weapon	-3078.000000 3818.000000 -246.000000	0.000 90.000 0.000
ttt_random_weapon	-2549.000000 3815.000000 -246.000000	0.000 90.000 0.000
ttt_random_weapon	-2362.020020 3755.520020 -245.626999	0.000 90.000 0.000
ttt_random_weapon	-2573.860107 3340.909912 -245.626999	0.000 90.000 0.000
ttt_random_weapon	-2571.590088 3112.739990 -245.626999	0.000 90.000 0.000
ttt_random_weapon	-2652.610107 2900.949951 -245.626999	0.000 90.000 0.000
ttt_random_weapon	-2865.949951 2902.100098 -245.626999	0.000 90.000 0.000
ttt_random_weapon	-3100.290039 2902.659912 -245.626999	0.000 90.000 0.000
ttt_random_weapon	-3250.110107 2907.030029 -245.626999	0.000 90.000 0.000
ttt_random_weapon	-3396.040039 3002.659912 -245.626999	0.000 90.000 0.000
ttt_random_weapon	-3398.590088 3153.100098 -245.626999	0.000 90.000 0.000
ttt_random_weapon	-3396.790039 3387.479980 -245.626999	0.000 90.000 0.000
ttt_random_weapon	-3394.260010 3523.449951 -245.626999	0.000 90.000 0.000
ttt_random_weapon	-3197.459961 3605.629883 -245.626999	0.000 90.000 0.000
ttt_random_weapon	-2855.560059 3607.139893 -245.626999	0.000 90.000 0.000
ttt_random_weapon	-2568.000000 3563.000000 -245.626999	0.000 90.000 0.000
ttt_random_weapon	-2989.179932 2345.620117 -45.627102	0.000 0.000 0.000
ttt_random_weapon	-2795.090088 2170.120117 -45.627102	0.000 0.000 0.000
ttt_random_weapon	-2515.080078 2337.689941 -45.627102	0.000 0.000 0.000
ttt_random_weapon	-2019.699951 2215.229980 -45.627102	0.000 0.000 0.000
ttt_random_weapon	-2166.000000 2307.000000 157.000000	0.000 180.000 0.000
ttt_random_weapon	-2467.000000 3808.000000 -46.000000	0.000 90.000 0.000
ttt_random_weapon	-2699.000000 3751.000000 -46.000000	0.000 90.000 0.000
ttt_random_weapon	-2769.830078 3992.459961 -45.627102	0.000 90.000 0.000
ttt_random_weapon	-2832.870117 4163.459961 -45.627102	0.000 90.000 0.000
ttt_random_weapon	-2881.929932 3851.270020 -45.627102	0.000 90.000 0.000
ttt_random_weapon	-3007.120117 3842.790039 -45.627102	0.000 90.000 0.000
ttt_random_weapon	-3053.000000 4225.000000 -46.000000	0.000 90.000 0.000
ttt_random_weapon	-3175.000000 4184.000000 -46.000000	0.000 90.000 0.000
ttt_random_weapon	-2586.000000 3886.000000 -198.000000	0.000 90.000 0.000
ttt_random_weapon	-2797.000000 3888.000000 -227.000000	0.000 90.000 0.000
ttt_random_weapon	-2815.000000 4056.000000 -227.000000	0.000 90.000 0.000
ttt_random_weapon	-2526.000000 4119.000000 -227.000000	0.000 90.000 0.000
ttt_random_weapon	-4178.479980 2259.550049 156.373001	0.000 90.000 0.000
ttt_random_weapon	-4033.000000 1843.000000 156.000000	0.000 90.000 0.000
ttt_random_weapon	-4331.000000 1858.000000 156.000000	0.000 90.000 0.000
ttt_random_weapon	-1403.000000 3862.000000 -46.000000	0.000 90.000 0.000
ttt_random_weapon	-1751.000000 3732.000000 -46.000000	0.000 90.000 0.000
ttt_random_weapon	-1284.000000 3765.000000 -46.000000	0.000 90.000 0.000
ttt_random_weapon	-4204.000000 3212.000000 -45.000000	0.000 0.000 0.000
ttt_random_weapon	-2895.000000 1779.000000 -52.000000	0.000 90.000 0.000
ttt_random_weapon	-2989.729980 2173.699951 156.373001	0.000 180.000 0.000
ttt_random_weapon	-3333.699951 2192.550049 156.373001	0.000 180.000 0.000
ttt_random_weapon	-3719.620117 2151.189941 156.373001	0.000 180.000 0.000
ttt_random_weapon	-4314.379883 2178.709961 156.373001	0.000 180.000 0.000
ttt_random_weapon	-3777.000000 2353.000000 156.373001	0.000 180.000 0.000
ttt_random_weapon	-3466.219971 2360.550049 156.373001	0.000 180.000 0.000
ttt_random_weapon	-2958.489990 2363.110107 156.373001	0.000 180.000 0.000
ttt_random_weapon	-2466.899902 2353.949951 156.373001	0.000 180.000 0.000
ttt_random_weapon	-4396.560059 2684.379883 156.373001	0.000 180.000 0.000
ttt_random_weapon	-3964.739990 2697.510010 156.373001	0.000 180.000 0.000
ttt_random_weapon	-4033.540039 2995.879883 156.373001	0.000 180.000 0.000
ttt_random_weapon	-4336.370117 3040.929932 156.373001	0.000 180.000 0.000
ttt_random_weapon	-2979.280029 1723.349976 -247.626999	0.000 180.000 0.000
ttt_random_weapon	-3093.219971 2227.729980 -247.626999	0.000 180.000 0.000
ttt_random_weapon	-2812.969971 2236.260010 -247.626999	0.000 180.000 0.000
ttt_random_weapon	-2816.010010 1996.949951 -247.626999	0.000 180.000 0.000
ttt_random_weapon	-3069.300049 2005.589966 -247.626999	0.000 180.000 0.000
ttt_random_weapon	-1435.000000 3680.000000 -46.000000	0.000 90.000 0.000
ttt_random_weapon	-1515.000000 3665.000000 -46.000000	0.000 90.000 0.000
ttt_random_weapon	-3176.000000 1986.000000 -168.000000	0.000 180.000 0.000
ttt_random_weapon	-2702.000000 1986.000000 -166.000000	0.000 180.000 0.000
ttt_random_weapon	-1651.000000 3445.000000 -46.000000	0.000 90.000 0.000
weapon_ttt_m16	-4702.000000 3608.520020 84.769501	0.000 0.000 90.000
ttt_random_ammo	-2576.590088 3229.320068 -245.626999	0.000 90.000 0.000
ttt_random_ammo	-2573.969971 3042.560059 -254.998993	0.000 90.000 0.000
ttt_random_ammo	-2604.250000 2902.169922 -254.998993	0.000 90.000 0.000
ttt_random_ammo	-3041.169922 2905.739990 -254.998993	0.000 90.000 0.000
ttt_random_ammo	-3173.770020 2903.149902 -254.998993	0.000 90.000 0.000
ttt_random_ammo	-3389.090088 2910.030029 -254.998993	0.000 90.000 0.000
ttt_random_ammo	-3389.229980 3079.729980 -254.998993	0.000 90.000 0.000
ttt_random_ammo	-3395.000000 3202.669922 -254.998993	0.000 90.000 0.000
ttt_random_ammo	-3395.600098 3472.560059 -254.998993	0.000 90.000 0.000
ttt_random_ammo	-3396.929932 3435.969971 -254.998993	0.000 90.000 0.000
ttt_random_ammo	-3394.610107 3608.459961 -254.998993	0.000 90.000 0.000
ttt_random_ammo	-3261.139893 3611.360107 -254.998993	0.000 90.000 0.000
ttt_random_ammo	-3154.040039 3611.939941 -254.998993	0.000 90.000 0.000
ttt_random_ammo	-3056.040039 3605.239990 -254.998993	0.000 90.000 0.000
ttt_random_ammo	-2898.689941 3601.909912 -254.998993	0.000 90.000 0.000
ttt_random_ammo	-2719.149902 3608.949951 -254.998993	0.000 90.000 0.000
ttt_random_ammo	-2649.360107 3610.229980 -254.998993	0.000 90.000 0.000
ttt_random_ammo	-2601.389893 3604.260010 -254.998993	0.000 90.000 0.000
ttt_random_ammo	-2583.129883 3279.870117 -254.998993	0.000 90.000 0.000
ttt_random_ammo	-2359.199951 3357.739990 -254.998993	0.000 90.000 0.000
ttt_random_ammo	-2358.540039 2771.929932 -254.998993	0.000 90.000 0.000
ttt_random_ammo	-2469.790039 2692.239990 -254.998993	0.000 90.000 0.000
ttt_random_ammo	-2878.639893 2699.129883 -254.998993	0.000 90.000 0.000
ttt_random_ammo	-3251.159912 2709.100098 -254.998993	0.000 90.000 0.000
ttt_random_ammo	-3378.090088 2701.120117 -254.998993	0.000 90.000 0.000
ttt_random_ammo	-3604.800049 2781.979980 -254.998993	0.000 90.000 0.000
ttt_random_ammo	-3503.409912 2694.229980 -254.998993	0.000 90.000 0.000
ttt_random_ammo	-3593.340088 3038.929932 -254.998993	0.000 90.000 0.000
ttt_random_ammo	-3609.629883 3357.310059 -254.998993	0.000 90.000 0.000
ttt_random_ammo	-3606.919922 3575.689941 -254.998993	0.000 90.000 0.000
ttt_random_ammo	-3614.179932 3669.790039 -254.998993	0.000 90.000 0.000
ttt_random_ammo	-3557.300049 3800.560059 -254.998993	0.000 90.000 0.000
ttt_random_ammo	-3263.649902 3809.219971 -254.998993	0.000 90.000 0.000
ttt_random_ammo	-3115.860107 3811.610107 -254.998993	0.000 90.000 0.000
ttt_random_ammo	-2923.689941 3802.110107 -254.998993	0.000 90.000 0.000
ttt_random_ammo	-2762.389893 3797.409912 -254.998993	0.000 90.000 0.000
ttt_random_ammo	-2385.610107 3816.449951 -254.998993	0.000 90.000 0.000
ttt_random_ammo	-2368.199951 3677.000000 -254.998993	0.000 90.000 0.000
ttt_random_ammo	-2374.659912 3530.340088 -254.998993	0.000 90.000 0.000
ttt_random_ammo	-2692.000000 4128.000000 -236.000000	0.000 90.000 0.000
ttt_random_ammo	-2522.000000 3898.000000 -236.000000	0.000 90.000 0.000
ttt_random_ammo	-2756.000000 3922.000000 -236.000000	0.000 90.000 0.000
ttt_random_ammo	-3916.780029 2259.620117 147.001007	0.000 90.000 0.000
weapon_zm_rifle	-4703.000000 3651.000000 84.769501	0.000 0.000 90.000
weapon_ttt_glock	-4690.000000 3705.000000 84.733200	0.000 0.000 90.000
weapon_ttt_glock	-4705.000000 3705.000000 84.733200	0.000 0.000 90.000
weapon_zm_mac10	-4703.000000 3548.000000 84.769501	0.000 0.000 90.000
weapon_zm_shotgun	-2205.929932 4436.049805 -16.389900	0.000 180.000 90.000
weapon_zm_shotgun	-1707.000000 2970.000000 -25.194300	0.000 90.000 -90.000
weapon_zm_shotgun	-4702.000000 3514.520020 84.769501	0.000 0.000 90.000
weapon_zm_revolver	-4692.000000 3745.000000 84.769501	0.000 0.000 90.000
weapon_zm_revolver	-4710.000000 3745.000000 84.769501	0.000 0.000 90.000
