# Trouble in Terrorist Town weapon/ammo placement overrides
# For map: ttt_metropolis
# Exported by: dduudu
setting:	replacespawns 1
ttt_playerspawn	916.223145 -1369.638184 1416.529907	-0.068 -0.000 0.068
ttt_playerspawn	914.321167 -1233.258545 1416.535156	-0.063 -0.000 0.063
ttt_playerspawn	1650.044922 425.655945 1544.553223	-0.046 -0.000 0.045
ttt_playerspawn	1641.607788 310.213501 1544.531860	-0.066 -0.000 0.066
ttt_playerspawn	-54.152172 463.401611 1152.531982	-0.066 -0.000 0.066
ttt_playerspawn	139.633453 449.129028 1152.514771	-0.083 -0.000 0.083
ttt_playerspawn	-219.548813 543.148926 1280.513428	-0.085 0.000 -0.085
ttt_playerspawn	-105.054489 551.647461 1280.567871	-0.106 -0.554 -0.070
ttt_playerspawn	-265.858124 333.179749 1152.531006	-0.067 -0.000 0.067
ttt_playerspawn	916.394653 347.721893 1152.539795	-0.059 -0.000 0.059
ttt_playerspawn	769.997864 343.500793 1152.533081	-0.065 -0.000 0.065
ttt_playerspawn	842.410522 659.445129 1152.485718	-0.011 -0.000 0.011
ttt_playerspawn	1010.018311 -963.977173 1280.546387	-0.065 -0.000 0.065
ttt_playerspawn	736.342163 -846.536926 1280.544067	-0.068 -0.000 0.068
ttt_playerspawn	605.152832 -850.208191 1280.559692	-0.048 -0.000 0.049
ttt_playerspawn	-5.818357 -1432.442505 1664.534058	-0.064 -0.000 0.064
ttt_playerspawn	-138.589676 -1431.669922 1664.543213	-0.055 -0.000 0.055
ttt_playerspawn	53.631081 -1098.677490 1664.521973	-0.076 -0.000 0.076
ttt_playerspawn	-76.319443 -1100.270386 1664.544922	-0.054 -0.000 0.054
ttt_playerspawn	2456.634033 630.547241 1408.526611	-0.072 -0.000 0.072
ttt_playerspawn	2588.011963 904.563110 1408.532959	-0.066 -0.000 0.065
ttt_playerspawn	1466.853638 892.778320 1408.517212	-0.081 -0.000 0.081
ttt_playerspawn	1194.001709 893.752991 1408.550293	-0.048 -0.000 0.048
ttt_playerspawn	2940.737305 487.504913 1408.547974	-0.051 -0.000 0.050
ttt_playerspawn	3758.237061 627.845459 1408.546509	-0.052 -0.000 0.052
ttt_playerspawn	3763.421387 786.290527 1408.521973	-0.076 -0.000 0.076
ttt_playerspawn	4099.619141 326.829620 1664.531860	-0.067 -0.000 0.066
ttt_playerspawn	3898.075195 329.953094 1664.531860	-0.067 -0.000 0.066
ttt_playerspawn	4409.523926 -1680.356567 1664.532959	-0.066 -0.000 0.065
ttt_playerspawn	4404.690430 -1493.856445 1664.528687	-0.070 -0.000 0.069
ttt_playerspawn	4245.476563 -1594.183594 1664.537720	-0.061 -0.000 0.060
ttt_playerspawn	4234.929688 -1769.907837 1664.526611	-0.072 -0.000 0.071
ttt_playerspawn	4231.095215 -339.690765 1664.546265	-0.065 -0.000 0.065
ttt_playerspawn	4227.592285 -522.162170 1664.543945	-0.068 -0.000 0.068
ttt_playerspawn	2494.443848 -1671.019165 1536.518433	-0.080 -0.000 0.080
ttt_playerspawn	2231.445068 -1664.807617 1536.526733	-0.072 -0.000 0.072
ttt_playerspawn	2023.913452 -1113.592773 1536.518433	-0.080 -0.000 0.080
ttt_playerspawn	2025.149414 -1282.145142 1536.545044	-0.053 -0.000 0.053
ttt_playerspawn	1653.613281 -1373.350220 1280.540283	-0.072 -0.000 0.072
ttt_playerspawn	1656.163940 -1233.517700 1280.549438	-0.061 -0.000 0.061
item_box_buckshot_ttt	2767.239990 737.164978 1409.290039	0.000 0.000 0.000
item_box_buckshot_ttt	2787.840088 736.500000 1409.290039	0.000 0.000 0.000
item_box_buckshot_ttt	1448.000000 982.739014 1409.290039	0.000 0.000 0.000
item_box_buckshot_ttt	1196.489990 983.328979 1409.290039	0.000 0.000 0.000
item_box_buckshot_ttt	925.426025 980.434998 1409.290039	0.000 0.000 0.000
item_box_buckshot_ttt	955.943970 565.932007 1409.290039	0.000 0.000 0.000
item_box_buckshot_ttt	969.242981 212.320007 1153.290039	0.000 0.000 0.000
item_box_buckshot_ttt	694.148010 202.688995 1153.290039	0.000 0.000 0.000
item_box_buckshot_ttt	621.104980 542.729004 1185.290039	0.000 0.000 0.000
item_box_buckshot_ttt	627.255981 792.005981 1185.290039	0.000 0.000 0.000
item_box_buckshot_ttt	627.768005 989.026978 1185.290039	0.000 0.000 0.000
item_box_buckshot_ttt	696.700989 941.879028 1153.290039	0.000 0.000 0.000
item_box_buckshot_ttt	805.301025 561.799011 1153.290039	0.000 0.000 0.000
item_box_buckshot_ttt	995.250000 645.815979 1153.290039	0.000 0.000 0.000
item_box_buckshot_ttt	1119.760010 263.897003 1545.290039	0.000 0.000 0.000
item_box_buckshot_ttt	1213.500000 665.580017 1409.290039	0.000 0.000 0.000
item_box_buckshot_ttt	1859.540039 842.861023 1409.290039	0.000 0.000 0.000
item_box_buckshot_ttt	2478.659912 899.515991 1409.290039	0.000 0.000 0.000
item_box_buckshot_ttt	2281.439941 405.385010 1409.290039	0.000 0.000 0.000
item_box_buckshot_ttt	2856.770020 271.993988 1409.290039	0.000 0.000 0.000
item_box_buckshot_ttt	3407.100098 606.106995 1409.290039	0.000 0.000 0.000
item_box_buckshot_ttt	3918.030029 736.039978 1537.290039	0.000 0.000 0.000
item_box_buckshot_ttt	4151.080078 669.244995 1409.290039	0.000 0.000 0.000
item_box_buckshot_ttt	4017.939941 385.247009 1665.290039	0.000 0.000 0.000
item_box_buckshot_ttt	3578.919922 351.929993 1665.290039	0.000 0.000 0.000
item_box_buckshot_ttt	4158.109863 -355.485992 1665.290039	0.000 0.000 0.000
item_box_buckshot_ttt	4155.149902 -1140.939941 1665.290039	0.000 0.000 0.000
item_box_buckshot_ttt	4066.280029 -1481.150024 1665.290039	0.000 0.000 0.000
item_box_buckshot_ttt	3013.500000 -1634.170044 1537.290039	0.000 0.000 0.000
item_box_buckshot_ttt	2974.669922 -1116.569946 1537.290039	0.000 0.000 0.000
item_box_buckshot_ttt	2461.229980 -819.226990 1537.290039	0.000 0.000 0.000
item_box_buckshot_ttt	2365.330078 -679.458984 1537.290039	0.000 0.000 0.000
item_box_buckshot_ttt	2397.399902 -658.648987 1409.290039	0.000 0.000 0.000
item_box_buckshot_ttt	2410.469971 -670.706970 1281.290039	0.000 0.000 0.000
item_box_buckshot_ttt	1855.619995 -1221.739990 1537.290039	0.000 0.000 0.000
item_box_buckshot_ttt	1821.489990 -1538.890015 1409.290039	0.000 0.000 0.000
item_box_buckshot_ttt	1829.819946 -1245.630005 1281.290039	0.000 0.000 0.000
item_box_buckshot_ttt	1368.500000 -1243.579956 1417.290039	0.000 0.000 0.000
item_box_buckshot_ttt	1638.310059 -1030.290039 1281.290039	0.000 0.000 0.000
item_box_buckshot_ttt	1161.599976 -1075.349976 1281.290039	0.000 0.000 0.000
item_box_buckshot_ttt	1136.069946 -837.002991 1281.290039	0.000 0.000 0.000
item_box_buckshot_ttt	1278.680054 -1693.109985 1281.290039	0.000 0.000 0.000
item_box_buckshot_ttt	912.237000 -1641.290039 1281.290039	0.000 0.000 0.000
item_box_buckshot_ttt	620.135010 -1734.930054 1281.290039	0.000 0.000 0.000
item_box_buckshot_ttt	563.047974 -1607.410034 1487.290039	0.000 0.000 0.000
item_box_buckshot_ttt	241.639999 -1527.069946 1665.290039	0.000 0.000 0.000
item_box_buckshot_ttt	25.433500 -1278.439941 1665.290039	0.000 0.000 0.000
item_box_buckshot_ttt	-431.917999 -1520.280029 1665.290039	0.000 0.000 0.000
item_box_buckshot_ttt	-588.353027 -1435.619995 1545.290039	0.000 0.000 0.000
item_box_buckshot_ttt	-627.460022 -1637.680054 1545.290039	0.000 0.000 0.000
item_box_buckshot_ttt	-549.760986 -1012.150024 1545.290039	0.000 0.000 0.000
item_box_buckshot_ttt	-569.473022 -1013.760010 1545.290039	0.000 0.000 0.000
item_box_buckshot_ttt	-600.062988 -1015.840027 1545.290039	0.000 0.000 0.000
item_box_buckshot_ttt	-618.164001 -1018.609985 1545.290039	0.000 0.000 0.000
item_box_buckshot_ttt	-590.674988 -1266.829956 1409.290039	0.000 0.000 0.000
item_box_buckshot_ttt	-576.120972 -1240.849976 1281.290039	0.000 0.000 0.000
item_box_buckshot_ttt	-93.053398 -997.760986 1281.290039	0.000 0.000 0.000
item_box_buckshot_ttt	152.772995 698.148987 1153.290039	0.000 0.000 0.000
item_box_buckshot_ttt	165.348999 580.552979 1153.290039	0.000 0.000 0.000
item_box_buckshot_ttt	-128.330994 725.651001 1281.290039	0.000 0.000 0.000
item_box_buckshot_ttt	-373.298004 596.955017 1281.290039	0.000 0.000 0.000
item_box_buckshot_ttt	-367.704010 657.052002 1281.290039	0.000 0.000 0.000
item_box_buckshot_ttt	1257.640015 695.820007 1153.290039	0.000 0.000 0.000
item_box_buckshot_ttt	1242.739990 695.682983 1153.290039	0.000 0.000 0.000
item_box_buckshot_ttt	1229.520020 693.690002 1153.290039	0.000 0.000 0.000
item_box_buckshot_ttt	1256.479980 711.679016 1153.290039	0.000 0.000 0.000
item_box_buckshot_ttt	1242.479980 712.432983 1153.290039	0.000 0.000 0.000
item_box_buckshot_ttt	1227.619995 710.682007 1153.290039	0.000 0.000 0.000
item_box_buckshot_ttt	2767.239990 737.164978 1409.290039	0.000 0.000 0.000
item_box_buckshot_ttt	2787.840088 736.500000 1409.290039	0.000 0.000 0.000
item_box_buckshot_ttt	1448.000000 982.739014 1409.290039	0.000 0.000 0.000
item_box_buckshot_ttt	1196.489990 983.328979 1409.290039	0.000 0.000 0.000
item_box_buckshot_ttt	925.426025 980.434998 1409.290039	0.000 0.000 0.000
item_box_buckshot_ttt	955.943970 565.932007 1409.290039	0.000 0.000 0.000
item_box_buckshot_ttt	969.242981 212.320007 1153.290039	0.000 0.000 0.000
item_box_buckshot_ttt	694.148010 202.688995 1153.290039	0.000 0.000 0.000
item_box_buckshot_ttt	621.104980 542.729004 1185.290039	0.000 0.000 0.000
item_box_buckshot_ttt	627.255981 792.005981 1185.290039	0.000 0.000 0.000
item_box_buckshot_ttt	627.768005 989.026978 1185.290039	0.000 0.000 0.000
item_box_buckshot_ttt	696.700989 941.879028 1153.290039	0.000 0.000 0.000
item_box_buckshot_ttt	805.301025 561.799011 1153.290039	0.000 0.000 0.000
item_box_buckshot_ttt	995.250000 645.815979 1153.290039	0.000 0.000 0.000
item_box_buckshot_ttt	1119.760010 263.897003 1545.290039	0.000 0.000 0.000
item_box_buckshot_ttt	1213.500000 665.580017 1409.290039	0.000 0.000 0.000
item_box_buckshot_ttt	1859.540039 842.861023 1409.290039	0.000 0.000 0.000
item_box_buckshot_ttt	2478.659912 899.515991 1409.290039	0.000 0.000 0.000
item_box_buckshot_ttt	2281.439941 405.385010 1409.290039	0.000 0.000 0.000
item_box_buckshot_ttt	2856.770020 271.993988 1409.290039	0.000 0.000 0.000
item_box_buckshot_ttt	3407.100098 606.106995 1409.290039	0.000 0.000 0.000
item_box_buckshot_ttt	3918.030029 736.039978 1537.290039	0.000 0.000 0.000
item_box_buckshot_ttt	4151.080078 669.244995 1409.290039	0.000 0.000 0.000
item_box_buckshot_ttt	4017.939941 385.247009 1665.290039	0.000 0.000 0.000
item_box_buckshot_ttt	3578.919922 351.929993 1665.290039	0.000 0.000 0.000
item_box_buckshot_ttt	4158.109863 -355.485992 1665.290039	0.000 0.000 0.000
item_box_buckshot_ttt	4155.149902 -1140.939941 1665.290039	0.000 0.000 0.000
item_box_buckshot_ttt	4066.280029 -1481.150024 1665.290039	0.000 0.000 0.000
item_box_buckshot_ttt	3013.500000 -1634.170044 1537.290039	0.000 0.000 0.000
item_box_buckshot_ttt	2974.669922 -1116.569946 1537.290039	0.000 0.000 0.000
item_box_buckshot_ttt	2461.229980 -819.226990 1537.290039	0.000 0.000 0.000
item_box_buckshot_ttt	2365.330078 -679.458984 1537.290039	0.000 0.000 0.000
item_box_buckshot_ttt	2397.399902 -658.648987 1409.290039	0.000 0.000 0.000
item_box_buckshot_ttt	2410.469971 -670.706970 1281.290039	0.000 0.000 0.000
item_box_buckshot_ttt	1855.619995 -1221.739990 1537.290039	0.000 0.000 0.000
item_box_buckshot_ttt	1821.489990 -1538.890015 1409.290039	0.000 0.000 0.000
item_box_buckshot_ttt	1829.819946 -1245.630005 1281.290039	0.000 0.000 0.000
item_box_buckshot_ttt	1368.500000 -1243.579956 1417.290039	0.000 0.000 0.000
item_box_buckshot_ttt	1638.310059 -1030.290039 1281.290039	0.000 0.000 0.000
item_box_buckshot_ttt	1161.599976 -1075.349976 1281.290039	0.000 0.000 0.000
item_box_buckshot_ttt	1136.069946 -837.002991 1281.290039	0.000 0.000 0.000
item_box_buckshot_ttt	1278.680054 -1693.109985 1281.290039	0.000 0.000 0.000
item_box_buckshot_ttt	912.237000 -1641.290039 1281.290039	0.000 0.000 0.000
item_box_buckshot_ttt	620.135010 -1734.930054 1281.290039	0.000 0.000 0.000
item_box_buckshot_ttt	563.047974 -1607.410034 1487.290039	0.000 0.000 0.000
item_box_buckshot_ttt	241.639999 -1527.069946 1665.290039	0.000 0.000 0.000
item_box_buckshot_ttt	25.433500 -1278.439941 1665.290039	0.000 0.000 0.000
item_box_buckshot_ttt	-431.917999 -1520.280029 1665.290039	0.000 0.000 0.000
item_box_buckshot_ttt	-588.353027 -1435.619995 1545.290039	0.000 0.000 0.000
item_box_buckshot_ttt	-627.460022 -1637.680054 1545.290039	0.000 0.000 0.000
item_box_buckshot_ttt	-549.760986 -1012.150024 1545.290039	0.000 0.000 0.000
item_box_buckshot_ttt	-569.473022 -1013.760010 1545.290039	0.000 0.000 0.000
item_box_buckshot_ttt	-600.062988 -1015.840027 1545.290039	0.000 0.000 0.000
item_box_buckshot_ttt	-618.164001 -1018.609985 1545.290039	0.000 0.000 0.000
item_box_buckshot_ttt	-590.674988 -1266.829956 1409.290039	0.000 0.000 0.000
item_box_buckshot_ttt	-576.120972 -1240.849976 1281.290039	0.000 0.000 0.000
item_box_buckshot_ttt	-93.053398 -997.760986 1281.290039	0.000 0.000 0.000
item_box_buckshot_ttt	152.772995 698.148987 1153.290039	0.000 0.000 0.000
item_box_buckshot_ttt	165.348999 580.552979 1153.290039	0.000 0.000 0.000
item_box_buckshot_ttt	-128.330994 725.651001 1281.290039	0.000 0.000 0.000
item_box_buckshot_ttt	-373.298004 596.955017 1281.290039	0.000 0.000 0.000
item_box_buckshot_ttt	-367.704010 657.052002 1281.290039	0.000 0.000 0.000
item_box_buckshot_ttt	1257.640015 695.820007 1153.290039	0.000 0.000 0.000
item_box_buckshot_ttt	1242.739990 695.682983 1153.290039	0.000 0.000 0.000
item_box_buckshot_ttt	1229.520020 693.690002 1153.290039	0.000 0.000 0.000
item_box_buckshot_ttt	1256.479980 711.679016 1153.290039	0.000 0.000 0.000
item_box_buckshot_ttt	1242.479980 712.432983 1153.290039	0.000 0.000 0.000
item_box_buckshot_ttt	1227.619995 710.682007 1153.290039	0.000 0.000 0.000
weapon_ttt_smokegrenade	3520.030029 642.383972 1413.729980	0.000 0.000 0.000
weapon_ttt_smokegrenade	3547.760010 461.951996 1669.729980	0.000 0.000 0.000
weapon_ttt_smokegrenade	4260.580078 -448.490997 1669.729980	0.000 0.000 0.000
weapon_ttt_smokegrenade	4317.439941 -1395.300049 1669.729980	0.000 0.000 0.000
weapon_ttt_smokegrenade	2975.570068 -945.460022 1541.729980	0.000 0.000 0.000
weapon_ttt_smokegrenade	2267.219971 -900.607971 1541.729980	0.000 0.000 0.000
weapon_ttt_smokegrenade	977.867981 -1064.689941 1285.729980	0.000 0.000 0.000
weapon_ttt_smokegrenade	-167.645004 -934.893005 1289.729980	0.000 0.000 0.000
weapon_ttt_smokegrenade	76.412201 -935.270996 1289.729980	0.000 0.000 0.000
weapon_ttt_smokegrenade	-631.296997 -934.804993 1285.729980	0.000 0.000 0.000
weapon_ttt_smokegrenade	-641.781982 -991.327026 1285.729980	0.000 0.000 0.000
weapon_ttt_smokegrenade	-631.184998 -1091.349976 1413.729980	0.000 0.000 0.000
weapon_ttt_smokegrenade	-636.434021 -1044.250000 1413.729980	0.000 0.000 0.000
weapon_ttt_smokegrenade	-625.258972 -1497.459961 1549.729980	0.000 0.000 0.000
weapon_ttt_smokegrenade	-623.593018 -1461.630005 1549.729980	0.000 0.000 0.000
weapon_ttt_smokegrenade	-316.356995 -1352.310059 1669.729980	0.000 0.000 0.000
weapon_ttt_smokegrenade	-265.954987 706.593994 1285.729980	0.000 0.000 0.000
weapon_ttt_smokegrenade	-150.087997 371.613007 1157.729980	0.000 0.000 0.000
weapon_ttt_smokegrenade	3520.030029 642.383972 1413.729980	0.000 0.000 0.000
weapon_ttt_smokegrenade	3547.760010 461.951996 1669.729980	0.000 0.000 0.000
weapon_ttt_smokegrenade	4260.580078 -448.490997 1669.729980	0.000 0.000 0.000
weapon_ttt_smokegrenade	4317.439941 -1395.300049 1669.729980	0.000 0.000 0.000
weapon_ttt_smokegrenade	2975.570068 -945.460022 1541.729980	0.000 0.000 0.000
weapon_ttt_smokegrenade	2267.219971 -900.607971 1541.729980	0.000 0.000 0.000
weapon_ttt_smokegrenade	977.867981 -1064.689941 1285.729980	0.000 0.000 0.000
weapon_ttt_smokegrenade	-167.645004 -934.893005 1289.729980	0.000 0.000 0.000
weapon_ttt_smokegrenade	76.412201 -935.270996 1289.729980	0.000 0.000 0.000
weapon_ttt_smokegrenade	-631.296997 -934.804993 1285.729980	0.000 0.000 0.000
weapon_ttt_smokegrenade	-641.781982 -991.327026 1285.729980	0.000 0.000 0.000
weapon_ttt_smokegrenade	-631.184998 -1091.349976 1413.729980	0.000 0.000 0.000
weapon_ttt_smokegrenade	-636.434021 -1044.250000 1413.729980	0.000 0.000 0.000
weapon_ttt_smokegrenade	-625.258972 -1497.459961 1549.729980	0.000 0.000 0.000
weapon_ttt_smokegrenade	-623.593018 -1461.630005 1549.729980	0.000 0.000 0.000
weapon_ttt_smokegrenade	-316.356995 -1352.310059 1669.729980	0.000 0.000 0.000
weapon_ttt_smokegrenade	-265.954987 706.593994 1285.729980	0.000 0.000 0.000
weapon_ttt_smokegrenade	-150.087997 371.613007 1157.729980	0.000 0.000 0.000
item_ammo_357_ttt	-132.576996 -1574.150024 1793.280029	0.000 0.000 0.000
item_ammo_357_ttt	-111.183998 -1623.319946 1793.280029	0.000 0.000 0.000
item_ammo_357_ttt	812.036011 701.270996 1153.280029	0.000 0.000 0.000
item_ammo_357_ttt	782.067017 966.682007 1153.280029	0.000 0.000 0.000
item_ammo_357_ttt	791.799988 967.677002 1153.280029	0.000 0.000 0.000
item_ammo_357_ttt	1056.530029 406.647003 1281.280029	0.000 0.000 0.000
item_ammo_357_ttt	1057.170044 429.438995 1281.280029	0.000 0.000 0.000
item_ammo_357_ttt	1056.829956 448.665985 1281.280029	0.000 0.000 0.000
item_ammo_357_ttt	1193.650024 293.205994 1281.280029	0.000 0.000 0.000
item_ammo_357_ttt	1328.109985 248.584000 1281.280029	0.000 0.000 0.000
item_ammo_357_ttt	1771.619995 110.802002 1297.280029	0.000 0.000 0.000
item_ammo_357_ttt	2010.709961 -708.054016 1153.280029	0.000 0.000 0.000
item_ammo_357_ttt	2008.449951 -677.335022 1281.280029	0.000 0.000 0.000
item_ammo_357_ttt	2025.020020 -696.463013 1409.280029	0.000 0.000 0.000
item_ammo_357_ttt	2020.500000 -689.716003 1537.280029	0.000 0.000 0.000
item_ammo_357_ttt	1255.790039 -939.880005 1281.280029	0.000 0.000 0.000
item_ammo_357_ttt	1297.739990 -1625.380005 1281.280029	0.000 0.000 0.000
item_ammo_357_ttt	543.127991 -1461.849976 1487.280029	0.000 0.000 0.000
item_ammo_357_ttt	241.113007 -1389.109985 1665.280029	0.000 0.000 0.000
item_ammo_357_ttt	-539.604004 -971.648987 1281.280029	0.000 0.000 0.000
item_ammo_357_ttt	2232.810059 -838.518982 1537.280029	0.000 0.000 0.000
item_ammo_357_ttt	2737.520020 -1667.380005 1537.280029	0.000 0.000 0.000
item_ammo_357_ttt	4133.689941 -1630.410034 1665.280029	0.000 0.000 0.000
item_ammo_357_ttt	4160.229980 -523.359985 1665.280029	0.000 0.000 0.000
item_ammo_357_ttt	3649.000000 295.312988 1665.280029	0.000 0.000 0.000
item_ammo_357_ttt	3891.840088 797.380005 1537.280029	0.000 0.000 0.000
item_ammo_357_ttt	4114.049805 708.481995 1409.280029	0.000 0.000 0.000
item_ammo_357_ttt	3453.310059 782.801025 1409.280029	0.000 0.000 0.000
item_ammo_357_ttt	2863.590088 862.245972 1409.280029	0.000 0.000 0.000
item_ammo_357_ttt	1510.660034 677.400024 1409.280029	0.000 0.000 0.000
item_ammo_357_ttt	1255.010010 759.413025 1153.280029	0.000 0.000 0.000
item_ammo_357_ttt	1244.859985 760.528015 1153.280029	0.000 0.000 0.000
item_ammo_357_ttt	1228.920044 762.835022 1153.280029	0.000 0.000 0.000
item_ammo_357_ttt	1255.780029 780.677002 1153.280029	0.000 0.000 0.000
item_ammo_357_ttt	1244.260010 780.986023 1153.280029	0.000 0.000 0.000
item_ammo_357_ttt	1228.989990 783.291992 1153.280029	0.000 0.000 0.000
item_ammo_357_ttt	-132.576996 -1574.150024 1793.280029	0.000 0.000 0.000
item_ammo_357_ttt	-111.183998 -1623.319946 1793.280029	0.000 0.000 0.000
item_ammo_357_ttt	812.036011 701.270996 1153.280029	0.000 0.000 0.000
item_ammo_357_ttt	782.067017 966.682007 1153.280029	0.000 0.000 0.000
item_ammo_357_ttt	791.799988 967.677002 1153.280029	0.000 0.000 0.000
item_ammo_357_ttt	1056.530029 406.647003 1281.280029	0.000 0.000 0.000
item_ammo_357_ttt	1057.170044 429.438995 1281.280029	0.000 0.000 0.000
item_ammo_357_ttt	1056.829956 448.665985 1281.280029	0.000 0.000 0.000
item_ammo_357_ttt	1193.650024 293.205994 1281.280029	0.000 0.000 0.000
item_ammo_357_ttt	1328.109985 248.584000 1281.280029	0.000 0.000 0.000
item_ammo_357_ttt	1771.619995 110.802002 1297.280029	0.000 0.000 0.000
item_ammo_357_ttt	2010.709961 -708.054016 1153.280029	0.000 0.000 0.000
item_ammo_357_ttt	2008.449951 -677.335022 1281.280029	0.000 0.000 0.000
item_ammo_357_ttt	2025.020020 -696.463013 1409.280029	0.000 0.000 0.000
item_ammo_357_ttt	2020.500000 -689.716003 1537.280029	0.000 0.000 0.000
item_ammo_357_ttt	1255.790039 -939.880005 1281.280029	0.000 0.000 0.000
item_ammo_357_ttt	1297.739990 -1625.380005 1281.280029	0.000 0.000 0.000
item_ammo_357_ttt	543.127991 -1461.849976 1487.280029	0.000 0.000 0.000
item_ammo_357_ttt	241.113007 -1389.109985 1665.280029	0.000 0.000 0.000
item_ammo_357_ttt	-539.604004 -971.648987 1281.280029	0.000 0.000 0.000
item_ammo_357_ttt	2232.810059 -838.518982 1537.280029	0.000 0.000 0.000
item_ammo_357_ttt	2737.520020 -1667.380005 1537.280029	0.000 0.000 0.000
item_ammo_357_ttt	4133.689941 -1630.410034 1665.280029	0.000 0.000 0.000
item_ammo_357_ttt	4160.229980 -523.359985 1665.280029	0.000 0.000 0.000
item_ammo_357_ttt	3649.000000 295.312988 1665.280029	0.000 0.000 0.000
item_ammo_357_ttt	3891.840088 797.380005 1537.280029	0.000 0.000 0.000
item_ammo_357_ttt	4114.049805 708.481995 1409.280029	0.000 0.000 0.000
item_ammo_357_ttt	3453.310059 782.801025 1409.280029	0.000 0.000 0.000
item_ammo_357_ttt	2863.590088 862.245972 1409.280029	0.000 0.000 0.000
item_ammo_357_ttt	1510.660034 677.400024 1409.280029	0.000 0.000 0.000
item_ammo_357_ttt	1255.010010 759.413025 1153.280029	0.000 0.000 0.000
item_ammo_357_ttt	1244.859985 760.528015 1153.280029	0.000 0.000 0.000
item_ammo_357_ttt	1228.920044 762.835022 1153.280029	0.000 0.000 0.000
item_ammo_357_ttt	1255.780029 780.677002 1153.280029	0.000 0.000 0.000
item_ammo_357_ttt	1244.260010 780.986023 1153.280029	0.000 0.000 0.000
item_ammo_357_ttt	1228.989990 783.291992 1153.280029	0.000 0.000 0.000
item_ammo_revolver_ttt	2591.770020 801.513977 1409.280029	0.000 0.000 0.000
item_ammo_revolver_ttt	2580.949951 541.262024 1409.280029	0.000 0.000 0.000
item_ammo_revolver_ttt	2672.159912 497.282990 1265.280029	0.000 0.000 0.000
item_ammo_revolver_ttt	2670.709961 156.227005 1265.280029	0.000 0.000 0.000
item_ammo_revolver_ttt	2209.290039 293.891998 1304.280029	0.000 0.000 0.000
item_ammo_revolver_ttt	2290.010010 349.373993 1265.280029	0.000 0.000 0.000
item_ammo_revolver_ttt	2321.550049 111.565002 1145.280029	0.000 0.000 0.000
item_ammo_revolver_ttt	2367.310059 -721.521973 1153.280029	0.000 0.000 0.000
item_ammo_revolver_ttt	2841.080078 -734.843994 1281.280029	0.000 0.000 0.000
item_ammo_revolver_ttt	2826.179932 -668.039001 1537.280029	0.000 0.000 0.000
item_ammo_revolver_ttt	2538.620117 -975.245972 1537.280029	0.000 0.000 0.000
item_ammo_revolver_ttt	2749.340088 -1564.729980 1537.280029	0.000 0.000 0.000
item_ammo_revolver_ttt	4013.969971 -1061.339966 1665.280029	0.000 0.000 0.000
item_ammo_revolver_ttt	4012.159912 -1100.609985 1665.280029	0.000 0.000 0.000
item_ammo_revolver_ttt	4013.229980 -1140.530029 1665.280029	0.000 0.000 0.000
item_ammo_revolver_ttt	4454.839844 -677.231995 1665.280029	0.000 0.000 0.000
item_ammo_revolver_ttt	4460.009766 -701.155029 1665.280029	0.000 0.000 0.000
item_ammo_revolver_ttt	4187.859863 418.183014 1665.280029	0.000 0.000 0.000
item_ammo_revolver_ttt	4189.350098 252.169998 1665.280029	0.000 0.000 0.000
item_ammo_revolver_ttt	4008.389893 545.502991 1409.280029	0.000 0.000 0.000
item_ammo_revolver_ttt	4074.260010 561.153992 1409.280029	0.000 0.000 0.000
item_ammo_revolver_ttt	4176.169922 550.309998 1409.280029	0.000 0.000 0.000
item_ammo_revolver_ttt	3881.080078 710.309998 1537.280029	0.000 0.000 0.000
item_ammo_revolver_ttt	3566.310059 579.956970 1409.280029	0.000 0.000 0.000
item_ammo_revolver_ttt	2966.360107 785.880981 1409.280029	0.000 0.000 0.000
item_ammo_revolver_ttt	2584.600098 280.018005 1409.280029	0.000 0.000 0.000
item_ammo_revolver_ttt	2350.149902 569.642029 1409.280029	0.000 0.000 0.000
item_ammo_revolver_ttt	1989.680054 808.239990 1409.280029	0.000 0.000 0.000
item_ammo_revolver_ttt	1706.709961 935.755005 1409.280029	0.000 0.000 0.000
item_ammo_revolver_ttt	832.054016 599.953003 1409.280029	0.000 0.000 0.000
item_ammo_revolver_ttt	1210.910034 459.830994 1281.280029	0.000 0.000 0.000
item_ammo_revolver_ttt	1107.160034 228.005997 1281.280029	0.000 0.000 0.000
item_ammo_revolver_ttt	1460.010010 315.089996 1281.280029	0.000 0.000 0.000
item_ammo_revolver_ttt	1707.420044 450.575012 1409.280029	0.000 0.000 0.000
item_ammo_revolver_ttt	53.476398 369.029999 1153.280029	0.000 0.000 0.000
item_ammo_revolver_ttt	-298.075012 751.508972 1281.280029	0.000 0.000 0.000
item_ammo_revolver_ttt	2591.770020 801.513977 1409.280029	0.000 0.000 0.000
item_ammo_revolver_ttt	2580.949951 541.262024 1409.280029	0.000 0.000 0.000
item_ammo_revolver_ttt	2672.159912 497.282990 1265.280029	0.000 0.000 0.000
item_ammo_revolver_ttt	2670.709961 156.227005 1265.280029	0.000 0.000 0.000
item_ammo_revolver_ttt	2209.290039 293.891998 1304.280029	0.000 0.000 0.000
item_ammo_revolver_ttt	2290.010010 349.373993 1265.280029	0.000 0.000 0.000
item_ammo_revolver_ttt	2321.550049 111.565002 1145.280029	0.000 0.000 0.000
item_ammo_revolver_ttt	2367.310059 -721.521973 1153.280029	0.000 0.000 0.000
item_ammo_revolver_ttt	2841.080078 -734.843994 1281.280029	0.000 0.000 0.000
item_ammo_revolver_ttt	2826.179932 -668.039001 1537.280029	0.000 0.000 0.000
item_ammo_revolver_ttt	2538.620117 -975.245972 1537.280029	0.000 0.000 0.000
item_ammo_revolver_ttt	2749.340088 -1564.729980 1537.280029	0.000 0.000 0.000
item_ammo_revolver_ttt	4013.969971 -1061.339966 1665.280029	0.000 0.000 0.000
item_ammo_revolver_ttt	4012.159912 -1100.609985 1665.280029	0.000 0.000 0.000
item_ammo_revolver_ttt	4013.229980 -1140.530029 1665.280029	0.000 0.000 0.000
item_ammo_revolver_ttt	4454.839844 -677.231995 1665.280029	0.000 0.000 0.000
item_ammo_revolver_ttt	4460.009766 -701.155029 1665.280029	0.000 0.000 0.000
item_ammo_revolver_ttt	4187.859863 418.183014 1665.280029	0.000 0.000 0.000
item_ammo_revolver_ttt	4189.350098 252.169998 1665.280029	0.000 0.000 0.000
item_ammo_revolver_ttt	4008.389893 545.502991 1409.280029	0.000 0.000 0.000
item_ammo_revolver_ttt	4074.260010 561.153992 1409.280029	0.000 0.000 0.000
item_ammo_revolver_ttt	4176.169922 550.309998 1409.280029	0.000 0.000 0.000
item_ammo_revolver_ttt	3881.080078 710.309998 1537.280029	0.000 0.000 0.000
item_ammo_revolver_ttt	3566.310059 579.956970 1409.280029	0.000 0.000 0.000
item_ammo_revolver_ttt	2966.360107 785.880981 1409.280029	0.000 0.000 0.000
item_ammo_revolver_ttt	2584.600098 280.018005 1409.280029	0.000 0.000 0.000
item_ammo_revolver_ttt	2350.149902 569.642029 1409.280029	0.000 0.000 0.000
item_ammo_revolver_ttt	1989.680054 808.239990 1409.280029	0.000 0.000 0.000
item_ammo_revolver_ttt	1706.709961 935.755005 1409.280029	0.000 0.000 0.000
item_ammo_revolver_ttt	832.054016 599.953003 1409.280029	0.000 0.000 0.000
item_ammo_revolver_ttt	1210.910034 459.830994 1281.280029	0.000 0.000 0.000
item_ammo_revolver_ttt	1107.160034 228.005997 1281.280029	0.000 0.000 0.000
item_ammo_revolver_ttt	1460.010010 315.089996 1281.280029	0.000 0.000 0.000
item_ammo_revolver_ttt	1707.420044 450.575012 1409.280029	0.000 0.000 0.000
item_ammo_revolver_ttt	53.476398 369.029999 1153.280029	0.000 0.000 0.000
item_ammo_revolver_ttt	-298.075012 751.508972 1281.280029	0.000 0.000 0.000
item_ammo_smg1_ttt	1054.829956 321.333008 1281.339966	0.000 0.000 0.000
item_ammo_smg1_ttt	1064.719971 320.565002 1281.339966	0.000 0.000 0.000
item_ammo_smg1_ttt	1060.540039 341.588013 1281.339966	0.000 0.000 0.000
item_ammo_smg1_ttt	1191.349976 -908.591003 1281.339966	0.000 0.000 0.000
item_ammo_smg1_ttt	598.213989 -1524.880005 1487.339966	0.000 0.000 0.000
item_ammo_smg1_ttt	584.765991 -1527.189941 1487.339966	0.000 0.000 0.000
item_ammo_smg1_ttt	568.193970 -1523.780029 1487.339966	0.000 0.000 0.000
item_ammo_smg1_ttt	824.973999 -1477.930054 1417.339966	0.000 0.000 0.000
item_ammo_smg1_ttt	1494.819946 -1490.989990 1417.339966	0.000 0.000 0.000
item_ammo_smg1_ttt	1725.979980 -1722.540039 1281.339966	0.000 0.000 0.000
item_ammo_smg1_ttt	1853.560059 -1692.900024 1409.339966	0.000 0.000 0.000
item_ammo_smg1_ttt	1861.569946 -1717.739990 1281.339966	0.000 0.000 0.000
item_ammo_smg1_ttt	1830.209961 -1718.969971 1537.339966	0.000 0.000 0.000
item_ammo_smg1_ttt	1854.790039 -1752.250000 1153.339966	0.000 0.000 0.000
item_ammo_smg1_ttt	1894.300049 -1675.439941 1153.339966	0.000 0.000 0.000
item_ammo_smg1_ttt	1844.560059 -1681.180054 1153.339966	0.000 0.000 0.000
item_ammo_smg1_ttt	2103.719971 -693.427979 1153.339966	0.000 0.000 0.000
item_ammo_smg1_ttt	2088.629883 -682.849976 1281.339966	0.000 0.000 0.000
item_ammo_smg1_ttt	2379.659912 -232.061005 1145.339966	0.000 0.000 0.000
item_ammo_smg1_ttt	2752.340088 -838.317993 1537.339966	0.000 0.000 0.000
item_ammo_smg1_ttt	4239.799805 -1427.260010 1665.339966	0.000 0.000 0.000
item_ammo_smg1_ttt	4093.070068 -1871.339966 1665.339966	0.000 0.000 0.000
item_ammo_smg1_ttt	4102.879883 -1187.489990 1665.339966	0.000 0.000 0.000
item_ammo_smg1_ttt	4217.669922 -684.437012 1665.339966	0.000 0.000 0.000
item_ammo_smg1_ttt	4288.950195 -584.403015 1665.339966	0.000 0.000 0.000
item_ammo_smg1_ttt	3682.340088 389.303986 1665.339966	0.000 0.000 0.000
item_ammo_smg1_ttt	3810.750000 259.816010 1665.339966	0.000 0.000 0.000
item_ammo_smg1_ttt	3931.120117 621.681030 1537.339966	0.000 0.000 0.000
item_ammo_smg1_ttt	4012.760010 600.138000 1409.339966	0.000 0.000 0.000
item_ammo_smg1_ttt	4014.689941 643.877991 1409.339966	0.000 0.000 0.000
item_ammo_smg1_ttt	2978.909912 854.330017 1409.339966	0.000 0.000 0.000
item_ammo_smg1_ttt	2939.739990 685.520020 1409.339966	0.000 0.000 0.000
item_ammo_smg1_ttt	2684.270020 314.184998 1409.339966	0.000 0.000 0.000
item_ammo_smg1_ttt	2742.739990 307.033997 1409.339966	0.000 0.000 0.000
item_ammo_smg1_ttt	1301.430054 681.158020 1409.339966	0.000 0.000 0.000
item_ammo_smg1_ttt	774.559998 680.190979 1409.339966	0.000 0.000 0.000
item_ammo_smg1_ttt	-140.628006 760.672974 1281.339966	0.000 0.000 0.000
item_ammo_smg1_ttt	-167.934998 336.079010 1153.339966	0.000 0.000 0.000
item_ammo_smg1_ttt	770.362000 120.643997 1185.339966	0.000 0.000 0.000
item_ammo_smg1_ttt	195.998993 -1222.900024 1665.339966	0.000 0.000 0.000
item_ammo_smg1_ttt	-81.132401 -1245.989990 1665.339966	0.000 0.000 0.000
item_ammo_smg1_ttt	-404.420990 -968.734009 1281.339966	0.000 0.000 0.000
item_ammo_smg1_ttt	-451.438995 -965.932983 1281.339966	0.000 0.000 0.000
item_ammo_smg1_ttt	316.821014 -957.512024 1281.339966	0.000 0.000 0.000
item_ammo_smg1_ttt	2281.290039 227.600006 1265.339966	0.000 0.000 0.000
item_ammo_smg1_ttt	2622.699951 274.595001 1265.339966	0.000 0.000 0.000
item_ammo_smg1_ttt	2721.820068 492.834015 1409.339966	0.000 0.000 0.000
item_ammo_smg1_ttt	1258.569946 606.132019 1153.339966	0.000 0.000 0.000
item_ammo_smg1_ttt	1256.910034 632.463989 1153.339966	0.000 0.000 0.000
item_ammo_smg1_ttt	1255.550049 654.867981 1153.339966	0.000 0.000 0.000
item_ammo_smg1_ttt	1237.349976 598.804016 1153.339966	0.000 0.000 0.000
item_ammo_smg1_ttt	1237.469971 615.263977 1153.339966	0.000 0.000 0.000
item_ammo_smg1_ttt	1237.280029 643.148010 1153.339966	0.000 0.000 0.000
item_ammo_smg1_ttt	1237.329956 659.567993 1153.339966	0.000 0.000 0.000
item_ammo_smg1_ttt	1054.829956 321.333008 1281.339966	0.000 0.000 0.000
item_ammo_smg1_ttt	1064.719971 320.565002 1281.339966	0.000 0.000 0.000
item_ammo_smg1_ttt	1060.540039 341.588013 1281.339966	0.000 0.000 0.000
item_ammo_smg1_ttt	1191.349976 -908.591003 1281.339966	0.000 0.000 0.000
item_ammo_smg1_ttt	598.213989 -1524.880005 1487.339966	0.000 0.000 0.000
item_ammo_smg1_ttt	584.765991 -1527.189941 1487.339966	0.000 0.000 0.000
item_ammo_smg1_ttt	568.193970 -1523.780029 1487.339966	0.000 0.000 0.000
item_ammo_smg1_ttt	824.973999 -1477.930054 1417.339966	0.000 0.000 0.000
item_ammo_smg1_ttt	1494.819946 -1490.989990 1417.339966	0.000 0.000 0.000
item_ammo_smg1_ttt	1725.979980 -1722.540039 1281.339966	0.000 0.000 0.000
item_ammo_smg1_ttt	1853.560059 -1692.900024 1409.339966	0.000 0.000 0.000
item_ammo_smg1_ttt	1861.569946 -1717.739990 1281.339966	0.000 0.000 0.000
item_ammo_smg1_ttt	1830.209961 -1718.969971 1537.339966	0.000 0.000 0.000
item_ammo_smg1_ttt	1854.790039 -1752.250000 1153.339966	0.000 0.000 0.000
item_ammo_smg1_ttt	1894.300049 -1675.439941 1153.339966	0.000 0.000 0.000
item_ammo_smg1_ttt	1844.560059 -1681.180054 1153.339966	0.000 0.000 0.000
item_ammo_smg1_ttt	2103.719971 -693.427979 1153.339966	0.000 0.000 0.000
item_ammo_smg1_ttt	2088.629883 -682.849976 1281.339966	0.000 0.000 0.000
item_ammo_smg1_ttt	2379.659912 -232.061005 1145.339966	0.000 0.000 0.000
item_ammo_smg1_ttt	2752.340088 -838.317993 1537.339966	0.000 0.000 0.000
item_ammo_smg1_ttt	4239.799805 -1427.260010 1665.339966	0.000 0.000 0.000
item_ammo_smg1_ttt	4093.070068 -1871.339966 1665.339966	0.000 0.000 0.000
item_ammo_smg1_ttt	4102.879883 -1187.489990 1665.339966	0.000 0.000 0.000
item_ammo_smg1_ttt	4217.669922 -684.437012 1665.339966	0.000 0.000 0.000
item_ammo_smg1_ttt	4288.950195 -584.403015 1665.339966	0.000 0.000 0.000
item_ammo_smg1_ttt	3682.340088 389.303986 1665.339966	0.000 0.000 0.000
item_ammo_smg1_ttt	3810.750000 259.816010 1665.339966	0.000 0.000 0.000
item_ammo_smg1_ttt	3931.120117 621.681030 1537.339966	0.000 0.000 0.000
item_ammo_smg1_ttt	4012.760010 600.138000 1409.339966	0.000 0.000 0.000
item_ammo_smg1_ttt	4014.689941 643.877991 1409.339966	0.000 0.000 0.000
item_ammo_smg1_ttt	2978.909912 854.330017 1409.339966	0.000 0.000 0.000
item_ammo_smg1_ttt	2939.739990 685.520020 1409.339966	0.000 0.000 0.000
item_ammo_smg1_ttt	2684.270020 314.184998 1409.339966	0.000 0.000 0.000
item_ammo_smg1_ttt	2742.739990 307.033997 1409.339966	0.000 0.000 0.000
item_ammo_smg1_ttt	1301.430054 681.158020 1409.339966	0.000 0.000 0.000
item_ammo_smg1_ttt	774.559998 680.190979 1409.339966	0.000 0.000 0.000
item_ammo_smg1_ttt	-140.628006 760.672974 1281.339966	0.000 0.000 0.000
item_ammo_smg1_ttt	-167.934998 336.079010 1153.339966	0.000 0.000 0.000
item_ammo_smg1_ttt	770.362000 120.643997 1185.339966	0.000 0.000 0.000
item_ammo_smg1_ttt	195.998993 -1222.900024 1665.339966	0.000 0.000 0.000
item_ammo_smg1_ttt	-81.132401 -1245.989990 1665.339966	0.000 0.000 0.000
item_ammo_smg1_ttt	-404.420990 -968.734009 1281.339966	0.000 0.000 0.000
item_ammo_smg1_ttt	-451.438995 -965.932983 1281.339966	0.000 0.000 0.000
item_ammo_smg1_ttt	316.821014 -957.512024 1281.339966	0.000 0.000 0.000
item_ammo_smg1_ttt	2281.290039 227.600006 1265.339966	0.000 0.000 0.000
item_ammo_smg1_ttt	2622.699951 274.595001 1265.339966	0.000 0.000 0.000
item_ammo_smg1_ttt	2721.820068 492.834015 1409.339966	0.000 0.000 0.000
item_ammo_smg1_ttt	1258.569946 606.132019 1153.339966	0.000 0.000 0.000
item_ammo_smg1_ttt	1256.910034 632.463989 1153.339966	0.000 0.000 0.000
item_ammo_smg1_ttt	1255.550049 654.867981 1153.339966	0.000 0.000 0.000
item_ammo_smg1_ttt	1237.349976 598.804016 1153.339966	0.000 0.000 0.000
item_ammo_smg1_ttt	1237.469971 615.263977 1153.339966	0.000 0.000 0.000
item_ammo_smg1_ttt	1237.280029 643.148010 1153.339966	0.000 0.000 0.000
item_ammo_smg1_ttt	1237.329956 659.567993 1153.339966	0.000 0.000 0.000
item_ammo_pistol_ttt	777.458984 -1573.839966 1281.280029	0.000 0.000 0.000
item_ammo_pistol_ttt	792.122009 -1570.560059 1281.280029	0.000 0.000 0.000
item_ammo_pistol_ttt	1483.920044 -1580.930054 1281.280029	0.000 0.000 0.000
item_ammo_pistol_ttt	1502.439941 -1579.719971 1281.280029	0.000 0.000 0.000
item_ammo_pistol_ttt	1880.900024 -1650.699951 1409.280029	0.000 0.000 0.000
item_ammo_pistol_ttt	1866.219971 -1663.060059 1281.280029	0.000 0.000 0.000
item_ammo_pistol_ttt	1842.619995 -1675.930054 1537.280029	0.000 0.000 0.000
item_ammo_pistol_ttt	1881.459961 -1719.099976 1153.280029	0.000 0.000 0.000
item_ammo_pistol_ttt	1846.780029 -1713.420044 1153.280029	0.000 0.000 0.000
item_ammo_pistol_ttt	2921.600098 -734.642029 1153.280029	0.000 0.000 0.000
item_ammo_pistol_ttt	2924.860107 -719.023987 1281.280029	0.000 0.000 0.000
item_ammo_pistol_ttt	2904.409912 -705.577026 1409.280029	0.000 0.000 0.000
item_ammo_pistol_ttt	2904.610107 -716.010010 1537.280029	0.000 0.000 0.000
item_ammo_pistol_ttt	2753.770020 -1288.699951 1537.280029	0.000 0.000 0.000
item_ammo_pistol_ttt	2732.399902 -1289.520020 1537.280029	0.000 0.000 0.000
item_ammo_pistol_ttt	2276.649902 -1563.430054 1537.280029	0.000 0.000 0.000
item_ammo_pistol_ttt	2312.750000 -1559.449951 1537.280029	0.000 0.000 0.000
item_ammo_pistol_ttt	2241.000000 -996.367981 1537.280029	0.000 0.000 0.000
item_ammo_pistol_ttt	2220.149902 -1000.080017 1537.280029	0.000 0.000 0.000
item_ammo_pistol_ttt	2498.850098 -1089.550049 1537.280029	0.000 0.000 0.000
item_ammo_pistol_ttt	2484.030029 -1089.719971 1537.280029	0.000 0.000 0.000
item_ammo_pistol_ttt	4575.779785 -1253.089966 1665.280029	0.000 0.000 0.000
item_ammo_pistol_ttt	4553.370117 -1252.349976 1665.280029	0.000 0.000 0.000
item_ammo_pistol_ttt	4523.540039 -1255.189941 1665.280029	0.000 0.000 0.000
item_ammo_pistol_ttt	4499.930176 -1256.189941 1665.280029	0.000 0.000 0.000
item_ammo_pistol_ttt	4450.270020 -337.238007 1665.280029	0.000 0.000 0.000
item_ammo_pistol_ttt	4432.649902 -337.170013 1665.280029	0.000 0.000 0.000
item_ammo_pistol_ttt	4417.160156 -337.774994 1665.280029	0.000 0.000 0.000
item_ammo_pistol_ttt	4399.000000 -339.665009 1665.280029	0.000 0.000 0.000
item_ammo_pistol_ttt	3936.830078 184.455002 1665.280029	0.000 0.000 0.000
item_ammo_pistol_ttt	3582.739990 174.587006 1665.280029	0.000 0.000 0.000
item_ammo_pistol_ttt	3776.000000 179.968994 1665.280029	0.000 0.000 0.000
item_ammo_pistol_ttt	3875.949951 856.491028 1537.280029	0.000 0.000 0.000
item_ammo_pistol_ttt	3934.050049 847.835022 1537.280029	0.000 0.000 0.000
item_ammo_pistol_ttt	3992.050049 703.690979 1409.280029	0.000 0.000 0.000
item_ammo_pistol_ttt	4015.129883 702.927002 1409.280029	0.000 0.000 0.000
item_ammo_pistol_ttt	4042.520020 705.216980 1409.280029	0.000 0.000 0.000
item_ammo_pistol_ttt	2605.310059 168.787003 1265.280029	0.000 0.000 0.000
item_ammo_pistol_ttt	2592.469971 167.488007 1265.280029	0.000 0.000 0.000
item_ammo_pistol_ttt	2572.209961 489.273987 1265.280029	0.000 0.000 0.000
item_ammo_pistol_ttt	2584.530029 490.247009 1265.280029	0.000 0.000 0.000
item_ammo_pistol_ttt	2209.590088 251.289993 1304.280029	0.000 0.000 0.000
item_ammo_pistol_ttt	2426.179932 242.106995 1409.280029	0.000 0.000 0.000
item_ammo_pistol_ttt	2457.790039 245.514999 1409.280029	0.000 0.000 0.000
item_ammo_pistol_ttt	2229.510010 971.331970 1409.280029	0.000 0.000 0.000
item_ammo_pistol_ttt	2260.229980 972.414978 1409.280029	0.000 0.000 0.000
item_ammo_pistol_ttt	2770.510010 453.933990 1545.280029	0.000 0.000 0.000
item_ammo_pistol_ttt	2767.290039 537.825012 1545.280029	0.000 0.000 0.000
item_ammo_pistol_ttt	2763.860107 609.218018 1545.280029	0.000 0.000 0.000
item_ammo_pistol_ttt	2764.310059 669.992981 1545.280029	0.000 0.000 0.000
item_ammo_pistol_ttt	2764.000000 751.538025 1545.280029	0.000 0.000 0.000
item_ammo_pistol_ttt	1332.560059 799.228027 1409.280029	0.000 0.000 0.000
item_ammo_pistol_ttt	1452.680054 794.299988 1409.280029	0.000 0.000 0.000
item_ammo_pistol_ttt	1617.589966 789.219971 1409.280029	0.000 0.000 0.000
item_ammo_pistol_ttt	916.164001 813.823975 1409.280029	0.000 0.000 0.000
item_ammo_pistol_ttt	1086.010010 185.123001 1545.280029	0.000 0.000 0.000
item_ammo_pistol_ttt	1176.160034 196.813995 1545.280029	0.000 0.000 0.000
item_ammo_pistol_ttt	-314.963989 875.406006 1281.280029	0.000 0.000 0.000
item_ammo_pistol_ttt	-207.705002 872.976990 1281.280029	0.000 0.000 0.000
item_ammo_pistol_ttt	-89.313103 870.052002 1281.280029	0.000 0.000 0.000
item_ammo_pistol_ttt	216.123001 316.937012 1153.280029	0.000 0.000 0.000
item_ammo_pistol_ttt	213.768005 372.496002 1153.280029	0.000 0.000 0.000
item_ammo_pistol_ttt	134.899002 699.927979 1153.280029	0.000 0.000 0.000
item_ammo_pistol_ttt	-273.013000 416.569000 1153.280029	0.000 0.000 0.000
item_ammo_pistol_ttt	634.057007 122.356003 1185.280029	0.000 0.000 0.000
item_ammo_pistol_ttt	1590.310059 -86.308701 1281.280029	0.000 0.000 0.000
item_ammo_pistol_ttt	2378.959961 -106.412003 1145.280029	0.000 0.000 0.000
item_ammo_pistol_ttt	227.559006 -1087.380005 1665.280029	0.000 0.000 0.000
item_ammo_pistol_ttt	281.147003 -1083.180054 1665.280029	0.000 0.000 0.000
item_ammo_pistol_ttt	-545.419983 -1093.880005 1281.280029	0.000 0.000 0.000
item_ammo_pistol_ttt	-545.203979 -1053.569946 1281.280029	0.000 0.000 0.000
item_ammo_pistol_ttt	-547.479980 -1653.699951 1409.280029	0.000 0.000 0.000
item_ammo_pistol_ttt	-563.398987 -1652.709961 1409.280029	0.000 0.000 0.000
item_ammo_pistol_ttt	-580.208008 -1652.390015 1409.280029	0.000 0.000 0.000
item_ammo_pistol_ttt	-594.257019 -1652.349976 1409.280029	0.000 0.000 0.000
item_ammo_pistol_ttt	-607.771973 -1651.680054 1409.280029	0.000 0.000 0.000
item_ammo_pistol_ttt	-345.826996 -951.302979 1281.280029	0.000 0.000 0.000
item_ammo_pistol_ttt	214.347000 -954.289001 1281.280029	0.000 0.000 0.000
item_ammo_pistol_ttt	1499.560059 -1373.599976 1281.280029	0.000 0.000 0.000
item_ammo_pistol_ttt	1435.670044 -1376.479980 1281.280029	0.000 0.000 0.000
item_ammo_pistol_ttt	1353.479980 -1372.709961 1281.280029	0.000 0.000 0.000
item_ammo_pistol_ttt	997.958984 -1489.939941 1281.280029	0.000 0.000 0.000
item_ammo_pistol_ttt	992.383972 -1445.219971 1281.280029	0.000 0.000 0.000
item_ammo_pistol_ttt	972.156006 -1476.219971 1281.280029	0.000 0.000 0.000
item_ammo_pistol_ttt	1596.170044 -441.582001 1281.280029	0.000 0.000 0.000
item_ammo_pistol_ttt	1212.500000 -1297.239990 1417.280029	0.000 0.000 0.000
item_ammo_pistol_ttt	1149.079956 -1323.449951 1417.280029	0.000 0.000 0.000
item_ammo_pistol_ttt	1081.030029 -1305.099976 1417.280029	0.000 0.000 0.000
item_ammo_pistol_ttt	1491.750000 -1073.780029 1281.280029	0.000 0.000 0.000
item_ammo_pistol_ttt	1454.729980 -1074.099976 1281.280029	0.000 0.000 0.000
item_ammo_pistol_ttt	729.875977 -1123.609985 1281.280029	0.000 0.000 0.000
item_ammo_pistol_ttt	705.093018 -1122.489990 1281.280029	0.000 0.000 0.000
item_ammo_pistol_ttt	1677.619995 196.108002 1545.280029	0.000 0.000 0.000
item_ammo_pistol_ttt	1226.849976 330.493988 1281.280029	0.000 0.000 0.000
item_ammo_pistol_ttt	1210.959961 333.022003 1281.280029	0.000 0.000 0.000
item_ammo_pistol_ttt	1172.199951 335.375000 1281.280029	0.000 0.000 0.000
item_ammo_pistol_ttt	1505.000000 294.484009 1281.280029	0.000 0.000 0.000
item_ammo_pistol_ttt	1471.250000 294.863007 1281.280029	0.000 0.000 0.000
item_ammo_pistol_ttt	1307.060059 190.606003 1281.280029	0.000 0.000 0.000
item_ammo_pistol_ttt	680.593018 997.004028 1153.280029	0.000 0.000 0.000
item_ammo_pistol_ttt	695.463989 711.643982 1153.280029	0.000 0.000 0.000
item_ammo_pistol_ttt	1114.329956 927.252014 1153.280029	0.000 0.000 0.000
item_ammo_pistol_ttt	1125.079956 925.908020 1153.280029	0.000 0.000 0.000
item_ammo_pistol_ttt	1136.810059 924.322998 1153.280029	0.000 0.000 0.000
item_ammo_pistol_ttt	1201.430054 927.801025 1153.280029	0.000 0.000 0.000
item_ammo_pistol_ttt	1211.130005 926.398010 1153.280029	0.000 0.000 0.000
item_ammo_pistol_ttt	1222.770020 926.252991 1153.280029	0.000 0.000 0.000
item_ammo_pistol_ttt	1158.469971 926.504028 1153.280029	0.000 0.000 0.000
item_ammo_pistol_ttt	1169.030029 927.973999 1153.280029	0.000 0.000 0.000
item_ammo_pistol_ttt	1175.780029 928.874023 1153.280029	0.000 0.000 0.000
item_ammo_pistol_ttt	777.458984 -1573.839966 1281.280029	0.000 0.000 0.000
item_ammo_pistol_ttt	792.122009 -1570.560059 1281.280029	0.000 0.000 0.000
item_ammo_pistol_ttt	1483.920044 -1580.930054 1281.280029	0.000 0.000 0.000
item_ammo_pistol_ttt	1502.439941 -1579.719971 1281.280029	0.000 0.000 0.000
item_ammo_pistol_ttt	1880.900024 -1650.699951 1409.280029	0.000 0.000 0.000
item_ammo_pistol_ttt	1866.219971 -1663.060059 1281.280029	0.000 0.000 0.000
item_ammo_pistol_ttt	1842.619995 -1675.930054 1537.280029	0.000 0.000 0.000
item_ammo_pistol_ttt	1881.459961 -1719.099976 1153.280029	0.000 0.000 0.000
item_ammo_pistol_ttt	1846.780029 -1713.420044 1153.280029	0.000 0.000 0.000
item_ammo_pistol_ttt	2921.600098 -734.642029 1153.280029	0.000 0.000 0.000
item_ammo_pistol_ttt	2924.860107 -719.023987 1281.280029	0.000 0.000 0.000
item_ammo_pistol_ttt	2904.409912 -705.577026 1409.280029	0.000 0.000 0.000
item_ammo_pistol_ttt	2904.610107 -716.010010 1537.280029	0.000 0.000 0.000
item_ammo_pistol_ttt	2753.770020 -1288.699951 1537.280029	0.000 0.000 0.000
item_ammo_pistol_ttt	2732.399902 -1289.520020 1537.280029	0.000 0.000 0.000
item_ammo_pistol_ttt	2276.649902 -1563.430054 1537.280029	0.000 0.000 0.000
item_ammo_pistol_ttt	2312.750000 -1559.449951 1537.280029	0.000 0.000 0.000
item_ammo_pistol_ttt	2241.000000 -996.367981 1537.280029	0.000 0.000 0.000
item_ammo_pistol_ttt	2220.149902 -1000.080017 1537.280029	0.000 0.000 0.000
item_ammo_pistol_ttt	2498.850098 -1089.550049 1537.280029	0.000 0.000 0.000
item_ammo_pistol_ttt	2484.030029 -1089.719971 1537.280029	0.000 0.000 0.000
item_ammo_pistol_ttt	4575.779785 -1253.089966 1665.280029	0.000 0.000 0.000
item_ammo_pistol_ttt	4553.370117 -1252.349976 1665.280029	0.000 0.000 0.000
item_ammo_pistol_ttt	4523.540039 -1255.189941 1665.280029	0.000 0.000 0.000
item_ammo_pistol_ttt	4499.930176 -1256.189941 1665.280029	0.000 0.000 0.000
item_ammo_pistol_ttt	4450.270020 -337.238007 1665.280029	0.000 0.000 0.000
item_ammo_pistol_ttt	4432.649902 -337.170013 1665.280029	0.000 0.000 0.000
item_ammo_pistol_ttt	4417.160156 -337.774994 1665.280029	0.000 0.000 0.000
item_ammo_pistol_ttt	4399.000000 -339.665009 1665.280029	0.000 0.000 0.000
item_ammo_pistol_ttt	3936.830078 184.455002 1665.280029	0.000 0.000 0.000
item_ammo_pistol_ttt	3582.739990 174.587006 1665.280029	0.000 0.000 0.000
item_ammo_pistol_ttt	3776.000000 179.968994 1665.280029	0.000 0.000 0.000
item_ammo_pistol_ttt	3875.949951 856.491028 1537.280029	0.000 0.000 0.000
item_ammo_pistol_ttt	3934.050049 847.835022 1537.280029	0.000 0.000 0.000
item_ammo_pistol_ttt	3992.050049 703.690979 1409.280029	0.000 0.000 0.000
item_ammo_pistol_ttt	4015.129883 702.927002 1409.280029	0.000 0.000 0.000
item_ammo_pistol_ttt	4042.520020 705.216980 1409.280029	0.000 0.000 0.000
item_ammo_pistol_ttt	2605.310059 168.787003 1265.280029	0.000 0.000 0.000
item_ammo_pistol_ttt	2592.469971 167.488007 1265.280029	0.000 0.000 0.000
item_ammo_pistol_ttt	2572.209961 489.273987 1265.280029	0.000 0.000 0.000
item_ammo_pistol_ttt	2584.530029 490.247009 1265.280029	0.000 0.000 0.000
item_ammo_pistol_ttt	2209.590088 251.289993 1304.280029	0.000 0.000 0.000
item_ammo_pistol_ttt	2426.179932 242.106995 1409.280029	0.000 0.000 0.000
item_ammo_pistol_ttt	2457.790039 245.514999 1409.280029	0.000 0.000 0.000
item_ammo_pistol_ttt	2229.510010 971.331970 1409.280029	0.000 0.000 0.000
item_ammo_pistol_ttt	2260.229980 972.414978 1409.280029	0.000 0.000 0.000
item_ammo_pistol_ttt	2770.510010 453.933990 1545.280029	0.000 0.000 0.000
item_ammo_pistol_ttt	2767.290039 537.825012 1545.280029	0.000 0.000 0.000
item_ammo_pistol_ttt	2763.860107 609.218018 1545.280029	0.000 0.000 0.000
item_ammo_pistol_ttt	2764.310059 669.992981 1545.280029	0.000 0.000 0.000
item_ammo_pistol_ttt	2764.000000 751.538025 1545.280029	0.000 0.000 0.000
item_ammo_pistol_ttt	1332.560059 799.228027 1409.280029	0.000 0.000 0.000
item_ammo_pistol_ttt	1452.680054 794.299988 1409.280029	0.000 0.000 0.000
item_ammo_pistol_ttt	1617.589966 789.219971 1409.280029	0.000 0.000 0.000
item_ammo_pistol_ttt	916.164001 813.823975 1409.280029	0.000 0.000 0.000
item_ammo_pistol_ttt	1086.010010 185.123001 1545.280029	0.000 0.000 0.000
item_ammo_pistol_ttt	1176.160034 196.813995 1545.280029	0.000 0.000 0.000
item_ammo_pistol_ttt	-314.963989 875.406006 1281.280029	0.000 0.000 0.000
item_ammo_pistol_ttt	-207.705002 872.976990 1281.280029	0.000 0.000 0.000
item_ammo_pistol_ttt	-89.313103 870.052002 1281.280029	0.000 0.000 0.000
item_ammo_pistol_ttt	216.123001 316.937012 1153.280029	0.000 0.000 0.000
item_ammo_pistol_ttt	213.768005 372.496002 1153.280029	0.000 0.000 0.000
item_ammo_pistol_ttt	134.899002 699.927979 1153.280029	0.000 0.000 0.000
item_ammo_pistol_ttt	-273.013000 416.569000 1153.280029	0.000 0.000 0.000
item_ammo_pistol_ttt	634.057007 122.356003 1185.280029	0.000 0.000 0.000
item_ammo_pistol_ttt	1590.310059 -86.308701 1281.280029	0.000 0.000 0.000
item_ammo_pistol_ttt	2378.959961 -106.412003 1145.280029	0.000 0.000 0.000
item_ammo_pistol_ttt	227.559006 -1087.380005 1665.280029	0.000 0.000 0.000
item_ammo_pistol_ttt	281.147003 -1083.180054 1665.280029	0.000 0.000 0.000
item_ammo_pistol_ttt	-545.419983 -1093.880005 1281.280029	0.000 0.000 0.000
item_ammo_pistol_ttt	-545.203979 -1053.569946 1281.280029	0.000 0.000 0.000
item_ammo_pistol_ttt	-547.479980 -1653.699951 1409.280029	0.000 0.000 0.000
item_ammo_pistol_ttt	-563.398987 -1652.709961 1409.280029	0.000 0.000 0.000
item_ammo_pistol_ttt	-580.208008 -1652.390015 1409.280029	0.000 0.000 0.000
item_ammo_pistol_ttt	-594.257019 -1652.349976 1409.280029	0.000 0.000 0.000
item_ammo_pistol_ttt	-607.771973 -1651.680054 1409.280029	0.000 0.000 0.000
item_ammo_pistol_ttt	-345.826996 -951.302979 1281.280029	0.000 0.000 0.000
item_ammo_pistol_ttt	214.347000 -954.289001 1281.280029	0.000 0.000 0.000
item_ammo_pistol_ttt	1499.560059 -1373.599976 1281.280029	0.000 0.000 0.000
item_ammo_pistol_ttt	1435.670044 -1376.479980 1281.280029	0.000 0.000 0.000
item_ammo_pistol_ttt	1353.479980 -1372.709961 1281.280029	0.000 0.000 0.000
item_ammo_pistol_ttt	997.958984 -1489.939941 1281.280029	0.000 0.000 0.000
item_ammo_pistol_ttt	992.383972 -1445.219971 1281.280029	0.000 0.000 0.000
item_ammo_pistol_ttt	972.156006 -1476.219971 1281.280029	0.000 0.000 0.000
item_ammo_pistol_ttt	1596.170044 -441.582001 1281.280029	0.000 0.000 0.000
item_ammo_pistol_ttt	1212.500000 -1297.239990 1417.280029	0.000 0.000 0.000
item_ammo_pistol_ttt	1149.079956 -1323.449951 1417.280029	0.000 0.000 0.000
item_ammo_pistol_ttt	1081.030029 -1305.099976 1417.280029	0.000 0.000 0.000
item_ammo_pistol_ttt	1491.750000 -1073.780029 1281.280029	0.000 0.000 0.000
item_ammo_pistol_ttt	1454.729980 -1074.099976 1281.280029	0.000 0.000 0.000
item_ammo_pistol_ttt	729.875977 -1123.609985 1281.280029	0.000 0.000 0.000
item_ammo_pistol_ttt	705.093018 -1122.489990 1281.280029	0.000 0.000 0.000
item_ammo_pistol_ttt	1677.619995 196.108002 1545.280029	0.000 0.000 0.000
item_ammo_pistol_ttt	1226.849976 330.493988 1281.280029	0.000 0.000 0.000
item_ammo_pistol_ttt	1210.959961 333.022003 1281.280029	0.000 0.000 0.000
item_ammo_pistol_ttt	1172.199951 335.375000 1281.280029	0.000 0.000 0.000
item_ammo_pistol_ttt	1505.000000 294.484009 1281.280029	0.000 0.000 0.000
item_ammo_pistol_ttt	1471.250000 294.863007 1281.280029	0.000 0.000 0.000
item_ammo_pistol_ttt	1307.060059 190.606003 1281.280029	0.000 0.000 0.000
item_ammo_pistol_ttt	680.593018 997.004028 1153.280029	0.000 0.000 0.000
item_ammo_pistol_ttt	695.463989 711.643982 1153.280029	0.000 0.000 0.000
item_ammo_pistol_ttt	1114.329956 927.252014 1153.280029	0.000 0.000 0.000
item_ammo_pistol_ttt	1125.079956 925.908020 1153.280029	0.000 0.000 0.000
item_ammo_pistol_ttt	1136.810059 924.322998 1153.280029	0.000 0.000 0.000
item_ammo_pistol_ttt	1201.430054 927.801025 1153.280029	0.000 0.000 0.000
item_ammo_pistol_ttt	1211.130005 926.398010 1153.280029	0.000 0.000 0.000
item_ammo_pistol_ttt	1222.770020 926.252991 1153.280029	0.000 0.000 0.000
item_ammo_pistol_ttt	1158.469971 926.504028 1153.280029	0.000 0.000 0.000
item_ammo_pistol_ttt	1169.030029 927.973999 1153.280029	0.000 0.000 0.000
item_ammo_pistol_ttt	1175.780029 928.874023 1153.280029	0.000 0.000 0.000
ttt_random_weapon	1207.811646 -1348.349121 1417.731201	-1.841 156.751 84.926
ttt_random_weapon	264.208038 -1221.232422 1665.170166	1.570 -179.344 -92.564
ttt_random_weapon	736.248535 292.452728 1153.214966	1.704 4.190 -92.989
ttt_random_weapon	2458.608887 755.995789 1409.239258	1.157 167.170 -94.751
ttt_random_weapon	3608.989502 843.108765 1409.220337	1.645 164.144 -93.125
ttt_random_weapon	4151.270508 615.281860 1409.247437	1.308 -176.247 -94.017
ttt_random_weapon	2380.946533 -325.167236 1145.169067	2.217 -176.315 -91.814
ttt_random_weapon	2831.609619 -1642.320923 1537.187500	1.626 149.343 -92.727
ttt_random_weapon	4285.402832 -1429.856689 1665.731079	-2.208 -174.324 85.350
ttt_random_weapon	721.448242 -1059.463135 1281.745361	-2.087 110.259 85.752
ttt_random_weapon	-419.075073 -919.883667 1281.197266	1.332 172.651 -93.852
ttt_random_weapon	75.800545 431.882416 1153.173950	2.168 166.574 -91.926
ttt_random_weapon	-94.170982 619.221436 1281.247192	1.296 168.289 -94.110
ttt_random_weapon	1139.798340 276.009338 1299.005981	5.595 -179.838 -98.100
ttt_random_weapon	2627.399414 228.979980 1265.241699	1.304 -172.166 -93.793
ttt_random_weapon	2525.583496 189.358658 1310.424194	1.180 167.181 -95.163
ttt_random_weapon	2312.607666 -705.290955 1423.733398	4.296 178.294 -102.986
ttt_random_weapon	4565.647949 -1132.148071 1673.676758	2.168 170.888 -91.927
ttt_random_weapon	4438.325684 -299.142059 1665.248169	1.332 177.376 -93.841
weapon_zm_sledge	2009.969971 -730.799988 1412.859985	0.000 0.000 0.000
weapon_zm_sledge	1841.140015 -840.581970 1156.859985	0.000 0.000 0.000
weapon_zm_sledge	2509.830078 280.752014 1268.859985	0.000 0.000 0.000
weapon_zm_sledge	3597.409912 761.364990 1412.859985	0.000 0.000 0.000
weapon_zm_sledge	957.271973 665.723999 1412.859985	0.000 0.000 0.000
weapon_zm_sledge	-91.577904 795.231995 1284.859985	0.000 0.000 0.000
weapon_zm_sledge	2009.969971 -730.799988 1412.859985	0.000 0.000 0.000
weapon_zm_sledge	1841.140015 -840.581970 1156.859985	0.000 0.000 0.000
weapon_zm_sledge	2509.830078 280.752014 1268.859985	0.000 0.000 0.000
weapon_zm_sledge	3597.409912 761.364990 1412.859985	0.000 0.000 0.000
weapon_zm_sledge	957.271973 665.723999 1412.859985	0.000 0.000 0.000
weapon_zm_sledge	-91.577904 795.231995 1284.859985	0.000 0.000 0.000
weapon_ttt_m16	140.313004 356.960999 1157.680054	0.000 0.000 0.000
weapon_ttt_m16	732.737976 458.816010 1157.680054	0.000 0.000 0.000
weapon_ttt_m16	744.880005 559.182983 1157.680054	0.000 0.000 0.000
weapon_ttt_m16	1112.109985 420.644989 1285.680054	0.000 0.000 0.000
weapon_ttt_m16	1134.250000 321.170990 1285.680054	0.000 0.000 0.000
weapon_ttt_m16	1704.689941 466.548004 1413.680054	0.000 0.000 0.000
weapon_ttt_m16	1658.140015 634.335999 1413.680054	0.000 0.000 0.000
weapon_ttt_m16	2312.520020 677.419006 1413.680054	0.000 0.000 0.000
weapon_ttt_m16	4076.540039 917.893982 1413.680054	0.000 0.000 0.000
weapon_ttt_m16	2945.879883 -1549.599976 1541.680054	0.000 0.000 0.000
weapon_ttt_m16	1858.430054 -923.177002 1285.680054	0.000 0.000 0.000
weapon_ttt_m16	2841.879883 -700.794006 1285.680054	0.000 0.000 0.000
weapon_ttt_m16	2367.310059 -463.104004 1149.680054	0.000 0.000 0.000
weapon_ttt_m16	989.112976 -1607.699951 1285.680054	0.000 0.000 0.000
weapon_ttt_m16	976.356995 -1344.969971 1285.680054	0.000 0.000 0.000
weapon_ttt_m16	1556.949951 -898.909973 1285.680054	0.000 0.000 0.000
weapon_ttt_m16	1120.000000 942.788025 1184.000000	0.000 0.000 0.000
weapon_ttt_m16	1202.680054 945.697998 1184.000000	0.000 0.000 0.000
weapon_ttt_m16	140.313004 356.960999 1157.680054	0.000 0.000 0.000
weapon_ttt_m16	732.737976 458.816010 1157.680054	0.000 0.000 0.000
weapon_ttt_m16	744.880005 559.182983 1157.680054	0.000 0.000 0.000
weapon_ttt_m16	1112.109985 420.644989 1285.680054	0.000 0.000 0.000
weapon_ttt_m16	1134.250000 321.170990 1285.680054	0.000 0.000 0.000
weapon_ttt_m16	1704.689941 466.548004 1413.680054	0.000 0.000 0.000
weapon_ttt_m16	1658.140015 634.335999 1413.680054	0.000 0.000 0.000
weapon_ttt_m16	2312.520020 677.419006 1413.680054	0.000 0.000 0.000
weapon_ttt_m16	4076.540039 917.893982 1413.680054	0.000 0.000 0.000
weapon_ttt_m16	2945.879883 -1549.599976 1541.680054	0.000 0.000 0.000
weapon_ttt_m16	1858.430054 -923.177002 1285.680054	0.000 0.000 0.000
weapon_ttt_m16	2841.879883 -700.794006 1285.680054	0.000 0.000 0.000
weapon_ttt_m16	2367.310059 -463.104004 1149.680054	0.000 0.000 0.000
weapon_ttt_m16	989.112976 -1607.699951 1285.680054	0.000 0.000 0.000
weapon_ttt_m16	976.356995 -1344.969971 1285.680054	0.000 0.000 0.000
weapon_ttt_m16	1556.949951 -898.909973 1285.680054	0.000 0.000 0.000
weapon_ttt_m16	1120.000000 942.788025 1184.000000	0.000 0.000 0.000
weapon_ttt_m16	1202.680054 945.697998 1184.000000	0.000 0.000 0.000
weapon_zm_molotov	-363.075012 811.786987 1285.729980	0.000 0.000 0.000
weapon_zm_molotov	-365.665009 795.822021 1285.729980	0.000 0.000 0.000
weapon_zm_molotov	737.038025 794.992981 1413.729980	0.000 0.000 0.000
weapon_zm_molotov	903.158997 737.898010 1413.729980	0.000 0.000 0.000
weapon_zm_molotov	1094.520020 438.890991 1549.729980	0.000 0.000 0.000
weapon_zm_molotov	1505.050049 322.062988 1549.729980	0.000 0.000 0.000
weapon_zm_molotov	1512.369995 -1003.890015 1285.729980	0.000 0.000 0.000
weapon_zm_molotov	890.931030 -972.203979 1285.729980	0.000 0.000 0.000
weapon_zm_molotov	1257.339966 -1589.760010 1285.729980	0.000 0.000 0.000
weapon_zm_molotov	113.976997 -1380.310059 1669.729980	0.000 0.000 0.000
weapon_zm_molotov	2066.340088 -969.077026 1541.729980	0.000 0.000 0.000
weapon_zm_molotov	2890.590088 -1584.170044 1541.729980	0.000 0.000 0.000
weapon_zm_molotov	4268.640137 -1506.619995 1669.729980	0.000 0.000 0.000
weapon_zm_molotov	4435.359863 -416.626007 1801.729980	0.000 0.000 0.000
weapon_zm_molotov	3825.629883 390.776001 1669.729980	0.000 0.000 0.000
weapon_zm_molotov	2924.340088 773.132019 1413.729980	0.000 0.000 0.000
weapon_zm_molotov	1311.680054 414.721008 1285.729980	0.000 0.000 0.000
weapon_zm_molotov	1301.650024 263.612000 1285.729980	0.000 0.000 0.000
weapon_zm_molotov	1067.530029 176.173004 1285.729980	0.000 0.000 0.000
weapon_zm_molotov	526.831970 -776.695984 1317.729980	0.000 0.000 0.000
weapon_zm_molotov	-588.612976 -1230.900024 1549.729980	0.000 0.000 0.000
weapon_zm_molotov	-363.075012 811.786987 1285.729980	0.000 0.000 0.000
weapon_zm_molotov	-365.665009 795.822021 1285.729980	0.000 0.000 0.000
weapon_zm_molotov	737.038025 794.992981 1413.729980	0.000 0.000 0.000
weapon_zm_molotov	903.158997 737.898010 1413.729980	0.000 0.000 0.000
weapon_zm_molotov	1094.520020 438.890991 1549.729980	0.000 0.000 0.000
weapon_zm_molotov	1505.050049 322.062988 1549.729980	0.000 0.000 0.000
weapon_zm_molotov	1512.369995 -1003.890015 1285.729980	0.000 0.000 0.000
weapon_zm_molotov	890.931030 -972.203979 1285.729980	0.000 0.000 0.000
weapon_zm_molotov	1257.339966 -1589.760010 1285.729980	0.000 0.000 0.000
weapon_zm_molotov	113.976997 -1380.310059 1669.729980	0.000 0.000 0.000
weapon_zm_molotov	2066.340088 -969.077026 1541.729980	0.000 0.000 0.000
weapon_zm_molotov	2890.590088 -1584.170044 1541.729980	0.000 0.000 0.000
weapon_zm_molotov	4268.640137 -1506.619995 1669.729980	0.000 0.000 0.000
weapon_zm_molotov	4435.359863 -416.626007 1801.729980	0.000 0.000 0.000
weapon_zm_molotov	3825.629883 390.776001 1669.729980	0.000 0.000 0.000
weapon_zm_molotov	2924.340088 773.132019 1413.729980	0.000 0.000 0.000
weapon_zm_molotov	1311.680054 414.721008 1285.729980	0.000 0.000 0.000
weapon_zm_molotov	1301.650024 263.612000 1285.729980	0.000 0.000 0.000
weapon_zm_molotov	1067.530029 176.173004 1285.729980	0.000 0.000 0.000
weapon_zm_molotov	526.831970 -776.695984 1317.729980	0.000 0.000 0.000
weapon_zm_molotov	-588.612976 -1230.900024 1549.729980	0.000 0.000 0.000
ttt_random_ammo	1266.250000 913.814026 1153.000000	0.000 0.000 0.000
ttt_random_ammo	1261.229980 894.572021 1153.000000	0.000 0.000 0.000
ttt_random_ammo	1258.739990 873.765991 1153.000000	0.000 0.000 0.000
ttt_random_ammo	1257.099976 852.221985 1153.000000	0.000 0.000 0.000
ttt_random_ammo	1261.719971 833.179016 1153.000000	0.000 0.000 0.000
ttt_random_ammo	1266.250000 913.814026 1153.000000	0.000 0.000 0.000
ttt_random_ammo	1261.229980 894.572021 1153.000000	0.000 0.000 0.000
ttt_random_ammo	1258.739990 873.765991 1153.000000	0.000 0.000 0.000
ttt_random_ammo	1257.099976 852.221985 1153.000000	0.000 0.000 0.000
ttt_random_ammo	1261.719971 833.179016 1153.000000	0.000 0.000 0.000
weapon_zm_rifle	-181.509995 -1600.969971 1794.959961	0.000 0.000 0.000
weapon_zm_rifle	3466.129883 258.760986 1666.959961	0.000 0.000 0.000
weapon_zm_rifle	4384.370117 -405.787994 1798.959961	0.000 0.000 0.000
weapon_zm_rifle	4072.219971 -1114.119995 1666.959961	0.000 0.000 0.000
weapon_zm_rifle	2512.979980 -876.825012 1538.959961	0.000 0.000 0.000
weapon_zm_rifle	1245.479980 -1003.640015 1282.959961	0.000 0.000 0.000
weapon_zm_rifle	-229.393005 663.659973 1282.959961	0.000 0.000 0.000
weapon_zm_rifle	1168.780029 454.903015 1546.959961	0.000 0.000 0.000
weapon_zm_rifle	1214.750000 220.563004 1282.959961	0.000 0.000 0.000
weapon_zm_rifle	726.255981 970.304016 1154.959961	0.000 0.000 0.000
weapon_zm_rifle	-181.509995 -1600.969971 1794.959961	0.000 0.000 0.000
weapon_zm_rifle	3466.129883 258.760986 1666.959961	0.000 0.000 0.000
weapon_zm_rifle	4384.370117 -405.787994 1798.959961	0.000 0.000 0.000
weapon_zm_rifle	4072.219971 -1114.119995 1666.959961	0.000 0.000 0.000
weapon_zm_rifle	2512.979980 -876.825012 1538.959961	0.000 0.000 0.000
weapon_zm_rifle	1245.479980 -1003.640015 1282.959961	0.000 0.000 0.000
weapon_zm_rifle	-229.393005 663.659973 1282.959961	0.000 0.000 0.000
weapon_zm_rifle	1168.780029 454.903015 1546.959961	0.000 0.000 0.000
weapon_zm_rifle	1214.750000 220.563004 1282.959961	0.000 0.000 0.000
weapon_zm_rifle	726.255981 970.304016 1154.959961	0.000 0.000 0.000
weapon_ttt_glock	4044.850098 -2029.290039 1666.930054	0.000 0.000 0.000
weapon_ttt_glock	4424.850098 -1128.680054 1666.930054	0.000 0.000 0.000
weapon_ttt_glock	2781.459961 -1671.849976 1538.930054	0.000 0.000 0.000
weapon_ttt_glock	2671.110107 -929.385010 1538.930054	0.000 0.000 0.000
weapon_ttt_glock	2921.139893 -677.150024 1538.930054	0.000 0.000 0.000
weapon_ttt_glock	2912.790039 -664.482971 1410.930054	0.000 0.000 0.000
weapon_ttt_glock	2910.239990 -662.328979 1154.930054	0.000 0.000 0.000
weapon_ttt_glock	2381.669922 231.337997 1410.930054	0.000 0.000 0.000
weapon_ttt_glock	1111.180054 792.513977 1410.930054	0.000 0.000 0.000
weapon_ttt_glock	-52.262299 747.843994 1282.930054	0.000 0.000 0.000
weapon_ttt_glock	196.889008 -1629.810059 1666.930054	0.000 0.000 0.000
weapon_ttt_glock	148.203003 -1120.680054 1666.930054	0.000 0.000 0.000
weapon_ttt_glock	-612.573975 -1085.430054 1410.930054	0.000 0.000 0.000
weapon_ttt_glock	-614.802979 -1369.150024 1546.930054	0.000 0.000 0.000
weapon_ttt_glock	630.184021 -1058.589966 1282.930054	0.000 0.000 0.000
weapon_ttt_glock	1063.839966 -1709.969971 1282.930054	0.000 0.000 0.000
weapon_ttt_glock	2968.629883 -1722.510010 1538.930054	0.000 0.000 0.000
weapon_ttt_glock	4284.500000 -536.447021 1666.930054	0.000 0.000 0.000
weapon_ttt_glock	1112.180054 787.245972 1154.930054	0.000 0.000 0.000
weapon_ttt_glock	1102.930054 812.773010 1154.930054	0.000 0.000 0.000
weapon_ttt_glock	4044.850098 -2029.290039 1666.930054	0.000 0.000 0.000
weapon_ttt_glock	4424.850098 -1128.680054 1666.930054	0.000 0.000 0.000
weapon_ttt_glock	2781.459961 -1671.849976 1538.930054	0.000 0.000 0.000
weapon_ttt_glock	2671.110107 -929.385010 1538.930054	0.000 0.000 0.000
weapon_ttt_glock	2921.139893 -677.150024 1538.930054	0.000 0.000 0.000
weapon_ttt_glock	2912.790039 -664.482971 1410.930054	0.000 0.000 0.000
weapon_ttt_glock	2910.239990 -662.328979 1154.930054	0.000 0.000 0.000
weapon_ttt_glock	2381.669922 231.337997 1410.930054	0.000 0.000 0.000
weapon_ttt_glock	1111.180054 792.513977 1410.930054	0.000 0.000 0.000
weapon_ttt_glock	-52.262299 747.843994 1282.930054	0.000 0.000 0.000
weapon_ttt_glock	196.889008 -1629.810059 1666.930054	0.000 0.000 0.000
weapon_ttt_glock	148.203003 -1120.680054 1666.930054	0.000 0.000 0.000
weapon_ttt_glock	-612.573975 -1085.430054 1410.930054	0.000 0.000 0.000
weapon_ttt_glock	-614.802979 -1369.150024 1546.930054	0.000 0.000 0.000
weapon_ttt_glock	630.184021 -1058.589966 1282.930054	0.000 0.000 0.000
weapon_ttt_glock	1063.839966 -1709.969971 1282.930054	0.000 0.000 0.000
weapon_ttt_glock	2968.629883 -1722.510010 1538.930054	0.000 0.000 0.000
weapon_ttt_glock	4284.500000 -536.447021 1666.930054	0.000 0.000 0.000
weapon_ttt_glock	1112.180054 787.245972 1154.930054	0.000 0.000 0.000
weapon_ttt_glock	1102.930054 812.773010 1154.930054	0.000 0.000 0.000
weapon_zm_mac10	-42.043701 656.625000 1285.469971	0.000 0.000 0.000
weapon_zm_mac10	151.117004 820.507019 1157.469971	0.000 0.000 0.000
weapon_zm_mac10	839.474976 592.609009 1157.469971	0.000 0.000 0.000
weapon_zm_mac10	895.226990 419.953003 1157.469971	0.000 0.000 0.000
weapon_zm_mac10	1955.199951 835.215027 1413.469971	0.000 0.000 0.000
weapon_zm_mac10	3207.899902 571.429993 1413.469971	0.000 0.000 0.000
weapon_zm_mac10	3907.909912 702.193970 1541.469971	0.000 0.000 0.000
weapon_zm_mac10	4488.879883 -1222.609985 1669.469971	0.000 0.000 0.000
weapon_zm_mac10	2826.939941 -982.937012 1541.469971	0.000 0.000 0.000
weapon_zm_mac10	2327.669922 -706.960022 1285.469971	0.000 0.000 0.000
weapon_zm_mac10	1576.290039 48.523300 1285.469971	0.000 0.000 0.000
weapon_zm_mac10	573.874023 -1494.229980 1491.469971	0.000 0.000 0.000
weapon_zm_mac10	910.721008 -1706.219971 1285.469971	0.000 0.000 0.000
weapon_zm_mac10	1134.900024 600.286011 1157.469971	0.000 0.000 0.000
weapon_zm_mac10	1141.760010 623.500977 1157.469971	0.000 0.000 0.000
weapon_zm_mac10	-42.043701 656.625000 1285.469971	0.000 0.000 0.000
weapon_zm_mac10	151.117004 820.507019 1157.469971	0.000 0.000 0.000
weapon_zm_mac10	839.474976 592.609009 1157.469971	0.000 0.000 0.000
weapon_zm_mac10	895.226990 419.953003 1157.469971	0.000 0.000 0.000
weapon_zm_mac10	1955.199951 835.215027 1413.469971	0.000 0.000 0.000
weapon_zm_mac10	3207.899902 571.429993 1413.469971	0.000 0.000 0.000
weapon_zm_mac10	3907.909912 702.193970 1541.469971	0.000 0.000 0.000
weapon_zm_mac10	4488.879883 -1222.609985 1669.469971	0.000 0.000 0.000
weapon_zm_mac10	2826.939941 -982.937012 1541.469971	0.000 0.000 0.000
weapon_zm_mac10	2327.669922 -706.960022 1285.469971	0.000 0.000 0.000
weapon_zm_mac10	1576.290039 48.523300 1285.469971	0.000 0.000 0.000
weapon_zm_mac10	573.874023 -1494.229980 1491.469971	0.000 0.000 0.000
weapon_zm_mac10	910.721008 -1706.219971 1285.469971	0.000 0.000 0.000
weapon_zm_mac10	1134.900024 600.286011 1157.469971	0.000 0.000 0.000
weapon_zm_mac10	1141.760010 623.500977 1157.469971	0.000 0.000 0.000
weapon_ttt_p228	2940.377197 -1006.628052 1539.902832	36.525 3.423 -1.408
weapon_ttt_p228	2913.194092 -906.346924 1539.889404	36.705 3.122 -1.915
weapon_ttt_p228	1125.114136 -1015.585266 1283.935791	36.311 4.098 -1.685
weapon_ttt_p228	85.803421 -1310.075439 1667.903198	36.518 3.434 -1.390
weapon_ttt_p228	-166.853958 620.086853 1283.905762	36.487 3.477 -1.305
weapon_ttt_p228	910.248108 892.866760 1411.890625	36.686 3.152 -1.863
weapon_ttt_p228	2449.865479 344.418549 1411.904297	36.505 3.455 -1.353
weapon_ttt_p228	4287.201172 -685.005127 1667.905640	36.507 3.731 -1.406
weapon_zm_pistol	2400.739990 -203.500000 1146.719971	0.000 0.000 0.000
weapon_zm_pistol	2294.030029 -666.783020 1154.719971	0.000 0.000 0.000
weapon_zm_pistol	2162.479980 -704.786987 1410.719971	0.000 0.000 0.000
weapon_zm_pistol	2368.229980 -823.809021 1538.719971	0.000 0.000 0.000
weapon_zm_pistol	2341.219971 -1663.760010 1538.719971	0.000 0.000 0.000
weapon_zm_pistol	1425.239990 -1442.170044 1418.719971	0.000 0.000 0.000
weapon_zm_pistol	1273.780029 -872.182007 1282.719971	0.000 0.000 0.000
weapon_zm_pistol	181.384003 -1308.050049 1666.719971	0.000 0.000 0.000
weapon_zm_pistol	-301.826996 -1495.329956 1666.719971	0.000 0.000 0.000
weapon_zm_pistol	700.078003 -1660.959961 1282.719971	0.000 0.000 0.000
weapon_zm_pistol	587.994995 -1603.770020 1488.719971	0.000 0.000 0.000
weapon_zm_pistol	1402.849976 -1605.709961 1282.719971	0.000 0.000 0.000
weapon_zm_pistol	1598.459961 -247.070007 1282.719971	0.000 0.000 0.000
weapon_zm_pistol	-38.766800 416.993988 1154.719971	0.000 0.000 0.000
weapon_zm_pistol	-273.006012 611.581970 1282.719971	0.000 0.000 0.000
weapon_zm_pistol	800.671997 604.585999 1410.719971	0.000 0.000 0.000
weapon_zm_pistol	1229.810059 376.816986 1546.719971	0.000 0.000 0.000
weapon_zm_pistol	2728.590088 920.681030 1410.719971	0.000 0.000 0.000
weapon_zm_pistol	3695.209961 230.994003 1666.719971	0.000 0.000 0.000
weapon_zm_pistol	4207.390137 -444.669006 1666.719971	0.000 0.000 0.000
weapon_zm_pistol	1105.589966 768.929993 1154.719971	0.000 0.000 0.000
weapon_zm_pistol	2400.739990 -203.500000 1146.719971	0.000 0.000 0.000
weapon_zm_pistol	2294.030029 -666.783020 1154.719971	0.000 0.000 0.000
weapon_zm_pistol	2162.479980 -704.786987 1410.719971	0.000 0.000 0.000
weapon_zm_pistol	2368.229980 -823.809021 1538.719971	0.000 0.000 0.000
weapon_zm_pistol	2341.219971 -1663.760010 1538.719971	0.000 0.000 0.000
weapon_zm_pistol	1425.239990 -1442.170044 1418.719971	0.000 0.000 0.000
weapon_zm_pistol	1273.780029 -872.182007 1282.719971	0.000 0.000 0.000
weapon_zm_pistol	181.384003 -1308.050049 1666.719971	0.000 0.000 0.000
weapon_zm_pistol	-301.826996 -1495.329956 1666.719971	0.000 0.000 0.000
weapon_zm_pistol	700.078003 -1660.959961 1282.719971	0.000 0.000 0.000
weapon_zm_pistol	587.994995 -1603.770020 1488.719971	0.000 0.000 0.000
weapon_zm_pistol	1402.849976 -1605.709961 1282.719971	0.000 0.000 0.000
weapon_zm_pistol	1598.459961 -247.070007 1282.719971	0.000 0.000 0.000
weapon_zm_pistol	-38.766800 416.993988 1154.719971	0.000 0.000 0.000
weapon_zm_pistol	-273.006012 611.581970 1282.719971	0.000 0.000 0.000
weapon_zm_pistol	800.671997 604.585999 1410.719971	0.000 0.000 0.000
weapon_zm_pistol	1229.810059 376.816986 1546.719971	0.000 0.000 0.000
weapon_zm_pistol	2728.590088 920.681030 1410.719971	0.000 0.000 0.000
weapon_zm_pistol	3695.209961 230.994003 1666.719971	0.000 0.000 0.000
weapon_zm_pistol	4207.390137 -444.669006 1666.719971	0.000 0.000 0.000
weapon_zm_pistol	1105.589966 768.929993 1154.719971	0.000 0.000 0.000
weapon_ttt_confgrenade	-555.793030 -1366.130005 1548.489990	0.000 0.000 0.000
weapon_ttt_confgrenade	-459.351013 -1157.520020 1668.489990	0.000 0.000 0.000
weapon_ttt_confgrenade	112.939003 -1402.739990 1668.489990	0.000 0.000 0.000
weapon_ttt_confgrenade	1086.410034 -1420.030029 1420.489990	0.000 0.000 0.000
weapon_ttt_confgrenade	2027.619995 -1556.930054 1540.489990	0.000 0.000 0.000
weapon_ttt_confgrenade	2822.300049 -1685.180054 1540.489990	0.000 0.000 0.000
weapon_ttt_confgrenade	2904.699951 492.531006 1412.489990	0.000 0.000 0.000
weapon_ttt_confgrenade	2643.080078 591.723999 1548.489990	0.000 0.000 0.000
weapon_ttt_confgrenade	4174.689941 764.148987 1412.489990	0.000 0.000 0.000
weapon_ttt_confgrenade	1448.670044 234.050995 1548.489990	0.000 0.000 0.000
weapon_ttt_confgrenade	-191.052002 791.609985 1284.489990	0.000 0.000 0.000
weapon_ttt_confgrenade	158.292007 801.481995 1156.489990	0.000 0.000 0.000
weapon_ttt_confgrenade	770.414978 578.273987 1156.489990	0.000 0.000 0.000
weapon_ttt_confgrenade	3207.989990 551.687988 1412.489990	0.000 0.000 0.000
weapon_ttt_confgrenade	-555.793030 -1366.130005 1548.489990	0.000 0.000 0.000
weapon_ttt_confgrenade	-459.351013 -1157.520020 1668.489990	0.000 0.000 0.000
weapon_ttt_confgrenade	112.939003 -1402.739990 1668.489990	0.000 0.000 0.000
weapon_ttt_confgrenade	1086.410034 -1420.030029 1420.489990	0.000 0.000 0.000
weapon_ttt_confgrenade	2027.619995 -1556.930054 1540.489990	0.000 0.000 0.000
weapon_ttt_confgrenade	2822.300049 -1685.180054 1540.489990	0.000 0.000 0.000
weapon_ttt_confgrenade	2904.699951 492.531006 1412.489990	0.000 0.000 0.000
weapon_ttt_confgrenade	2643.080078 591.723999 1548.489990	0.000 0.000 0.000
weapon_ttt_confgrenade	4174.689941 764.148987 1412.489990	0.000 0.000 0.000
weapon_ttt_confgrenade	1448.670044 234.050995 1548.489990	0.000 0.000 0.000
weapon_ttt_confgrenade	-191.052002 791.609985 1284.489990	0.000 0.000 0.000
weapon_ttt_confgrenade	158.292007 801.481995 1156.489990	0.000 0.000 0.000
weapon_ttt_confgrenade	770.414978 578.273987 1156.489990	0.000 0.000 0.000
weapon_ttt_confgrenade	3207.989990 551.687988 1412.489990	0.000 0.000 0.000
weapon_zm_shotgun	-87.926201 355.231995 1155.489990	0.000 0.000 0.000
weapon_zm_shotgun	119.914001 577.731995 1155.489990	0.000 0.000 0.000
weapon_zm_shotgun	908.745972 266.372009 1155.489990	0.000 0.000 0.000
weapon_zm_shotgun	1284.130005 261.316010 1547.489990	0.000 0.000 0.000
weapon_zm_shotgun	1398.079956 748.161011 1411.489990	0.000 0.000 0.000
weapon_zm_shotgun	2353.260010 827.057007 1411.489990	0.000 0.000 0.000
weapon_zm_shotgun	2689.800049 263.342010 1411.489990	0.000 0.000 0.000
weapon_zm_shotgun	3910.870117 425.147003 1667.489990	0.000 0.000 0.000
weapon_zm_shotgun	4088.909912 640.650024 1411.489990	0.000 0.000 0.000
weapon_zm_shotgun	4220.129883 -610.536987 1667.489990	0.000 0.000 0.000
weapon_zm_shotgun	4406.479980 -1877.219971 1667.489990	0.000 0.000 0.000
weapon_zm_shotgun	2514.449951 -1286.459961 1539.489990	0.000 0.000 0.000
weapon_zm_shotgun	2074.050049 -1735.660034 1539.489990	0.000 0.000 0.000
weapon_zm_shotgun	2065.459961 -753.833984 1539.489990	0.000 0.000 0.000
weapon_zm_shotgun	1410.619995 -882.284973 1283.489990	0.000 0.000 0.000
weapon_zm_shotgun	1635.560059 -1296.930054 1283.489990	0.000 0.000 0.000
weapon_zm_shotgun	1383.849976 -1260.939941 1419.489990	0.000 0.000 0.000
weapon_zm_shotgun	1258.670044 -1275.130005 1283.489990	0.000 0.000 0.000
weapon_zm_shotgun	1145.800049 676.168030 1155.489990	0.000 0.000 0.000
weapon_zm_shotgun	1150.229980 703.862976 1155.489990	0.000 0.000 0.000
weapon_zm_shotgun	-87.926201 355.231995 1155.489990	0.000 0.000 0.000
weapon_zm_shotgun	119.914001 577.731995 1155.489990	0.000 0.000 0.000
weapon_zm_shotgun	908.745972 266.372009 1155.489990	0.000 0.000 0.000
weapon_zm_shotgun	1284.130005 261.316010 1547.489990	0.000 0.000 0.000
weapon_zm_shotgun	1398.079956 748.161011 1411.489990	0.000 0.000 0.000
weapon_zm_shotgun	2353.260010 827.057007 1411.489990	0.000 0.000 0.000
weapon_zm_shotgun	2689.800049 263.342010 1411.489990	0.000 0.000 0.000
weapon_zm_shotgun	3910.870117 425.147003 1667.489990	0.000 0.000 0.000
weapon_zm_shotgun	4088.909912 640.650024 1411.489990	0.000 0.000 0.000
weapon_zm_shotgun	4220.129883 -610.536987 1667.489990	0.000 0.000 0.000
weapon_zm_shotgun	4406.479980 -1877.219971 1667.489990	0.000 0.000 0.000
weapon_zm_shotgun	2514.449951 -1286.459961 1539.489990	0.000 0.000 0.000
weapon_zm_shotgun	2074.050049 -1735.660034 1539.489990	0.000 0.000 0.000
weapon_zm_shotgun	2065.459961 -753.833984 1539.489990	0.000 0.000 0.000
weapon_zm_shotgun	1410.619995 -882.284973 1283.489990	0.000 0.000 0.000
weapon_zm_shotgun	1635.560059 -1296.930054 1283.489990	0.000 0.000 0.000
weapon_zm_shotgun	1383.849976 -1260.939941 1419.489990	0.000 0.000 0.000
weapon_zm_shotgun	1258.670044 -1275.130005 1283.489990	0.000 0.000 0.000
weapon_zm_shotgun	1145.800049 676.168030 1155.489990	0.000 0.000 0.000
weapon_zm_shotgun	1150.229980 703.862976 1155.489990	0.000 0.000 0.000
weapon_zm_revolver	3599.169922 411.121002 1667.000000	0.000 0.000 0.000
weapon_zm_revolver	4289.029785 -390.492004 1667.000000	0.000 0.000 0.000
weapon_zm_revolver	4182.770020 -1377.650024 1667.000000	0.000 0.000 0.000
weapon_zm_revolver	3024.949951 -1053.790039 1539.000000	0.000 0.000 0.000
weapon_zm_revolver	2010.369995 -1397.209961 1539.000000	0.000 0.000 0.000
weapon_zm_revolver	1873.109985 -1148.410034 1411.000000	0.000 0.000 0.000
weapon_zm_revolver	1869.709961 -1329.729980 1155.000000	0.000 0.000 0.000
weapon_zm_revolver	2425.620117 -722.771973 1155.000000	0.000 0.000 0.000
weapon_zm_revolver	2449.060059 513.560974 1411.000000	0.000 0.000 0.000
weapon_zm_revolver	1457.479980 444.454987 1547.000000	0.000 0.000 0.000
weapon_zm_revolver	-228.363998 714.192017 1283.000000	0.000 0.000 0.000
weapon_zm_revolver	70.506203 -1602.069946 1795.000000	0.000 0.000 0.000
weapon_zm_revolver	-610.369019 -1513.449951 1411.000000	0.000 0.000 0.000
weapon_zm_revolver	244.824005 -955.070984 1283.000000	0.000 0.000 0.000
weapon_zm_revolver	3599.169922 411.121002 1667.000000	0.000 0.000 0.000
weapon_zm_revolver	4289.029785 -390.492004 1667.000000	0.000 0.000 0.000
weapon_zm_revolver	4182.770020 -1377.650024 1667.000000	0.000 0.000 0.000
weapon_zm_revolver	3024.949951 -1053.790039 1539.000000	0.000 0.000 0.000
weapon_zm_revolver	2010.369995 -1397.209961 1539.000000	0.000 0.000 0.000
weapon_zm_revolver	1873.109985 -1148.410034 1411.000000	0.000 0.000 0.000
weapon_zm_revolver	1869.709961 -1329.729980 1155.000000	0.000 0.000 0.000
weapon_zm_revolver	2425.620117 -722.771973 1155.000000	0.000 0.000 0.000
weapon_zm_revolver	2449.060059 513.560974 1411.000000	0.000 0.000 0.000
weapon_zm_revolver	1457.479980 444.454987 1547.000000	0.000 0.000 0.000
weapon_zm_revolver	-228.363998 714.192017 1283.000000	0.000 0.000 0.000
weapon_zm_revolver	70.506203 -1602.069946 1795.000000	0.000 0.000 0.000
weapon_zm_revolver	-610.369019 -1513.449951 1411.000000	0.000 0.000 0.000
weapon_zm_revolver	244.824005 -955.070984 1283.000000	0.000 0.000 0.000
