# Trouble in Terrorist Town weapon/ammo placement overrides
# For map: ttt_blocc
# Exported by: Ahbiga
setting:	replacespawns 1
ttt_random_weapon	919.070007 -41.749401 376.608002	0.000 0.000 0.000
ttt_random_weapon	624.000000 -168.000000 825.372986	0.000 0.000 0.000
ttt_random_weapon	744.000000 -200.000000 825.372986	0.000 0.000 0.000
ttt_random_weapon	752.000000 -152.000000 825.372986	0.000 0.000 0.000
ttt_random_weapon	210.229004 -1181.910034 9.372920	0.000 0.000 0.000
ttt_random_weapon	210.973999 -1233.859985 9.372920	0.000 0.000 0.000
ttt_random_weapon	44.220501 -1180.040039 -37.433498	0.000 0.000 0.000
ttt_random_weapon	-210.686005 -1214.089966 9.372920	0.000 0.000 0.000
ttt_random_weapon	-213.470001 -1248.790039 9.372920	0.000 0.000 0.000
ttt_random_weapon	-206.904007 -1302.250000 9.372920	0.000 0.000 0.000
ttt_random_weapon	927.588013 -272.148010 376.608002	0.000 0.000 0.000
ttt_random_weapon	785.354980 -693.768982 713.372986	0.000 0.000 0.000
ttt_random_weapon	560.994995 -661.275024 713.372986	0.000 0.000 0.000
ttt_random_weapon	370.649994 -638.210022 713.372986	0.000 0.000 0.000
ttt_random_weapon	-69.834503 -1049.979980 265.372986	0.000 0.000 0.000
ttt_random_weapon	-79.333298 -1115.250000 265.372986	0.000 0.000 0.000
ttt_random_weapon	1788.560059 -286.067993 178.326996	0.000 0.000 0.000
ttt_random_weapon	1757.890015 -150.123001 174.401001	0.000 0.000 0.000
ttt_random_weapon	1849.310059 -401.833008 137.373001	0.000 0.000 0.000
ttt_random_weapon	1750.810059 -403.846985 137.373001	0.000 0.000 0.000
ttt_random_weapon	1464.250000 -587.530029 137.373001	0.000 0.000 0.000
ttt_random_weapon	1547.199951 -193.761002 173.373001	0.000 0.000 0.000
ttt_random_weapon	1380.550049 168.598007 137.373001	0.000 0.000 0.000
ttt_random_weapon	1348.349976 497.149994 137.373001	0.000 0.000 0.000
ttt_random_weapon	1234.630005 571.802979 137.373001	0.000 0.000 0.000
ttt_random_weapon	-246.242996 350.566986 65.372902	0.000 0.000 0.000
ttt_random_weapon	-248.733002 294.351013 65.372902	0.000 0.000 0.000
ttt_random_weapon	70.604202 634.268982 169.373001	0.000 0.000 0.000
ttt_random_weapon	69.954300 868.255005 105.373001	0.000 0.000 0.000
ttt_random_weapon	294.802002 917.330017 169.373001	0.000 0.000 0.000
ttt_random_weapon	180.035004 802.228027 204.880005	0.000 0.000 0.000
ttt_random_weapon	152.320999 788.939026 204.880005	0.000 0.000 0.000
ttt_random_weapon	315.760986 792.484985 204.880005	0.000 0.000 0.000
ttt_random_weapon	811.830017 799.603027 204.880005	0.000 0.000 0.000
ttt_random_weapon	810.728027 759.741028 204.880005	0.000 0.000 0.000
ttt_random_weapon	263.441986 631.861023 425.372986	0.000 0.000 0.000
ttt_random_weapon	797.000000 887.229980 455.622986	0.000 0.000 0.000
ttt_random_weapon	636.614990 826.096008 455.622986	0.000 0.000 0.000
ttt_random_weapon	686.635986 835.343018 455.622986	0.000 0.000 0.000
ttt_random_weapon	298.406006 956.568970 425.372986	0.000 0.000 0.000
ttt_random_weapon	309.806000 928.627991 425.372986	0.000 0.000 0.000
ttt_random_weapon	532.859985 688.010010 450.018005	0.000 0.000 0.000
ttt_random_weapon	936.307983 661.656982 681.372986	0.000 0.000 0.000
ttt_random_weapon	881.838013 641.966003 681.372986	0.000 0.000 0.000
ttt_random_weapon	466.009003 687.905029 681.372986	0.000 0.000 0.000
ttt_random_weapon	429.106995 966.846985 681.372986	0.000 0.000 0.000
ttt_random_weapon	236.591003 693.499023 681.372986	0.000 0.000 0.000
ttt_random_weapon	235.231003 916.554993 681.372986	0.000 0.000 0.000
ttt_random_weapon	536.257996 -83.949402 732.880005	0.000 0.000 0.000
ttt_random_weapon	564.445984 -98.579697 732.880005	0.000 0.000 0.000
ttt_random_weapon	739.367004 -77.897202 732.880005	0.000 0.000 0.000
ttt_random_weapon	765.543030 -94.969299 732.880005	0.000 0.000 0.000
ttt_random_weapon	368.747986 -210.787994 537.372986	0.000 0.000 0.000
ttt_random_weapon	358.652008 62.432999 537.372986	0.000 0.000 0.000
ttt_random_weapon	799.145020 21.393801 537.372986	0.000 0.000 0.000
ttt_random_weapon	821.513977 36.886299 537.372986	0.000 0.000 0.000
ttt_random_weapon	337.782013 -262.007996 377.372986	0.000 0.000 0.000
ttt_random_weapon	267.626007 -11.794700 377.372986	0.000 0.000 0.000
ttt_random_weapon	852.687988 83.492500 377.372986	0.000 0.000 0.000
ttt_random_weapon	852.828003 46.588200 377.372986	0.000 0.000 0.000
ttt_random_weapon	838.163025 -182.018005 377.372986	0.000 0.000 0.000
ttt_random_weapon	279.990997 -39.169701 217.373001	0.000 0.000 0.000
ttt_random_weapon	278.640015 -92.830597 217.373001	0.000 0.000 0.000
ttt_random_weapon	855.005981 43.941399 217.373001	0.000 0.000 0.000
ttt_random_weapon	851.033020 85.537697 217.373001	0.000 0.000 0.000
ttt_random_weapon	399.539001 -32.709702 57.372898	0.000 0.000 0.000
ttt_random_weapon	329.164001 -30.721300 57.372898	0.000 0.000 0.000
ttt_random_weapon	722.749023 -173.888000 57.372898	0.000 0.000 0.000
ttt_random_weapon	1384.219971 -199.233002 345.372986	0.000 0.000 0.000
ttt_random_weapon	1381.609985 -323.867004 345.372986	0.000 0.000 0.000
ttt_random_weapon	1381.550049 -454.096008 345.372986	0.000 0.000 0.000
ttt_random_weapon	421.144012 -595.268005 493.372986	0.000 0.000 0.000
ttt_random_weapon	324.631989 -807.716003 499.597992	0.000 0.000 0.000
ttt_random_weapon	447.582001 -807.591980 499.597992	0.000 0.000 0.000
ttt_random_weapon	831.487000 -631.578979 457.372986	0.000 0.000 0.000
ttt_random_weapon	789.161011 -541.463013 469.417999	0.000 0.000 0.000
ttt_random_weapon	784.317993 -538.427002 319.053009	0.000 0.000 0.000
ttt_random_weapon	727.231995 -539.036011 311.053009	0.000 0.000 0.000
ttt_random_weapon	349.489014 -797.437988 257.372986	0.000 0.000 0.000
ttt_random_weapon	320.097992 -608.583008 257.372986	0.000 0.000 0.000
ttt_random_weapon	-198.373993 -413.024994 265.372986	0.000 0.000 0.000
ttt_random_weapon	182.970993 -417.488007 265.372986	0.000 0.000 0.000
ttt_random_weapon	-38.802399 -416.526001 265.372986	0.000 0.000 0.000
ttt_random_weapon	29.130100 -415.774994 265.372986	0.000 0.000 0.000
ttt_random_weapon	-296.838013 228.778000 433.372986	0.000 0.000 0.000
ttt_random_weapon	-294.992004 43.033199 433.372986	0.000 0.000 0.000
ttt_random_weapon	-300.334991 -146.567993 433.372986	0.000 0.000 0.000
ttt_random_weapon	-298.989014 -337.320007 433.372986	0.000 0.000 0.000
ttt_random_weapon	-294.924011 80.659103 297.372986	0.000 0.000 0.000
ttt_random_weapon	-292.514008 -174.421005 297.372986	0.000 0.000 0.000
ttt_random_weapon	-429.717010 -335.239014 338.385010	0.000 0.000 0.000
ttt_random_weapon	-460.151001 -304.273987 338.385010	0.000 0.000 0.000
ttt_random_weapon	-495.705994 -97.778801 322.049011	0.000 0.000 0.000
ttt_random_weapon	-509.093994 128.078995 338.385010	0.000 0.000 0.000
ttt_random_weapon	-394.885986 200.707993 334.401001	0.000 0.000 0.000
ttt_random_weapon	-668.414978 206.522003 322.049011	0.000 0.000 0.000
ttt_random_weapon	-581.007874 179.861801 53.141838	0.000 -0.528 0.000
ttt_random_weapon	-587.322571 215.443802 61.780323	0.000 1.320 0.000
ttt_random_weapon	-419.302002 215.744995 83.598198	0.000 0.000 0.000
ttt_random_weapon	-364.839996 -281.484985 41.372898	0.000 0.000 0.000
ttt_random_weapon	-389.733002 -133.610001 41.372898	0.000 0.000 0.000
ttt_random_weapon	-391.393005 -115.900002 75.372902	0.000 0.000 0.000
ttt_random_weapon	1437.270020 -216.209000 505.372986	0.000 0.000 0.000
ttt_random_weapon	1434.660034 -340.842987 505.372986	0.000 0.000 0.000
ttt_random_weapon	1434.599976 -471.071991 505.372986	0.000 0.000 0.000
ttt_random_weapon	669.812012 -286.516998 732.880005	0.000 0.000 0.000
ttt_random_weapon	29.761631 -948.877380 250.229660	1.956 5.809 -95.817
ttt_random_weapon	24.032795 -965.195618 250.870926	-2.079 2.739 -94.858
ttt_random_weapon	17.530443 -907.488770 249.231186	1.523 5.333 -93.403
ttt_random_weapon	22.022392 -882.420532 249.219406	1.656 5.337 -93.098
ttt_random_weapon	30.801878 -926.508911 249.222534	1.654 4.313 -93.142
ttt_random_weapon	224.397354 -404.202179 257.195587	1.925 4.924 -92.483
ttt_random_weapon	219.289642 -431.643555 257.201569	1.857 4.928 -92.638
ttt_random_weapon	1566.027954 -392.502472 337.206055	1.807 4.775 -92.753
ttt_random_weapon	1560.942627 -363.160065 337.238312	1.442 4.743 -93.588
ttt_random_weapon	1561.039307 -330.738678 337.227753	1.562 4.758 -93.314
ttt_random_weapon	1561.603516 -295.196106 337.224792	1.596 4.761 -93.237
ttt_random_weapon	933.954712 -51.701717 129.231949	1.514 4.912 -93.423
ttt_random_weapon	934.066956 -71.387230 129.209305	1.770 4.927 -92.837
ttt_random_weapon	1718.440186 -271.510193 129.237427	1.452 4.968 -93.565
ttt_random_weapon	1747.595215 -253.685913 129.233017	1.502 4.977 -93.451
ttt_random_weapon	1757.739990 -416.338898 129.245331	1.241 7.276 -94.515
ttt_random_weapon	1797.382690 -394.833191 129.226105	1.581 4.986 -93.272
ttt_random_weapon	1790.285645 -432.187347 129.241516	1.288 4.807 -93.586
ttt_random_weapon	1764.418091 -438.896088 129.815842	-1.426 1.955 -85.357
ttt_random_weapon	1829.882568 -419.125641 129.230301	1.533 4.981 -93.380
ttt_random_weapon	1600.604614 59.441013 129.211029	1.751 4.927 -92.882
ttt_random_weapon	1601.228149 87.646851 129.213211	1.726 4.926 -92.938
ttt_random_weapon	1603.072266 111.346718 129.235779	1.471 4.908 -93.523
ttt_random_weapon	1596.481812 143.018967 129.231705	1.517 4.913 -93.417
ttt_random_weapon	1492.561523 773.974731 129.233994	1.491 4.910 -93.476
ttt_random_weapon	1545.306152 785.770203 129.214249	1.715 4.926 -92.965
ttt_random_weapon	1498.256836 811.832275 129.195572	1.925 4.924 -92.483
ttt_random_weapon	219.216507 167.406174 1.213508	1.723 4.621 -92.946
ttt_random_weapon	182.024124 192.534927 1.178076	1.128 4.283 -93.277
ttt_random_weapon	389.691376 640.611023 38.180286	-4.096 0.677 0.080
ttt_random_weapon	391.846375 628.593567 36.588268	3.462 2.069 -94.000
ttt_random_weapon	-3.874633 898.784607 1.216237	1.692 4.925 -93.016
ttt_random_weapon	30.378050 901.483459 1.192295	1.962 4.927 -92.398
ttt_random_weapon	73.797348 906.307007 1.189698	1.991 4.921 -92.331
ttt_random_weapon	76.476509 856.098633 97.222191	1.625 4.671 -93.170
ttt_random_weapon	293.496887 903.007874 161.229324	1.544 4.915 -93.355
ttt_random_weapon	291.065125 938.080139 161.198669	1.890 4.927 -92.562
ttt_random_weapon	1358.249390 776.591797 417.220154	1.648 4.695 -93.118
ttt_random_weapon	1354.319336 802.663757 417.230316	1.533 4.680 -93.381
ttt_random_weapon	231.906036 946.740234 673.225586	1.586 4.918 -93.258
ttt_random_weapon	245.327148 722.910217 673.215271	1.703 4.926 -92.991
ttt_random_weapon	438.036346 999.355408 673.240906	1.413 4.902 -93.656
ttt_random_weapon	1435.738770 -283.740875 497.197662	1.902 4.782 -92.536
ttt_random_weapon	1433.286987 -246.719467 497.206055	1.807 4.775 -92.753
ttt_random_weapon	1445.534302 -388.659912 497.224426	1.600 4.761 -93.228
ttt_random_weapon	1438.278564 -417.547394 497.202728	1.844 4.778 -92.667
ttt_random_weapon	-245.999146 325.671265 57.238514	1.440 4.665 -93.593
ttt_random_weapon	-157.843735 -322.292786 1.215258	1.703 4.926 -92.991
ttt_random_weapon	-179.824692 -296.627716 1.214249	1.715 4.926 -92.965
ttt_random_weapon	-352.808929 -265.338379 33.217377	1.679 6.456 -93.046
ttt_random_weapon	-352.681030 -162.330460 33.196617	1.913 6.295 -92.510
ttt_random_weapon	-439.147522 188.065170 33.235233	1.469 5.726 -93.559
ttt_random_weapon	-390.846710 189.058807 33.161667	2.251 5.678 -91.951
ttt_random_weapon	-413.701813 164.613129 33.235233	1.469 5.726 -93.559
ttt_random_weapon	-600.263855 -296.151489 33.225590	1.586 4.918 -93.258
ttt_random_weapon	-620.850830 -310.955231 33.197147	1.907 4.928 -92.523
ttt_random_weapon	-502.024719 -119.338699 313.841888	1.366 29.366 -93.554
ttt_random_weapon	825.815552 -52.891232 49.221798	1.629 4.694 -93.160
ttt_random_weapon	829.450989 -78.105591 49.205421	1.814 4.712 -92.737
ttt_random_weapon	824.813477 -96.931427 49.211418	1.747 4.706 -92.892
ttt_random_weapon	784.173584 -86.237427 49.211967	1.740 4.705 -92.906
ttt_random_weapon	780.987610 -67.151451 49.202755	1.844 4.714 -92.668
ttt_random_weapon	778.906738 -41.799568 49.213047	1.728 4.704 -92.934
ttt_random_weapon	331.232239 -293.221680 369.219696	1.653 4.765 -93.106
ttt_random_weapon	328.981628 -239.263245 369.228638	1.552 4.758 -93.337
ttt_random_weapon	373.295013 95.655632 369.187622	2.015 4.791 -92.276
ttt_random_weapon	374.064240 71.625740 369.227417	1.566 4.758 -93.306
ttt_random_weapon	445.930359 -258.590607 689.225281	1.590 4.918 -93.249
ttt_random_weapon	411.979034 -262.013947 689.205017	1.819 4.928 -92.725
ttt_random_weapon	364.572021 -261.743958 689.206909	1.798 4.929 -92.775
ttt_random_weapon	227.650925 -501.553711 1.207507	1.791 4.928 -92.791
ttt_random_weapon	227.523422 -464.446167 1.211032	1.751 4.927 -92.882
ttt_random_weapon	229.949539 -443.215637 1.230150	1.535 4.914 -93.376
ttt_random_weapon	414.966064 -698.852844 1.222701	1.619 4.920 -93.184
ttt_random_weapon	433.278503 -680.732666 1.202966	1.842 4.927 -92.673
ttt_random_weapon	437.335327 -706.344971 1.213209	1.726 4.926 -92.938
ttt_random_weapon	1014.736938 -1198.161743 1.195579	1.925 4.924 -92.483
ttt_random_weapon	1003.062195 -1233.941162 1.238416	1.441 4.905 -93.591
ttt_random_weapon	974.604736 -1208.424927 1.197915	1.899 4.927 -92.543
ttt_random_weapon	444.895660 -1209.080566 1.223082	1.615 4.920 -93.193
ttt_random_weapon	429.839844 -1238.065552 1.204313	1.827 4.929 -92.708
ttt_random_weapon	51.088135 -1159.437256 -94.233498	1.860 4.715 -92.632
ttt_random_weapon	815.546082 181.555283 129.205612	1.812 4.928 -92.742
ttt_random_weapon	761.073303 184.976685 129.199326	1.883 4.637 -92.580
ttt_random_weapon	785.809448 228.257950 129.230011	1.536 4.306 -93.373
ttt_random_weapon	890.436340 556.836670 129.209305	1.770 4.927 -92.837
ttt_random_weapon	936.889832 557.786194 129.197906	1.899 4.927 -92.543
ttt_random_weapon	962.325500 -582.368347 257.218567	1.666 4.923 -93.076
ttt_random_weapon	968.924683 -552.390991 257.212677	1.732 4.927 -92.924
ttt_random_weapon	137.856628 -1054.185913 329.208710	1.777 4.928 -92.822
item_ammo_pistol_ttt	1571.573853 -190.321411 336.392120	0.021 0.031 0.003
item_ammo_pistol_ttt	1555.717285 -187.030670 336.376587	0.024 0.031 0.003
item_ammo_pistol_ttt	1546.523071 -189.744156 336.358795	0.028 0.031 0.004
item_ammo_pistol_ttt	269.072906 745.206177 0.405544	-0.081 -0.020 -0.025
item_ammo_pistol_ttt	271.035431 726.823730 0.423920	0.047 0.278 -0.472
item_ammo_pistol_ttt	287.056702 721.192505 0.352110	-0.128 -0.019 -0.039
weapon_ttt_confgrenade	1899.620117 -516.472717 131.570877	1.155 0.259 -0.479
weapon_ttt_confgrenade	1908.237305 -527.742065 131.514191	1.991 0.271 -0.825
weapon_ttt_confgrenade	1886.667847 -524.736755 131.548004	1.494 0.261 -0.619
weapon_ttt_confgrenade	1891.413086 -501.797363 131.558151	1.344 0.260 -0.557
weapon_ttt_confgrenade	566.597961 633.509827 163.539520	1.311 0.140 -0.332
weapon_ttt_confgrenade	560.262695 618.405701 163.473724	2.094 0.236 -0.526
weapon_ttt_confgrenade	546.669067 624.241211 163.532700	1.393 0.139 -0.353
weapon_ttt_confgrenade	553.895996 639.849670 163.521652	1.525 0.153 -0.386
weapon_ttt_confgrenade	765.864258 1057.690918 675.554871	1.251 0.221 1.076
weapon_ttt_confgrenade	755.219971 1056.360352 675.554871	1.251 0.221 1.076
weapon_ttt_confgrenade	-569.401672 -200.691391 35.523560	1.502 0.154 -0.381
weapon_ttt_confgrenade	-580.923645 -199.068405 35.541149	1.291 0.141 -0.327
weapon_ttt_confgrenade	742.539795 -655.078491 3.519705	1.548 0.151 -0.392
weapon_ttt_confgrenade	732.258179 -651.877014 3.529123	1.435 0.143 -0.364
weapon_ttt_confgrenade	721.582825 -660.459595 3.527297	1.457 0.148 -0.369
weapon_ttt_confgrenade	727.056213 -666.108459 3.521647	1.525 0.153 -0.386
weapon_ttt_ak47	1530.965454 759.897766 128.871231	0.162 11.848 -87.336
weapon_ttt_ak47	391.526703 742.627319 0.895251	0.128 11.848 -87.596
weapon_ttt_ak47	-582.305908 -329.872589 288.914185	0.101 11.849 -87.802
weapon_ttt_ak47	-500.381897 -208.339554 288.867523	0.165 13.132 -87.279
weapon_ttt_ak47	863.640991 -672.308655 0.918298	0.095 11.849 -87.846
weapon_ttt_ak47	869.241821 -701.103821 0.927993	0.082 11.850 -87.951
weapon_ttt_smokegrenade	1562.461426 -626.282349 132.571838	3.099 -0.132 -3.193
weapon_ttt_smokegrenade	1545.441895 -627.534241 132.597626	2.398 -0.129 -2.466
weapon_ttt_smokegrenade	1548.794800 -614.498840 132.498917	0.246 0.002 0.123
weapon_ttt_smokegrenade	1558.432251 -613.127197 132.535141	1.371 0.011 -1.187
weapon_ttt_smokegrenade	-556.952820 -181.204178 36.572098	3.186 -0.138 -3.296
weapon_ttt_smokegrenade	-572.637207 -177.887253 36.599243	2.429 -0.130 -2.507
weapon_ttt_smokegrenade	-567.202454 -189.887634 36.518845	0.435 0.004 -0.114
weapon_ttt_smokegrenade	-580.619507 -188.789291 36.582424	2.842 -0.129 -2.925
weapon_ttt_smokegrenade	-558.812439 -196.647842 36.633266	1.414 -0.113 -1.451
weapon_ttt_smokegrenade	755.431335 -656.485962 4.529795	0.856 0.012 -0.599
weapon_ttt_smokegrenade	760.414429 -667.713074 4.551852	3.689 -0.118 -3.814
weapon_ttt_smokegrenade	748.349243 -674.059570 4.504002	0.274 0.003 0.094
weapon_ttt_smokegrenade	740.467529 -663.729248 4.619903	1.783 -0.119 -1.828
ttt_playerspawn	-22.564724 -846.406677 254.875351	0.973 0.024 -0.017
ttt_playerspawn	-66.192955 -733.531128 251.648254	1.824 -0.125 0.149
ttt_playerspawn	11.650155 -722.866150 251.147079	0.207 -0.107 0.036
ttt_playerspawn	15.119844 -576.041748 251.323318	0.892 -0.070 0.094
ttt_playerspawn	-92.482704 -523.274780 251.426727	0.465 1.936 -0.096
ttt_playerspawn	-52.587006 -632.250061 252.887970	-0.596 0.254 -0.417
ttt_playerspawn	1625.119507 -513.149719 133.185684	-0.076 -0.066 0.076
ttt_playerspawn	1697.252563 -495.127136 130.679779	-0.056 -0.000 0.056
ttt_playerspawn	1726.728516 -583.630554 132.462341	0.046 -0.265 -0.051
ttt_playerspawn	-411.676208 -197.669266 293.191437	-0.007 -0.127 0.007
ttt_playerspawn	-445.773254 -135.458664 290.744141	-0.014 0.132 0.014
ttt_playerspawn	-376.459351 -94.002197 291.130432	-0.009 -0.857 0.009
ttt_playerspawn	-485.255707 70.863014 36.071133	-0.008 -0.132 0.008
ttt_playerspawn	-485.281372 -38.797684 34.925358	-0.011 0.316 0.011
ttt_playerspawn	-542.527710 15.051099 36.175236	-0.076 0.628 -0.007
ttt_playerspawn	-623.084167 -27.564539 40.527985	-0.005 0.394 0.005
ttt_playerspawn	-618.120667 81.628738 41.050232	-0.014 0.447 0.014
ttt_playerspawn	-470.294220 -210.915680 37.927673	-0.014 -0.000 0.014
ttt_playerspawn	-90.548874 430.723663 3.953009	-0.042 -0.131 -0.042
ttt_playerspawn	-46.684231 494.472107 3.336847	-0.054 0.264 0.055
ttt_playerspawn	490.204498 -62.035305 52.302013	-0.047 -0.000 0.047
ttt_playerspawn	367.265167 -101.773582 532.823364	-0.017 0.131 0.017
ttt_playerspawn	352.261505 -164.967621 531.519531	-0.034 -0.396 0.034
ttt_playerspawn	442.357727 -24.331438 692.346985	-0.068 -0.132 0.068
ttt_playerspawn	516.104980 43.609108 689.821533	-0.088 0.263 0.088
ttt_playerspawn	1377.476074 644.268311 134.690430	-0.077 -0.396 0.077
ttt_playerspawn	1420.658691 552.805664 131.242935	-0.061 0.528 0.061
ttt_playerspawn	1482.403198 358.872681 132.846191	-0.208 0.066 0.002
ttt_playerspawn	546.880249 -992.076965 6.798213	-0.043 -0.000 0.044
ttt_playerspawn	616.559387 -712.782776 4.141984	-0.028 -0.132 0.028
ttt_playerspawn	897.511108 -897.622498 5.430108	-0.056 -0.132 0.056
ttt_playerspawn	949.747864 -1105.459106 4.445081	-0.063 0.263 0.063
ttt_playerspawn	1096.110352 406.414307 124.447006	0.059 0.133 0.059
ttt_playerspawn	1077.716797 290.448334 126.418930	-0.034 0.396 0.035
ttt_playerspawn	970.019226 352.963318 123.901962	-0.083 -0.000 0.083
weapon_zm_molotov	776.659546 1042.694702 676.527771	0.729 0.010 -0.455
weapon_zm_molotov	780.523987 1028.881470 676.521179	0.487 0.005 -0.176
weapon_zm_molotov	755.655640 1031.398804 676.557495	3.514 -0.116 -3.625
weapon_zm_molotov	750.400085 1044.473755 676.529785	0.860 0.012 -0.603
weapon_zm_molotov	729.654236 -676.393799 4.509114	0.306 0.002 0.048
weapon_zm_molotov	736.223999 -683.385620 4.506578	0.289 0.003 0.073
weapon_zm_molotov	750.487854 -682.529480 4.578896	2.999 -0.135 -3.100
weapon_zm_molotov	739.843689 -691.223633 4.589703	2.699 -0.132 -2.788
item_ammo_smg1_ttt	1564.885254 -219.764877 336.518158	-0.250 0.014 -0.211
item_ammo_smg1_ttt	1372.758789 733.095337 128.406555	-0.214 0.005 0.132
item_ammo_smg1_ttt	1398.517700 735.494385 128.481903	0.080 0.002 -0.172
item_ammo_smg1_ttt	405.308350 720.155090 0.477376	0.503 -0.001 0.219
item_ammo_smg1_ttt	385.698425 719.210083 0.389066	0.098 -0.005 0.053
item_ammo_smg1_ttt	-618.752502 -373.566528 288.546448	-0.173 2.805 -0.000
item_ammo_smg1_ttt	-590.185303 -373.929779 288.489227	-0.256 -0.040 0.337
item_ammo_smg1_ttt	-557.244141 -373.895081 288.528625	0.540 -0.073 -0.123
item_ammo_smg1_ttt	-512.630737 -171.055527 288.507294	-0.475 0.011 -0.375
item_ammo_smg1_ttt	-493.295746 -170.213104 288.426514	0.597 -0.003 0.389
item_ammo_smg1_ttt	915.543091 -658.622864 0.523881	-0.208 0.015 -0.182
item_ammo_smg1_ttt	945.343079 -673.743286 0.406557	0.212 -0.005 0.131
item_ammo_smg1_ttt	933.340027 -697.337769 0.507901	-0.434 0.012 -0.350
item_ammo_smg1_ttt	904.489075 -691.573425 0.507903	-0.434 0.011 -0.348
weapon_ttt_glock	1589.571045 -183.283615 337.111664	-0.797 25.630 91.458
weapon_ttt_glock	-383.712891 -258.146820 33.111073	-0.901 25.089 91.430
weapon_ttt_glock	275.209412 763.299133 1.112948	-0.836 25.813 91.603
weapon_ttt_glock	281.577393 744.330078 1.107487	-0.499 25.862 90.924
ttt_random_ammo	95.803017 -896.668030 248.368256	-0.198 -0.001 0.151
ttt_random_ammo	99.751221 -925.023315 248.361862	-0.145 -0.000 0.083
ttt_random_ammo	74.558632 -936.319397 248.777634	0.056 0.357 -3.182
ttt_random_ammo	56.395531 -916.658875 248.353363	0.055 0.000 -0.008
ttt_random_ammo	58.631001 -887.367432 248.468781	1.142 0.297 1.846
ttt_random_ammo	99.602417 -870.981079 248.348648	-0.092 -0.000 0.009
ttt_random_ammo	73.628212 -891.806946 248.385681	-0.532 -0.004 0.566
ttt_random_ammo	58.347626 -855.958435 248.369171	0.092 0.000 0.046
ttt_random_ammo	-35.959633 -439.697052 256.382477	0.218 0.001 0.206
ttt_random_ammo	-17.427481 -434.847290 256.327850	0.046 0.000 -0.031
ttt_random_ammo	7.466512 -432.651184 256.332825	0.046 0.000 -0.028
ttt_random_ammo	31.504732 -439.224365 256.342316	0.048 0.000 -0.021
ttt_random_ammo	152.639420 -398.335052 256.346832	0.050 0.000 -0.017
ttt_random_ammo	149.649826 -424.069885 256.431824	1.314 0.032 1.586
ttt_random_ammo	168.675598 -431.823730 256.349030	0.051 0.000 -0.014
ttt_random_ammo	193.597656 -425.080444 256.432617	1.368 0.033 1.660
ttt_random_ammo	-165.782150 -396.261322 256.337646	0.047 0.000 -0.025
ttt_random_ammo	-142.003860 -397.071747 256.436920	1.267 0.032 1.537
ttt_random_ammo	-141.605759 -421.165924 256.363495	0.070 -0.000 -0.017
ttt_random_ammo	-170.112686 -425.035583 256.351196	0.052 0.000 -0.011
ttt_random_ammo	-158.394348 -437.629486 256.382324	0.217 -0.001 -0.205
ttt_random_ammo	1339.097534 -622.829102 256.394958	1.234 0.018 1.448
ttt_random_ammo	1333.575562 -642.692932 256.476227	-0.656 -0.021 0.797
ttt_random_ammo	1311.091919 -643.940857 256.414856	-1.290 -0.020 1.515
ttt_random_ammo	1300.559204 -620.188293 256.320129	0.047 -0.000 0.034
ttt_random_ammo	1322.833008 -604.932190 256.386688	0.313 0.002 0.324
ttt_random_ammo	1302.867676 -605.096802 256.355438	0.057 0.000 -0.004
ttt_random_ammo	1291.515625 -631.727112 256.377838	0.149 0.001 0.121
ttt_random_ammo	1580.427368 -432.777466 336.351196	0.052 0.000 -0.011
ttt_random_ammo	1579.814697 -466.673248 336.351196	0.052 0.000 -0.011
ttt_random_ammo	1575.909302 -497.655487 336.370972	0.097 0.000 0.054
ttt_random_ammo	1548.883301 -494.372955 336.391357	0.526 0.004 0.586
ttt_random_ammo	1545.113892 -471.320343 336.374481	0.118 0.000 0.081
ttt_random_ammo	1566.605103 -453.727142 336.393707	0.813 0.008 0.936
ttt_random_ammo	1548.737427 -422.544434 336.311981	0.047 0.000 -0.037
ttt_random_ammo	1534.724854 -445.871826 336.424835	1.461 0.034 1.765
ttt_random_ammo	911.550903 -63.356236 128.369125	0.091 -0.000 -0.045
ttt_random_ammo	909.975403 -46.123619 128.465805	0.623 -0.021 -0.755
ttt_random_ammo	930.088074 26.621178 128.355438	0.057 0.000 -0.003
ttt_random_ammo	926.412964 45.053558 128.335983	-0.047 -0.000 -0.026
ttt_random_ammo	927.772888 68.028793 128.409210	-0.960 -0.011 1.114
ttt_random_ammo	926.971680 88.211792 128.347610	-0.050 -0.000 -0.017
ttt_random_ammo	928.534363 110.584488 128.366623	-0.076 -0.000 0.026
ttt_random_ammo	1712.275635 -298.649963 164.355453	0.058 0.000 -0.003
ttt_random_ammo	1697.048706 -308.095398 164.340012	0.048 -0.000 0.023
ttt_random_ammo	1684.629639 -306.079529 164.484314	0.233 0.018 0.283
ttt_random_ammo	1688.777832 -276.555511 164.355453	0.058 0.000 -0.003
ttt_random_ammo	1525.053955 -163.964630 128.471390	-0.885 0.025 1.424
ttt_random_ammo	1525.073730 -144.699387 128.482941	-0.691 -0.008 1.300
ttt_random_ammo	1539.196899 -140.958450 128.326065	-0.047 -0.000 -0.032
ttt_random_ammo	1557.119263 -145.467758 128.389816	-0.287 -0.001 0.291
ttt_random_ammo	1557.959717 -166.363953 128.338394	-0.047 -0.000 -0.025
ttt_random_ammo	1531.715332 -172.004532 128.445938	-1.640 -0.036 1.990
ttt_random_ammo	1539.868530 -157.463165 128.378357	-0.139 -0.000 0.106
ttt_random_ammo	1724.728149 -412.371765 128.340027	0.048 -0.000 0.023
ttt_random_ammo	1710.060669 -409.156738 128.436951	1.204 -0.030 -1.456
ttt_random_ammo	1711.998779 -354.617828 178.758377	0.704 0.141 0.155
ttt_random_ammo	1738.320313 -354.704712 178.749512	-0.646 1.775 0.412
ttt_random_ammo	1760.038330 -354.687958 178.831802	0.750 0.422 0.389
ttt_random_ammo	1786.624512 -354.688599 178.832443	0.729 0.411 0.377
ttt_random_ammo	1815.859253 -354.615326 178.769562	1.745 0.849 0.202
ttt_random_ammo	1838.488037 -354.658752 178.816498	0.826 0.332 0.108
ttt_random_ammo	1879.379395 -354.670502 178.816818	1.099 0.736 0.498
ttt_random_ammo	1855.919067 -354.665527 178.813751	1.194 0.826 0.552
ttt_random_ammo	1708.904907 -431.986877 128.317474	0.048 0.000 -0.035
ttt_random_ammo	1721.948853 -446.692841 128.387589	0.368 -0.002 -0.392
ttt_random_ammo	1735.644409 -435.850037 128.351227	0.053 -0.000 0.011
ttt_random_ammo	1824.298950 -623.473755 128.382477	0.221 0.001 0.210
ttt_random_ammo	1775.377808 -624.535950 128.444580	1.150 0.029 1.399
ttt_random_ammo	1803.522949 -623.868042 128.418182	1.630 0.036 1.972
ttt_random_ammo	1789.881348 -604.576477 128.327866	0.047 0.000 -0.031
ttt_random_ammo	1818.778931 -602.960144 128.337677	0.047 -0.000 0.025
ttt_random_ammo	1848.846802 -613.251099 128.380981	0.194 0.001 0.176
ttt_random_ammo	1416.465210 -587.852356 128.343079	-0.048 -0.000 -0.021
ttt_random_ammo	1393.188110 -584.770996 128.393723	-0.371 -0.002 0.395
ttt_random_ammo	1372.087891 -570.552002 128.393723	-0.372 -0.002 0.395
ttt_random_ammo	1401.777588 -562.372192 128.460052	-0.841 -0.023 0.998
ttt_random_ammo	1572.609741 279.866241 128.333557	-0.046 -0.000 -0.028
ttt_random_ammo	1588.966431 256.220612 128.345352	-0.049 -0.000 -0.019
ttt_random_ammo	1592.183594 208.879150 128.423767	1.519 -0.035 -1.842
ttt_random_ammo	1554.559204 210.531281 128.460602	-1.200 -0.030 1.459
ttt_random_ammo	1548.088623 245.800568 128.411880	-1.105 -0.015 1.291
ttt_random_ammo	1579.402344 235.417160 128.352036	-0.053 -0.000 -0.011
ttt_random_ammo	1533.603149 224.861145 128.411987	-1.118 -0.015 1.307
ttt_random_ammo	1584.504272 189.694687 128.385345	0.278 0.001 0.281
ttt_random_ammo	1542.781006 182.306122 128.451721	-1.340 0.033 -1.621
ttt_random_ammo	1200.584351 535.381165 128.439651	1.212 0.030 1.471
ttt_random_ammo	1230.686401 532.395935 128.317459	0.047 0.000 -0.035
ttt_random_ammo	1240.774292 517.399170 128.355438	0.057 0.000 -0.004
ttt_random_ammo	1226.557373 499.907806 128.351212	0.052 0.000 -0.011
ttt_random_ammo	1191.159790 502.381348 128.322739	0.047 0.000 -0.033
ttt_random_ammo	1214.840332 512.360901 128.335251	0.046 0.000 -0.027
ttt_random_ammo	1394.975220 805.730469 128.390198	0.478 0.003 0.526
ttt_random_ammo	1436.713867 802.194702 128.389130	0.414 0.003 0.448
ttt_random_ammo	1429.892090 776.273315 128.376175	0.136 0.000 0.103
ttt_random_ammo	1400.679810 769.742126 128.357513	0.060 0.000 0.001
ttt_random_ammo	1367.890503 794.313232 128.437546	1.247 0.031 1.512
ttt_random_ammo	1411.149658 802.017944 128.435318	1.308 0.032 1.586
ttt_random_ammo	1377.346313 767.696655 128.353348	0.054 0.000 -0.008
ttt_random_ammo	214.864243 198.649139 0.467130	0.595 -0.021 -0.722
ttt_random_ammo	236.270020 193.885483 0.367309	0.084 0.000 0.035
ttt_random_ammo	236.376617 212.229706 0.420077	1.550 0.040 1.871
ttt_random_ammo	219.170639 219.988815 0.389887	0.026 0.122 -0.066
ttt_random_ammo	263.654694 215.229706 0.395708	-0.422 -0.003 0.458
ttt_random_ammo	251.017487 232.681976 0.346826	0.049 0.000 -0.017
ttt_random_ammo	393.284058 674.024231 35.612270	-0.109 -0.000 0.072
ttt_random_ammo	399.939117 657.023865 35.580879	0.042 0.000 -0.027
ttt_random_ammo	379.838226 659.472656 35.555550	0.046 0.000 -0.036
ttt_random_ammo	381.412689 675.540588 35.603340	-0.071 -0.000 0.021
ttt_random_ammo	400.782318 669.308655 10.372265	0.041 0.000 -0.024
ttt_random_ammo	381.476715 668.475220 10.407896	0.139 0.001 0.114
ttt_random_ammo	400.673340 650.640991 10.376236	0.042 0.000 -0.021
ttt_random_ammo	392.391022 628.800110 10.335660	0.047 0.000 -0.038
ttt_random_ammo	384.063324 648.475220 10.350442	0.043 0.000 -0.034
ttt_random_ammo	68.316734 871.523560 0.430959	1.412 0.033 1.714
ttt_random_ammo	38.508408 869.988525 0.374479	0.122 0.000 0.086
ttt_random_ammo	10.130459 866.362305 0.434521	1.255 0.031 1.515
ttt_random_ammo	-2.356148 846.640686 0.437393	1.270 0.032 1.541
ttt_random_ammo	10.163066 834.326721 0.450452	0.982 0.026 1.192
ttt_random_ammo	27.085096 833.732239 0.365425	0.077 0.000 0.026
ttt_random_ammo	18.135822 855.893738 0.431866	1.266 0.031 1.523
ttt_random_ammo	46.386703 853.140686 0.385356	0.277 0.001 0.279
ttt_random_ammo	46.275532 834.274719 0.392907	0.726 0.007 0.829
ttt_random_ammo	83.642265 839.925903 0.342303	0.048 0.000 -0.021
ttt_random_ammo	95.892014 900.254639 96.389862	0.469 -0.003 -0.515
ttt_random_ammo	76.071632 899.607971 96.366631	-0.078 0.000 -0.027
ttt_random_ammo	56.812572 893.663452 96.338387	-0.047 -0.000 -0.025
ttt_random_ammo	81.742126 885.720703 96.391190	0.553 0.004 0.618
ttt_random_ammo	34.252895 632.558228 160.376099	0.137 -0.000 -0.104
ttt_random_ammo	33.521030 650.805725 160.357529	0.060 -0.000 -0.001
ttt_random_ammo	52.223267 661.075012 160.377838	0.153 0.001 0.124
ttt_random_ammo	62.664463 645.544617 160.390182	0.482 0.003 0.532
ttt_random_ammo	288.232910 803.446655 195.572128	0.042 0.000 -0.031
ttt_random_ammo	292.599640 785.519287 195.562851	0.044 0.000 -0.034
ttt_random_ammo	296.667145 805.362488 170.373108	-0.048 -0.000 -0.014
ttt_random_ammo	301.286011 787.642456 170.344101	-0.045 -0.000 -0.033
ttt_random_ammo	324.353943 801.272888 170.478882	-1.124 -0.030 1.363
ttt_random_ammo	181.906448 797.364075 195.607407	0.057 0.000 0.007
ttt_random_ammo	181.262115 793.468750 170.424438	0.004 -0.129 -0.114
ttt_random_ammo	144.339478 807.952881 170.330444	0.686 0.079 -0.923
ttt_random_ammo	147.705933 789.336975 170.429626	-0.974 -0.012 1.134
ttt_random_ammo	166.097794 786.122253 170.364761	-0.045 -0.000 -0.023
ttt_random_ammo	311.100189 889.041260 160.457703	0.819 0.023 0.993
ttt_random_ammo	335.356079 889.243713 160.391556	0.629 -0.005 -0.711
ttt_random_ammo	319.204956 861.669067 160.363495	0.072 -0.000 -0.019
ttt_random_ammo	348.069397 880.579102 160.363495	0.072 -0.000 -0.019
ttt_random_ammo	341.554291 906.540039 160.369141	0.090 -0.000 -0.044
ttt_random_ammo	822.747009 777.714294 195.585007	0.042 0.000 -0.025
ttt_random_ammo	804.630615 780.651062 195.565231	0.043 0.000 -0.033
ttt_random_ammo	820.264038 802.797668 170.463013	1.221 0.033 1.482
ttt_random_ammo	801.045166 794.406067 170.343185	0.045 0.000 -0.036
ttt_random_ammo	822.757813 782.960022 170.361740	0.042 0.000 -0.029
ttt_random_ammo	803.013245 775.352234 170.399094	0.076 0.000 0.033
ttt_random_ammo	822.258240 751.418518 170.419388	-0.135 -0.553 -0.221
ttt_random_ammo	801.458191 759.667725 170.463104	1.200 0.032 1.455
ttt_random_ammo	1101.366089 664.176941 160.408707	-0.687 0.069 -0.768
ttt_random_ammo	1056.223877 623.109131 160.359543	0.063 0.000 0.006
ttt_random_ammo	1024.503906 630.462708 160.428787	1.454 0.034 1.764
ttt_random_ammo	1044.433838 672.447754 160.446671	0.986 -0.026 -1.191
ttt_random_ammo	1073.438477 687.970947 160.349045	0.051 0.000 -0.014
ttt_random_ammo	1083.909790 636.555359 160.351227	0.052 -0.000 0.011
ttt_random_ammo	1051.977661 650.020630 160.367325	0.083 0.000 0.034
ttt_random_ammo	853.809814 1040.673706 288.376129	0.132 -0.000 -0.098
ttt_random_ammo	876.568481 1005.054016 288.339996	0.047 0.000 -0.023
ttt_random_ammo	903.172974 1017.715515 288.377808	0.152 0.001 0.124
ttt_random_ammo	909.135376 1057.051514 288.438751	1.231 0.030 1.492
ttt_random_ammo	873.288330 1045.839966 288.370972	0.100 0.000 0.057
ttt_random_ammo	894.724243 1036.439575 288.369171	0.090 0.000 0.043
ttt_random_ammo	868.017944 1022.243591 288.344574	0.048 0.000 -0.019
ttt_random_ammo	1325.870850 801.202942 416.330353	0.046 0.000 -0.030
ttt_random_ammo	1326.651855 776.190491 416.346802	0.050 0.000 -0.017
ttt_random_ammo	1304.772217 781.447754 416.386627	0.322 0.002 0.335
ttt_random_ammo	1301.735107 810.786499 416.337616	0.047 0.000 -0.025
ttt_random_ammo	1099.566040 615.820496 416.392181	0.618 0.005 0.698
ttt_random_ammo	1070.123901 615.731628 416.376099	0.134 -0.000 -0.101
ttt_random_ammo	1068.481201 633.837219 416.351196	0.052 0.000 -0.011
ttt_random_ammo	1092.525513 642.106750 416.361511	0.067 -0.000 -0.012
ttt_random_ammo	885.635193 1034.208496 544.359558	0.062 0.000 0.005
ttt_random_ammo	898.206970 1059.182617 544.357544	0.060 0.000 0.001
ttt_random_ammo	921.138489 1055.695435 544.428528	1.373 0.032 1.657
ttt_random_ammo	915.132690 1027.154785 544.383972	0.244 0.001 0.239
ttt_random_ammo	948.181152 611.269470 672.485107	1.342 -0.064 1.626
ttt_random_ammo	911.071167 612.368774 672.434326	0.253 -0.168 1.830
ttt_random_ammo	871.736389 611.971802 672.478271	1.862 -0.171 2.181
ttt_random_ammo	930.104858 625.644958 672.355469	0.057 0.000 -0.004
ttt_random_ammo	428.741364 658.334717 672.332825	0.046 0.000 -0.028
ttt_random_ammo	458.722809 668.523804 672.355469	0.057 0.000 -0.003
ttt_random_ammo	478.913300 667.143616 672.370972	0.099 -0.000 -0.056
ttt_random_ammo	474.910858 638.521301 672.339966	0.047 0.000 -0.023
ttt_random_ammo	431.127747 624.839050 672.330383	0.046 0.000 -0.029
ttt_random_ammo	459.364227 647.421143 672.330383	0.046 0.000 -0.029
ttt_random_ammo	180.294449 664.897278 672.343079	-0.048 -0.000 -0.021
ttt_random_ammo	225.324844 675.481018 672.347595	-0.050 -0.000 -0.017
ttt_random_ammo	245.428741 670.065918 672.364624	-0.072 -0.000 0.019
ttt_random_ammo	238.659790 641.904419 672.345337	-0.049 -0.000 -0.019
ttt_random_ammo	198.378036 641.498352 672.356323	-0.057 -0.000 -0.003
ttt_random_ammo	222.068649 655.446045 672.444397	-1.690 -0.036 2.051
ttt_random_ammo	177.992386 972.242859 672.333557	-0.046 -0.000 -0.028
ttt_random_ammo	204.079926 958.992981 672.335999	-0.046 -0.000 -0.027
ttt_random_ammo	191.464279 933.873291 672.360535	-0.063 -0.000 0.007
ttt_random_ammo	156.367386 926.470398 672.404236	-0.717 -0.007 0.819
ttt_random_ammo	148.604263 960.390503 672.326050	-0.047 -0.000 -0.032
ttt_random_ammo	168.075577 953.107605 672.447327	-1.676 -0.037 2.039
ttt_random_ammo	544.859924 1045.759277 672.328613	-0.046 -0.000 -0.030
ttt_random_ammo	513.041931 1022.738647 672.391724	-0.324 -0.002 0.337
ttt_random_ammo	485.558563 1044.813110 672.461365	-1.183 -0.030 1.439
ttt_random_ammo	530.849487 1061.773804 672.326050	-0.047 -0.000 -0.032
ttt_random_ammo	514.357910 1043.012085 672.459229	-1.257 -0.031 1.529
ttt_random_ammo	488.977417 1060.587891 672.364624	-0.072 -0.000 0.019
ttt_random_ammo	1382.077271 -48.204845 496.441132	-1.734 -0.031 2.100
ttt_random_ammo	1391.713867 -37.478230 496.376373	-0.119 -0.000 0.083
ttt_random_ammo	1418.287720 -35.178349 496.454987	-1.174 -0.029 1.413
ttt_random_ammo	1411.808472 -64.711296 496.414337	-1.228 -0.018 1.442
ttt_random_ammo	1380.767578 -73.637718 496.446014	-1.402 -0.032 1.685
ttt_random_ammo	1400.768066 -88.593155 496.383942	-0.186 -0.001 0.168
ttt_random_ammo	1395.941772 -588.020996 496.365417	0.075 -0.000 -0.024
ttt_random_ammo	1358.787964 -552.718689 496.411438	-0.214 -0.309 0.482
ttt_random_ammo	1378.945068 -534.858704 496.368591	-0.082 -0.000 0.034
ttt_random_ammo	1409.568237 -535.088928 496.393005	0.806 -0.008 -0.928
ttt_random_ammo	1370.322144 -574.161560 496.377747	0.149 -0.001 -0.120
ttt_random_ammo	1407.377319 -559.244751 496.320099	0.046 0.000 -0.034
ttt_random_ammo	1427.284668 -597.557983 496.351196	0.052 0.000 -0.011
ttt_random_ammo	1365.866211 -611.559570 496.393402	0.935 -0.011 -1.085
ttt_random_ammo	1407.164429 -608.819946 496.349030	0.050 -0.000 0.014
ttt_random_ammo	1424.844482 -572.015503 496.346832	0.049 -0.000 0.017
ttt_random_ammo	-201.217560 290.491608 94.429466	1.378 0.032 1.665
ttt_random_ammo	-201.033203 310.607269 94.394806	1.452 0.025 1.713
ttt_random_ammo	-201.152771 266.896667 94.344582	0.049 0.000 -0.019
ttt_random_ammo	-223.283386 263.512695 94.333572	-0.046 0.000 0.028
ttt_random_ammo	-241.785614 264.095581 94.393692	-0.369 -0.002 0.393
ttt_random_ammo	-200.263992 328.942291 94.441673	1.141 -0.029 -1.383
ttt_random_ammo	-201.408234 348.712311 94.351212	0.052 -0.000 0.011
ttt_random_ammo	-261.864746 263.786835 94.349838	-0.051 -0.000 -0.014
ttt_random_ammo	-154.041992 -292.309662 0.351206	0.053 0.000 -0.011
ttt_random_ammo	-154.938004 -251.104965 0.387604	0.364 -0.002 -0.387
ttt_random_ammo	-176.998978 -263.293243 0.374481	0.122 0.000 0.086
ttt_random_ammo	-141.722260 -278.376892 0.357512	0.059 0.000 0.001
ttt_random_ammo	-140.322388 -234.503616 0.387929	0.363 0.002 0.386
ttt_random_ammo	-170.260620 -229.538971 0.370595	-0.091 -0.000 0.045
ttt_random_ammo	-429.422333 -332.892120 32.381016	0.181 0.001 0.162
ttt_random_ammo	-477.993195 -336.097443 32.443432	0.965 0.026 1.154
ttt_random_ammo	-507.611389 -320.110565 32.346783	0.048 -0.000 0.017
ttt_random_ammo	-497.334320 -294.444519 32.432045	1.157 -0.028 -1.384
ttt_random_ammo	-467.090851 -299.711212 32.386726	0.303 0.002 0.314
ttt_random_ammo	-461.073486 -335.232605 32.346767	0.048 0.000 -0.017
ttt_random_ammo	-439.659973 -305.243896 32.374489	0.113 0.000 0.077
ttt_random_ammo	-408.021210 -330.631500 32.317379	0.046 0.000 -0.034
ttt_random_ammo	-418.133026 -299.445343 32.424232	1.326 0.032 1.586
ttt_random_ammo	-521.905518 208.096481 32.351151	0.051 0.000 -0.011
ttt_random_ammo	-502.114441 213.805984 32.388065	0.338 0.002 0.357
ttt_random_ammo	-484.165558 209.005997 32.456543	0.725 0.022 0.868
ttt_random_ammo	-479.746918 177.787201 32.450260	0.876 0.024 1.052
ttt_random_ammo	-502.924255 178.544891 32.394001	0.770 0.008 0.884
ttt_random_ammo	-529.767273 183.192352 32.342243	0.046 0.000 -0.021
ttt_random_ammo	-507.766418 198.047333 32.314678	0.046 0.000 -0.035
ttt_random_ammo	-462.309723 215.324966 32.427242	1.243 0.030 1.483
ttt_random_ammo	-465.011230 191.931702 32.332756	0.045 0.000 -0.027
ttt_random_ammo	-519.328674 163.187134 32.439800	1.083 0.028 1.301
ttt_random_ammo	-493.444519 163.482803 32.351154	0.051 0.000 -0.011
ttt_random_ammo	-473.815796 159.857452 32.342243	0.046 0.000 -0.021
ttt_random_ammo	-497.717682 143.983841 32.431591	1.194 0.029 1.429
ttt_random_ammo	-629.089050 -364.396088 32.357510	0.060 -0.000 -0.001
ttt_random_ammo	-667.638672 -369.932678 32.448399	0.990 0.026 1.197
ttt_random_ammo	-686.132202 -361.803375 32.418053	1.599 0.036 1.931
ttt_random_ammo	-672.676086 -342.325470 32.374485	0.121 0.000 0.085
ttt_random_ammo	-650.127686 -349.697113 32.437393	1.230 -0.030 -1.491
ttt_random_ammo	-656.772583 -369.217834 32.344582	0.048 0.000 -0.019
ttt_random_ammo	-629.833618 -342.396362 32.388813	0.407 -0.002 -0.440
ttt_random_ammo	-503.236572 -251.945938 288.416840	1.477 0.034 1.768
ttt_random_ammo	-516.184204 -236.707764 288.330292	0.045 0.000 -0.029
ttt_random_ammo	-495.929626 -227.359573 288.444244	0.969 0.026 1.161
ttt_random_ammo	-474.072571 -233.111618 288.408264	1.674 0.033 2.008
ttt_random_ammo	-475.732727 -258.016968 288.365387	0.074 0.000 0.024
ttt_random_ammo	-418.945129 98.011948 288.428406	1.254 -0.030 -1.504
ttt_random_ammo	-385.531677 110.727638 288.348969	0.049 0.000 -0.014
ttt_random_ammo	-388.254333 144.948273 288.344513	0.047 0.000 -0.019
ttt_random_ammo	-422.285706 133.515610 288.337555	0.045 0.000 -0.025
ttt_random_ammo	-445.519531 109.144592 288.344513	0.047 0.000 -0.019
ttt_random_ammo	-408.045807 116.084274 288.385406	0.264 0.001 0.265
ttt_random_ammo	-411.886536 155.514572 288.367249	0.080 -0.000 -0.033
ttt_random_ammo	821.163452 -175.545914 48.325321	0.047 0.000 -0.032
ttt_random_ammo	823.855713 -213.743576 48.382488	0.218 0.001 0.207
ttt_random_ammo	773.004761 -205.389496 48.351215	0.053 0.000 -0.011
ttt_random_ammo	776.076843 -172.967377 48.349041	0.051 0.000 -0.014
ttt_random_ammo	803.767883 -190.027664 48.391270	0.542 0.004 0.605
ttt_random_ammo	801.926514 -144.261337 48.339996	0.047 0.000 -0.023
ttt_random_ammo	844.698120 -126.774460 48.397812	-0.095 -0.080 0.025
ttt_random_ammo	851.254272 -165.032669 48.330368	0.046 0.000 -0.029
ttt_random_ammo	830.338440 -145.630203 48.446075	1.095 0.028 1.330
ttt_random_ammo	780.195129 -144.631851 48.377823	0.153 0.001 0.125
ttt_random_ammo	783.271790 -120.935669 48.355453	0.057 0.000 -0.003
ttt_random_ammo	815.273499 -127.098434 48.401234	0.043 -0.007 0.138
ttt_random_ammo	845.392822 -200.423462 48.421329	1.647 0.037 2.001
ttt_random_ammo	799.400757 -165.806015 48.325321	0.047 0.000 -0.032
ttt_random_ammo	781.972168 74.675255 208.347626	-0.050 -0.000 -0.017
ttt_random_ammo	805.344421 84.561401 208.380234	-0.153 -0.001 0.125
ttt_random_ammo	804.166443 54.765759 208.440170	-1.301 -0.030 1.543
ttt_random_ammo	773.347412 40.307663 208.347626	-0.050 -0.000 -0.017
ttt_random_ammo	760.371948 70.089287 208.356354	-0.058 -0.000 -0.003
ttt_random_ammo	789.674927 33.969555 208.345367	-0.049 -0.000 -0.019
ttt_random_ammo	324.087494 -70.710136 208.335220	0.046 0.000 -0.026
ttt_random_ammo	337.363129 -102.739792 208.372742	0.108 0.000 0.068
ttt_random_ammo	359.805420 -91.885925 208.425903	1.439 0.033 1.738
ttt_random_ammo	355.983337 -69.022202 208.344559	0.048 0.000 -0.019
ttt_random_ammo	327.233459 -44.181934 208.330322	0.046 0.000 -0.029
ttt_random_ammo	356.112762 -44.882607 208.393173	0.686 0.006 0.782
ttt_random_ammo	379.112671 -57.222378 208.372696	0.107 -0.000 -0.067
ttt_random_ammo	383.280670 -83.266914 208.380875	0.185 -0.001 -0.166
ttt_random_ammo	867.640381 -48.827564 368.367310	0.084 0.000 0.035
ttt_random_ammo	864.852600 -80.307503 368.445953	1.095 0.028 1.330
ttt_random_ammo	862.918518 -120.785675 368.392151	0.735 -0.007 -0.839
ttt_random_ammo	679.778809 57.154705 368.382141	-0.175 -0.001 0.152
ttt_random_ammo	674.921143 88.391357 368.406677	-0.831 -0.009 0.957
ttt_random_ammo	701.826660 97.480278 368.343048	-0.048 -0.000 -0.021
ttt_random_ammo	721.634705 83.917107 368.331085	-0.047 -0.000 -0.029
ttt_random_ammo	699.205200 67.193047 368.320862	-0.047 -0.000 -0.034
ttt_random_ammo	718.911926 51.273479 368.456329	-1.310 -0.032 1.590
ttt_random_ammo	736.392090 61.861164 368.391693	-0.322 -0.002 0.335
ttt_random_ammo	288.443390 -291.919464 368.385132	0.271 -0.001 -0.273
ttt_random_ammo	284.444794 -265.460663 368.394775	1.062 0.014 1.239
ttt_random_ammo	305.777069 -278.015839 368.394989	1.224 0.018 1.436
ttt_random_ammo	284.728271 -242.369186 368.374390	0.119 -0.000 -0.083
ttt_random_ammo	301.754669 -253.873795 368.444183	1.025 0.027 1.235
ttt_random_ammo	284.604218 -215.044556 368.314728	0.047 -0.000 0.036
ttt_random_ammo	298.255737 -229.565948 368.351166	0.052 -0.000 0.011
ttt_random_ammo	303.039856 -206.732361 368.454803	0.835 0.024 1.008
ttt_random_ammo	284.638184 -185.179993 368.359497	0.062 -0.000 -0.005
ttt_random_ammo	284.196533 71.610092 368.387970	0.352 0.002 0.373
ttt_random_ammo	283.134491 107.021629 368.392242	0.606 0.005 0.684
ttt_random_ammo	310.995575 106.277481 368.437164	1.199 0.030 1.448
ttt_random_ammo	295.230865 89.883026 368.391357	0.523 0.004 0.582
ttt_random_ammo	309.863678 73.431953 368.342255	0.047 0.000 -0.021
ttt_random_ammo	332.434631 88.825836 368.357483	0.059 0.000 0.001
ttt_random_ammo	342.127747 107.752365 368.365387	0.075 0.000 0.024
ttt_random_ammo	724.593079 26.562027 528.411743	-1.093 -0.015 1.277
ttt_random_ammo	726.171387 44.321465 528.362549	-0.066 -0.000 0.011
ttt_random_ammo	753.722351 44.295586 528.343018	-0.047 -0.000 -0.021
ttt_random_ammo	751.158325 27.763802 528.354187	-0.054 -0.000 -0.008
ttt_random_ammo	774.050964 40.203846 528.414307	-1.231 -0.018 1.445
ttt_random_ammo	301.140106 -33.992256 528.374451	-0.109 -0.000 0.069
ttt_random_ammo	307.370697 0.774084 528.378235	-0.134 -0.000 0.102
ttt_random_ammo	329.052338 -26.378695 528.448792	-1.491 -0.034 1.806
ttt_random_ammo	316.621155 -55.094673 528.366577	-0.076 -0.000 0.025
ttt_random_ammo	292.826294 -54.525517 528.406494	-0.810 -0.008 0.933
ttt_random_ammo	297.037292 -84.902313 528.385803	-0.211 -0.001 0.199
ttt_random_ammo	317.882172 -86.670753 528.401794	-0.605 -0.005 0.683
ttt_random_ammo	771.297363 -87.957588 723.607422	0.057 0.000 0.006
ttt_random_ammo	760.563782 -80.544762 723.598633	0.046 0.000 -0.012
ttt_random_ammo	774.958740 -95.487251 698.423035	-0.254 -0.361 -0.199
ttt_random_ammo	773.510254 -78.521095 698.381042	-0.055 -0.000 -0.001
ttt_random_ammo	762.063782 -94.524040 698.482971	-0.860 -0.025 1.037
ttt_random_ammo	761.461487 -79.011444 698.384827	-0.062 -0.000 0.009
ttt_random_ammo	872.924622 100.339310 723.630066	0.289 0.002 0.301
ttt_random_ammo	875.118896 84.430588 723.666138	1.423 0.037 1.717
ttt_random_ammo	854.409912 81.344299 723.587097	0.042 0.000 -0.024
ttt_random_ammo	844.210632 92.462349 723.542542	0.049 0.000 -0.040
ttt_random_ammo	831.981934 95.194496 723.582947	0.041 0.000 -0.026
ttt_random_ammo	827.932007 81.108147 723.582947	0.041 0.000 -0.026
ttt_random_ammo	566.042786 -99.169670 698.358215	-0.044 -0.000 -0.027
ttt_random_ammo	542.483337 -99.453743 698.382935	-0.058 -0.000 0.003
ttt_random_ammo	527.453979 -96.982590 698.475464	-1.269 -0.033 1.539
ttt_random_ammo	548.678955 -84.559738 698.362610	-0.044 -0.000 -0.024
ttt_random_ammo	536.498108 -83.294975 698.361633	0.012 -0.113 -0.199
ttt_random_ammo	572.030518 -94.257050 723.627747	0.227 0.001 0.225
ttt_random_ammo	554.461365 -81.081207 723.587708	0.591 -0.008 -0.107
ttt_random_ammo	539.766235 -80.551888 723.602844	1.868 0.015 1.477
ttt_random_ammo	304.817657 -247.076340 688.365479	0.077 0.000 0.027
ttt_random_ammo	296.995209 -222.850601 688.403931	-0.090 -0.077 0.032
ttt_random_ammo	308.620117 -203.855621 688.343079	-0.048 -0.000 -0.021
ttt_random_ammo	333.413879 -218.629501 688.370667	-0.092 -0.000 0.046
ttt_random_ammo	341.417877 -246.605148 688.431091	-0.840 0.193 -1.125
ttt_random_ammo	318.772217 -262.780609 688.320129	0.047 0.000 -0.034
ttt_random_ammo	322.110016 -244.009140 688.389160	0.418 0.003 0.453
ttt_random_ammo	353.020569 -229.960983 688.392212	0.621 0.005 0.701
ttt_random_ammo	230.118637 -553.317932 0.322732	0.047 0.000 -0.033
ttt_random_ammo	234.169144 -586.555176 0.342303	0.048 0.000 -0.021
ttt_random_ammo	234.689789 -627.382874 0.382529	0.212 0.001 0.199
ttt_random_ammo	215.200806 -620.993652 0.435666	1.309 0.032 1.589
ttt_random_ammo	217.493347 -575.097412 0.393715	0.816 0.009 0.939
ttt_random_ammo	207.227020 -598.418945 0.383962	0.243 0.001 0.238
ttt_random_ammo	372.676056 -898.962402 0.391261	0.542 0.004 0.605
ttt_random_ammo	352.467255 -873.287598 0.351215	0.053 -0.000 0.011
ttt_random_ammo	360.093719 -853.391235 0.344599	0.049 -0.000 0.019
ttt_random_ammo	397.355011 -851.801819 0.359540	0.063 0.000 0.006
ttt_random_ammo	401.221893 -878.793030 0.377838	0.150 0.001 0.121
ttt_random_ammo	374.024414 -869.003052 0.363500	0.071 0.000 0.018
ttt_random_ammo	415.343079 -903.617004 0.337636	0.047 0.000 -0.025
ttt_random_ammo	422.920868 -876.111084 0.367308	0.084 0.000 0.035
ttt_random_ammo	354.619812 -742.276489 0.353343	0.054 0.000 -0.008
ttt_random_ammo	383.226776 -720.809265 0.317452	0.047 0.000 -0.035
ttt_random_ammo	389.407501 -747.850830 0.377830	0.151 0.001 0.123
ttt_random_ammo	366.142517 -760.666931 0.349033	0.051 0.000 -0.014
ttt_random_ammo	413.252991 -754.267761 0.346825	0.050 0.000 -0.017
ttt_random_ammo	413.179474 -734.620178 0.433900	1.189 -0.029 -1.429
ttt_random_ammo	1056.195679 -1161.809937 0.353341	0.055 0.000 -0.007
ttt_random_ammo	1062.168457 -1127.480713 0.437257	1.269 0.032 1.540
ttt_random_ammo	1040.648193 -1132.392334 0.361540	0.067 0.000 0.011
ttt_random_ammo	1057.843750 -1147.193604 0.394485	1.106 0.015 1.292
ttt_random_ammo	1033.631226 -1148.533569 0.322732	0.047 0.000 -0.033
ttt_random_ammo	1051.075439 -1183.697876 0.361542	0.066 0.000 0.011
ttt_random_ammo	1022.962952 -1172.814819 0.417700	1.627 0.036 1.968
ttt_random_ammo	1015.370789 -1150.283569 0.325312	0.046 0.000 -0.032
ttt_random_ammo	473.000732 -1142.894409 0.351216	0.052 -0.000 0.011
ttt_random_ammo	441.204315 -1141.294067 0.330380	0.046 -0.000 0.029
ttt_random_ammo	463.967438 -1126.105713 0.453458	0.439 0.065 0.672
ttt_random_ammo	452.861511 -1152.711304 0.374492	0.120 0.000 0.084
ttt_random_ammo	470.714264 -1179.706787 0.394960	1.430 0.024 1.686
ttt_random_ammo	445.003265 -1171.037964 0.351208	0.052 0.000 -0.011
ttt_random_ammo	218.237747 -1227.958740 0.440814	1.196 0.030 1.451
ttt_random_ammo	219.037506 -1206.052490 0.357508	0.060 0.000 0.001
ttt_random_ammo	197.321640 -1230.131226 0.474615	1.012 0.033 1.561
ttt_random_ammo	198.369507 -1207.535034 0.359540	0.063 0.000 0.006
ttt_random_ammo	46.273136 -1195.755493 -95.088058	0.049 0.000 -0.018
ttt_random_ammo	30.608353 -1175.979248 -95.018333	1.533 0.039 1.839
ttt_random_ammo	38.985477 -1144.361572 -95.104538	0.046 0.000 -0.030
ttt_random_ammo	51.757004 -1141.554077 -95.040085	1.063 0.014 1.240
ttt_random_ammo	58.614120 -1176.825928 -95.057030	0.148 0.001 0.119
ttt_random_ammo	-195.811005 -1160.482910 0.339987	0.047 0.000 -0.023
ttt_random_ammo	-226.912903 -1174.094971 0.441047	1.131 0.029 1.367
ttt_random_ammo	-234.174072 -1137.956055 0.379427	0.171 0.001 0.147
ttt_random_ammo	-210.200882 -1123.189087 0.372746	0.110 0.000 0.070
ttt_random_ammo	-192.087311 -1130.478516 0.357510	0.060 0.000 0.001
ttt_random_ammo	-183.634186 -1189.832397 0.357511	0.059 0.000 0.001
ttt_random_ammo	-211.970581 -1188.156250 0.367307	0.084 0.000 0.035
ttt_random_ammo	-184.943726 -1096.604736 0.419375	1.667 0.036 2.024
ttt_random_ammo	-223.956573 -1100.322021 0.436390	1.195 0.029 1.441
ttt_random_ammo	722.330750 154.218338 128.455521	0.823 0.024 0.993
ttt_random_ammo	697.862366 181.194000 128.389130	0.414 0.003 0.448
ttt_random_ammo	710.309448 209.278870 128.431595	1.389 0.032 1.685
ttt_random_ammo	731.628296 205.749512 128.374496	0.120 0.000 0.083
ttt_random_ammo	732.444702 175.281448 128.389099	0.417 0.003 0.452
ttt_random_ammo	715.917786 181.786636 128.385391	0.273 0.001 0.275
ttt_random_ammo	740.315918 195.585876 128.357513	0.060 0.000 0.001
ttt_random_ammo	890.885437 537.511780 128.339981	0.047 0.000 -0.023
ttt_random_ammo	880.344482 578.902527 128.381012	0.188 0.001 0.169
ttt_random_ammo	946.294678 583.271729 128.389099	0.417 0.003 0.452
ttt_random_ammo	947.766418 543.719360 128.370972	0.099 0.000 0.056
ttt_random_ammo	855.936157 -553.575684 256.387970	0.358 0.002 0.379
ttt_random_ammo	856.587830 -527.417908 256.351196	0.053 0.000 -0.011
ttt_random_ammo	878.655640 -523.584839 256.335236	0.046 0.000 -0.027
ttt_random_ammo	891.618469 -541.271423 256.351227	0.052 -0.000 0.011
ttt_random_ammo	877.004578 -561.759827 256.330353	0.046 0.000 -0.029
ttt_random_ammo	899.975647 -560.544434 256.462952	0.704 0.022 0.854
ttt_random_ammo	910.521790 -614.645081 256.351196	0.052 0.000 -0.011
ttt_random_ammo	927.245789 -604.953979 256.459198	0.781 0.023 0.947
ttt_random_ammo	919.580750 -569.408997 256.390198	0.479 0.003 0.527
ttt_random_ammo	902.186951 -590.859863 256.330353	0.046 0.000 -0.029
ttt_random_ammo	930.978455 -589.839417 256.351196	0.052 0.000 -0.011
ttt_random_ammo	194.924454 -1055.161865 360.894684	-0.046 -0.000 -0.032
ttt_random_ammo	217.390671 -1064.413818 360.960419	-0.359 -0.002 0.381
ttt_random_ammo	192.532303 -1077.891113 360.937988	-0.091 -0.000 0.045
ttt_random_ammo	-100.687805 -1084.755737 256.415527	1.678 0.035 2.030
ttt_random_ammo	-75.022308 -1081.803223 256.383942	0.247 0.001 0.242
ttt_random_ammo	-52.736546 -1085.849854 256.448914	1.012 0.027 1.227
ttt_random_ammo	-49.185875 -1105.442871 256.387909	0.365 0.002 0.388
ttt_random_ammo	-43.187023 -1069.263062 256.351196	0.053 0.000 -0.011
weapon_ttt_dual_elites	1586.897705 -225.033737 335.983063	1.939 0.149 -0.060
weapon_ttt_dual_elites	1586.038574 -211.955276 336.017090	1.898 0.144 -0.069
weapon_ttt_dual_elites	-382.589935 -335.145203 32.004276	1.891 0.143 -0.065
weapon_ttt_dual_elites	-384.625793 -311.926727 31.985485	1.909 0.147 -0.060
weapon_ttt_revolver	1585.163452 -169.382477 337.993988	9.396 27.007 73.910
weapon_ttt_revolver	1580.342407 -149.600311 337.988190	9.105 25.663 74.733
weapon_ttt_revolver	253.068314 779.222961 161.993423	9.430 26.052 73.774
weapon_ttt_revolver	259.646301 793.598816 161.984497	8.742 25.943 75.888
weapon_ttt_revolver	-406.360718 -275.205017 33.992348	9.137 25.487 74.762
weapon_ttt_revolver	-402.147247 -257.253418 33.997154	9.239 25.435 74.565
weapon_ttt_revolver	968.865295 -1232.862549 1.985654	9.215 26.166 74.266
weapon_ttt_revolver	956.131165 -1221.683594 1.987893	9.277 26.131 74.125
weapon_ttt_revolver	624.135132 -859.431519 1.984580	9.185 26.184 74.334
weapon_ttt_revolver	602.970154 -864.175415 1.958769	8.492 26.460 75.910
weapon_ttt_revolver	306.860931 748.113647 1.987321	9.261 26.145 74.161
weapon_ttt_revolver	294.444733 742.412720 1.963481	8.502 25.183 76.031
item_ammo_revolver_ttt	1566.855591 -262.231110 336.384064	0.461 0.057 0.034
item_ammo_revolver_ttt	1547.412842 -262.029083 336.319458	0.449 0.075 0.059
item_ammo_revolver_ttt	1576.445801 -244.761505 336.406555	0.465 0.056 0.025
item_ammo_revolver_ttt	1557.630859 -246.209686 336.362122	0.457 0.060 0.043
item_ammo_revolver_ttt	1569.404175 -148.075012 336.374451	0.459 0.059 0.038
item_ammo_revolver_ttt	1569.258667 -164.064697 336.395020	0.463 0.057 0.030
item_ammo_revolver_ttt	1552.340820 -165.214035 336.380066	0.460 0.058 0.035
item_ammo_revolver_ttt	1551.953491 -151.406677 336.350067	0.455 0.064 0.047
item_ammo_revolver_ttt	214.265060 788.404419 160.348190	0.454 0.062 0.049
item_ammo_revolver_ttt	224.784821 791.636292 160.351822	0.454 0.060 0.047
item_ammo_revolver_ttt	237.407394 791.621399 160.430969	0.470 0.054 0.016
item_ammo_revolver_ttt	244.599106 775.976379 160.372955	0.459 0.057 0.039
item_ammo_revolver_ttt	225.840500 776.507874 160.360443	0.456 0.058 0.044
item_ammo_revolver_ttt	206.423386 774.316895 160.330399	0.450 0.068 0.056
item_ammo_revolver_ttt	932.253418 -1258.972046 0.342516	0.453 0.062 0.051
item_ammo_revolver_ttt	919.844055 -1260.342163 0.319411	0.448 0.073 0.060
item_ammo_revolver_ttt	906.571838 -1268.867065 0.353591	0.455 0.060 0.047
item_ammo_revolver_ttt	933.259338 -1232.122559 0.330390	0.450 0.068 0.056
item_ammo_revolver_ttt	917.299805 -1233.909058 0.386594	0.461 0.056 0.033
item_ammo_revolver_ttt	900.453369 -1232.562134 0.321673	0.448 0.068 0.059
item_ammo_revolver_ttt	629.512268 -879.424255 0.366878	0.457 0.058 0.041
item_ammo_revolver_ttt	629.118469 -896.495972 0.328261	0.450 0.068 0.057
item_ammo_revolver_ttt	612.679626 -876.439514 0.432707	0.470 0.054 0.015
item_ammo_revolver_ttt	594.388245 -874.498474 0.382713	0.460 0.056 0.035
item_ammo_revolver_ttt	584.562134 -870.771301 0.380026	0.460 0.056 0.036
item_ammo_revolver_ttt	591.281372 -891.627808 0.430367	0.470 0.054 0.016
item_ammo_revolver_ttt	324.112610 741.592957 0.358763	0.456 0.060 0.045
item_ammo_revolver_ttt	334.639801 740.743591 0.348179	0.454 0.062 0.049
item_ammo_revolver_ttt	338.539398 724.556274 0.312413	0.447 0.073 0.063
item_ammo_revolver_ttt	304.042145 729.645569 0.390303	0.462 0.055 0.032
item_ammo_revolver_ttt	319.107208 725.372314 0.340571	0.452 0.065 0.052
item_ammo_revolver_ttt	312.572113 712.975769 0.362083	0.456 0.058 0.043
weapon_zm_revolver	1586.749023 -265.649384 336.970490	1.877 -20.613 -86.009
weapon_zm_revolver	1587.112061 -248.085663 336.817688	2.867 -39.695 -83.612
weapon_zm_revolver	211.192657 813.411499 160.970673	2.038 -18.713 -85.729
weapon_zm_revolver	211.313446 800.839050 160.970612	1.992 -18.745 -85.809
weapon_zm_revolver	-388.668823 -285.168182 32.970295	1.734 -19.211 -86.259
weapon_zm_revolver	954.860962 -1253.043579 0.970605	1.988 -18.745 -85.816
weapon_zm_revolver	990.141174 -1266.113647 0.922027	2.633 -23.206 -84.763
weapon_zm_revolver	596.728760 -842.233887 0.970687	2.061 -18.705 -85.689
weapon_zm_revolver	583.275879 -844.979370 0.970541	1.932 -18.777 -85.913
weapon_zm_revolver	333.279114 756.054260 0.827394	-3.726 -16.171 -86.149
weapon_zm_revolver	320.541656 757.549377 1.058102	-4.991 -24.622 -88.517
