# Trouble in Terrorist Town weapon/ammo placement overrides
# For map: ttt_skyscraper_2015_v1p_f4
# Exported by: dduudu
setting:	replacespawns 1
ttt_playerspawn	-270.258118 373.968109 312.555450	0.044 0.000 0.044
ttt_playerspawn	-435.732819 369.842285 312.549744	-0.049 -0.000 0.049
ttt_playerspawn	-587.585449 367.217041 312.527863	-0.071 -0.000 0.071
ttt_playerspawn	-740.647644 365.871246 312.544159	-0.055 -0.000 0.055
ttt_playerspawn	-931.576416 365.210358 312.558044	-0.041 -0.000 0.041
ttt_playerspawn	-924.460754 -330.998871 312.599609	-0.169 0.596 -0.169
ttt_playerspawn	-755.041443 -333.759399 312.581940	-0.136 0.695 -0.118
ttt_playerspawn	-590.218872 -334.483124 312.544891	0.000 -2.148 0.175
ttt_playerspawn	-442.581543 -331.111908 312.544983	-0.054 -0.000 0.054
ttt_playerspawn	-292.181976 -337.589172 312.535095	-0.063 -0.000 0.063
ttt_playerspawn	-296.843811 -500.721375 312.561249	0.062 -0.156 -0.061
ttt_playerspawn	-436.545319 -505.352264 312.517334	-0.081 -0.000 0.081
ttt_playerspawn	-580.718750 -504.564148 312.569855	-0.029 -0.000 0.029
ttt_playerspawn	-754.826538 -500.024933 312.561096	-0.038 -0.000 0.038
ttt_playerspawn	-921.532410 -503.297546 312.550507	-0.048 -0.000 0.048
ttt_playerspawn	-654.620361 -280.508423 -503.434509	-0.034 -0.000 0.034
ttt_playerspawn	-651.926208 -146.430573 -503.476624	-0.075 -0.000 0.075
ttt_playerspawn	-659.174194 -9.167967 -503.438904	-0.038 -0.000 0.038
ttt_playerspawn	-511.338043 -5.670986 -503.466888	-0.065 -0.000 0.065
ttt_playerspawn	-506.139252 -140.508774 -503.480194	-0.078 -0.000 0.078
ttt_playerspawn	-511.539154 -275.669647 -503.482666	-0.081 -0.000 0.081
ttt_playerspawn	-514.733337 380.907593 -503.467926	-0.066 -0.000 0.066
ttt_playerspawn	-647.665710 381.414398 -503.446594	-0.045 -0.000 0.046
ttt_playerspawn	-623.283142 366.314484 -295.432343	-0.031 -0.000 0.031
ttt_playerspawn	-378.766357 364.763092 -295.424713	-0.024 -0.000 0.023
ttt_playerspawn	-183.624863 374.371582 -87.508858	-0.044 -0.000 0.044
ttt_playerspawn	-455.747894 372.736877 -87.508858	-0.044 -0.000 0.044
ttt_playerspawn	-1046.147095 -571.581360 -87.481728	-0.033 -0.000 0.033
ttt_playerspawn	-1042.410278 -373.092987 -87.499443	-0.040 -0.000 0.040
ttt_playerspawn	-102.510010 -711.994080 -87.472458	-0.029 -0.000 0.029
ttt_playerspawn	-258.196014 -711.408691 -87.457771	-0.023 -0.000 0.023
ttt_playerspawn	-581.179443 384.534332 120.541321	-0.024 -0.000 0.024
ttt_playerspawn	-379.286163 383.462189 120.533791	-0.027 -0.000 0.027
ttt_playerspawn	-862.763428 382.559387 120.479004	-0.049 -0.000 0.049
ttt_playerspawn	-1061.154785 376.239502 120.599777	0.148 0.036 0.148
ttt_playerspawn	-1067.928833 -88.094437 120.487793	-0.045 -0.000 0.045
ttt_playerspawn	-1068.902588 149.490952 120.489426	0.045 0.000 0.045
ttt_playerspawn	-215.619659 -710.579712 120.467232	-0.013 -0.000 0.013
ttt_playerspawn	-116.792488 -711.604919 120.471184	-0.013 -0.000 0.013
ttt_playerspawn	-20.795553 -713.819214 120.489212	-0.011 -0.000 0.011
weapon_ttt_ak47	-453.317444 -4.180795 -85.029411	-0.185 -1.723 87.975
item_ammo_357_ttt	-361.178986 -186.378006 -86.724197	0.000 0.000 0.000
item_ammo_357_ttt	-369.725006 -185.822006 -86.724197	0.000 0.000 0.000
item_ammo_357_ttt	-381.272003 -185.205002 -86.724197	0.000 0.000 0.000
item_ammo_357_ttt	-404.408997 59.759998 441.276001	0.000 0.000 0.000
item_ammo_357_ttt	-418.842010 63.150002 441.276001	0.000 0.000 0.000
item_ammo_357_ttt	-361.178986 -186.378006 -86.724197	0.000 0.000 0.000
item_ammo_357_ttt	-369.725006 -185.822006 -86.724197	0.000 0.000 0.000
item_ammo_357_ttt	-381.272003 -185.205002 -86.724197	0.000 0.000 0.000
item_ammo_357_ttt	-404.408997 59.759998 441.276001	0.000 0.000 0.000
item_ammo_357_ttt	-418.842010 63.150002 441.276001	0.000 0.000 0.000
item_ammo_revolver_ttt	-387.179993 -258.278015 -86.724197	0.000 0.000 0.000
item_ammo_revolver_ttt	-396.856995 -258.746002 -86.724197	0.000 0.000 0.000
item_ammo_revolver_ttt	-411.013000 -258.152008 -86.724197	0.000 0.000 0.000
item_ammo_revolver_ttt	-461.799988 174.949997 441.276001	0.000 0.000 0.000
item_ammo_revolver_ttt	-478.770996 177.250000 441.276001	0.000 0.000 0.000
item_ammo_revolver_ttt	-387.179993 -258.278015 -86.724197	0.000 0.000 0.000
item_ammo_revolver_ttt	-396.856995 -258.746002 -86.724197	0.000 0.000 0.000
item_ammo_revolver_ttt	-411.013000 -258.152008 -86.724197	0.000 0.000 0.000
item_ammo_revolver_ttt	-461.799988 174.949997 441.276001	0.000 0.000 0.000
item_ammo_revolver_ttt	-478.770996 177.250000 441.276001	0.000 0.000 0.000
item_ammo_smg1_ttt	-449.027008 -256.121002 -86.655296	0.000 0.000 0.000
item_ammo_smg1_ttt	-470.449005 -256.996002 -86.655296	0.000 0.000 0.000
item_ammo_smg1_ttt	-491.071014 -261.289001 -86.655296	0.000 0.000 0.000
item_ammo_smg1_ttt	-510.796997 -261.946014 -86.655296	0.000 0.000 0.000
item_ammo_smg1_ttt	-421.082001 179.289993 441.345001	0.000 0.000 0.000
item_ammo_smg1_ttt	-440.635010 180.669998 441.345001	0.000 0.000 0.000
item_ammo_smg1_ttt	-449.027008 -256.121002 -86.655296	0.000 0.000 0.000
item_ammo_smg1_ttt	-470.449005 -256.996002 -86.655296	0.000 0.000 0.000
item_ammo_smg1_ttt	-491.071014 -261.289001 -86.655296	0.000 0.000 0.000
item_ammo_smg1_ttt	-510.796997 -261.946014 -86.655296	0.000 0.000 0.000
item_ammo_smg1_ttt	-421.082001 179.289993 441.345001	0.000 0.000 0.000
item_ammo_smg1_ttt	-440.635010 180.669998 441.345001	0.000 0.000 0.000
item_ammo_smg1_ttt	-511.306488 -541.035461 -294.258392	0.861 -0.099 -0.638
item_ammo_smg1_ttt	-839.914429 -551.930237 -295.518402	0.380 0.001 -0.365
item_ammo_pistol_ttt	-351.000000 -204.000000 -59.000000	0.000 0.000 0.000
item_ammo_pistol_ttt	-351.000000 -224.000000 -59.000000	0.000 0.000 0.000
item_ammo_pistol_ttt	-351.000000 -244.000000 -59.000000	0.000 0.000 0.000
item_ammo_pistol_ttt	-351.000000 -204.000000 -59.000000	0.000 0.000 0.000
item_ammo_pistol_ttt	-351.000000 -224.000000 -59.000000	0.000 0.000 0.000
item_ammo_pistol_ttt	-351.000000 -244.000000 -59.000000	0.000 0.000 0.000
item_ammo_pistol_ttt	-323.774750 -401.660736 120.376434	-0.107 -0.019 -0.032
weapon_ttt_g3sg1	-1015.212585 388.108093 -270.736267	-0.303 -86.670 85.427
ttt_random_weapon	-414.859009 -188.376007 -77.627098	0.000 0.000 0.000
ttt_random_weapon	-950.263977 -506.845001 -77.627098	0.000 0.000 0.000
ttt_random_weapon	-949.164001 -522.987000 -77.627098	0.000 0.000 0.000
ttt_random_weapon	-948.297974 -546.442017 -77.627098	0.000 0.000 0.000
ttt_random_weapon	48.011002 -679.473022 -77.627098	0.000 0.000 0.000
ttt_random_weapon	46.271999 -722.981018 -77.627098	0.000 0.000 0.000
ttt_random_weapon	-295.473999 -492.528992 -77.627098	0.000 0.000 0.000
ttt_random_weapon	-296.076996 181.740005 -77.627098	0.000 0.000 0.000
ttt_random_weapon	-869.127014 -204.951996 -77.627098	0.000 0.000 0.000
ttt_random_weapon	-864.726990 -187.604004 -77.627098	0.000 0.000 0.000
ttt_random_weapon	-866.354980 -167.126999 -77.627098	0.000 0.000 0.000
ttt_random_weapon	-638.510010 -103.863998 -77.627098	0.000 0.000 0.000
ttt_random_weapon	-637.883972 -123.267998 -77.627098	0.000 0.000 0.000
ttt_random_weapon	-634.687012 -141.591003 -77.627098	0.000 0.000 0.000
ttt_random_weapon	-1055.689941 454.440002 -77.627098	0.000 0.000 0.000
ttt_random_weapon	-1052.770020 428.500000 -77.627098	0.000 0.000 0.000
ttt_random_weapon	-1107.599976 -197.544006 -77.627098	0.000 0.000 0.000
ttt_random_weapon	-1114.160034 -140.916000 -77.627098	0.000 0.000 0.000
ttt_random_weapon	-1121.910034 -705.723999 -77.627098	0.000 0.000 0.000
ttt_random_weapon	-1115.319946 -608.432983 -77.627098	0.000 0.000 0.000
ttt_random_weapon	-337.819000 -770.408997 -77.627098	0.000 0.000 0.000
ttt_random_weapon	-383.688995 -762.460022 -77.627098	0.000 0.000 0.000
ttt_random_weapon	10.179000 -577.280029 -77.627098	0.000 0.000 0.000
ttt_random_weapon	16.108999 -556.700989 -77.627098	0.000 0.000 0.000
ttt_random_weapon	-60.487999 -558.202026 -77.627098	0.000 0.000 0.000
ttt_random_weapon	-59.022999 -534.932007 -77.627098	0.000 0.000 0.000
ttt_random_weapon	28.267000 -358.696991 -77.627098	0.000 0.000 0.000
ttt_random_weapon	-56.391998 -352.227997 -77.627098	0.000 0.000 0.000
ttt_random_weapon	90.080002 -2.400000 18.372999	0.000 0.000 0.000
ttt_random_weapon	92.800003 0.296000 226.373001	0.000 0.000 0.000
ttt_random_weapon	-123.204002 346.579987 322.372986	0.000 0.000 0.000
ttt_random_weapon	-595.310974 251.229996 322.372986	0.000 0.000 0.000
ttt_random_weapon	-793.549988 254.020004 322.372986	0.000 0.000 0.000
ttt_random_weapon	-992.848022 186.589996 322.372986	0.000 0.000 0.000
ttt_random_weapon	-985.570984 62.209999 322.372986	0.000 0.000 0.000
ttt_random_weapon	-979.862976 -80.893997 322.372986	0.000 0.000 0.000
ttt_random_weapon	-755.484009 -710.237976 322.372986	0.000 0.000 0.000
ttt_random_weapon	-526.023010 -713.684998 322.372986	0.000 0.000 0.000
ttt_random_weapon	-288.894012 -711.963013 322.372986	0.000 0.000 0.000
ttt_random_weapon	-451.213989 -140.811005 322.372986	0.000 0.000 0.000
ttt_random_weapon	-581.822021 -149.164001 322.372986	0.000 0.000 0.000
ttt_random_weapon	-474.907990 126.889999 322.372986	0.000 0.000 0.000
ttt_random_weapon	-721.359985 120.959999 322.372986	0.000 0.000 0.000
ttt_random_weapon	-886.541992 -10.763000 322.372986	0.000 0.000 0.000
ttt_random_weapon	-356.053009 3.369000 178.373001	0.000 0.000 0.000
ttt_random_weapon	-428.714996 4.335000 178.373001	0.000 0.000 0.000
ttt_random_weapon	-494.571014 5.019000 178.373001	0.000 0.000 0.000
ttt_random_weapon	-921.512024 -106.310997 178.373001	0.000 0.000 0.000
ttt_random_weapon	-697.562988 40.730000 130.373001	0.000 0.000 0.000
ttt_random_weapon	-486.786011 43.610001 130.373001	0.000 0.000 0.000
ttt_random_weapon	-816.030029 21.730000 130.373001	0.000 0.000 0.000
ttt_random_weapon	-928.437988 -651.377991 130.373001	0.000 0.000 0.000
ttt_random_weapon	-926.116028 -667.038025 130.373001	0.000 0.000 0.000
ttt_random_weapon	-681.695984 -767.672974 130.373001	0.000 0.000 0.000
ttt_random_weapon	-682.497986 -711.854004 130.373001	0.000 0.000 0.000
ttt_random_weapon	-483.855988 -690.651978 130.373001	0.000 0.000 0.000
ttt_random_weapon	-476.377991 -773.161987 130.373001	0.000 0.000 0.000
ttt_random_weapon	-431.339996 -484.968994 130.373001	0.000 0.000 0.000
ttt_random_weapon	-477.636993 -422.419006 130.373001	0.000 0.000 0.000
ttt_random_weapon	-618.916992 -399.937988 130.373001	0.000 0.000 0.000
ttt_random_weapon	-616.586975 -469.010986 130.373001	0.000 0.000 0.000
ttt_random_weapon	-881.301025 -473.601990 130.373001	0.000 0.000 0.000
ttt_random_weapon	-886.195984 -436.459991 130.373001	0.000 0.000 0.000
ttt_random_weapon	-1008.710022 -642.255005 130.373001	0.000 0.000 0.000
ttt_random_weapon	-1004.780029 -392.122009 130.373001	0.000 0.000 0.000
ttt_random_weapon	-388.338989 -201.824997 130.373001	0.000 0.000 0.000
ttt_random_weapon	-307.641998 -195.770996 130.373001	0.000 0.000 0.000
ttt_random_weapon	-23.360001 -420.468994 130.373001	0.000 0.000 0.000
ttt_random_weapon	-25.496000 -437.385986 130.373001	0.000 0.000 0.000
ttt_random_weapon	-23.634001 -459.138000 130.373001	0.000 0.000 0.000
ttt_random_weapon	-23.402000 -485.473999 130.373001	0.000 0.000 0.000
ttt_random_weapon	-775.299011 262.339996 130.373001	0.000 0.000 0.000
ttt_random_weapon	-847.830017 259.309998 130.373001	0.000 0.000 0.000
ttt_random_weapon	-915.276001 256.519989 130.373001	0.000 0.000 0.000
ttt_random_weapon	-231.231003 262.399994 130.373001	0.000 0.000 0.000
ttt_random_weapon	-277.083008 263.269989 130.373001	0.000 0.000 0.000
ttt_random_weapon	-168.748001 -100.550003 322.372986	0.000 0.000 0.000
ttt_random_weapon	-168.160995 -302.122009 322.372986	0.000 0.000 0.000
ttt_random_weapon	-442.505005 176.220001 -77.627098	0.000 0.000 0.000
ttt_random_weapon	-440.394989 160.929993 -77.627098	0.000 0.000 0.000
ttt_random_weapon	-437.071991 145.600006 -77.627098	0.000 0.000 0.000
ttt_random_weapon	94.209999 482.350006 -77.627098	0.000 0.000 0.000
ttt_random_weapon	92.660004 451.750000 -77.627098	0.000 0.000 0.000
ttt_random_weapon	-945.078003 159.750000 130.373001	0.000 0.000 0.000
ttt_random_weapon	-742.971985 159.600006 130.373001	0.000 0.000 0.000
ttt_random_weapon	-451.002991 -572.520020 -77.627098	0.000 0.000 0.000
ttt_random_weapon	-443.803009 -591.666992 -77.627098	0.000 0.000 0.000
ttt_random_weapon	-542.898987 -652.510986 -77.627098	0.000 0.000 0.000
ttt_random_weapon	-414.859009 -188.376007 -77.627098	0.000 0.000 0.000
ttt_random_weapon	-950.263977 -506.845001 -77.627098	0.000 0.000 0.000
ttt_random_weapon	-949.164001 -522.987000 -77.627098	0.000 0.000 0.000
ttt_random_weapon	-948.297974 -546.442017 -77.627098	0.000 0.000 0.000
ttt_random_weapon	48.011002 -679.473022 -77.627098	0.000 0.000 0.000
ttt_random_weapon	46.271999 -722.981018 -77.627098	0.000 0.000 0.000
ttt_random_weapon	-295.473999 -492.528992 -77.627098	0.000 0.000 0.000
ttt_random_weapon	-296.076996 181.740005 -77.627098	0.000 0.000 0.000
ttt_random_weapon	-869.127014 -204.951996 -77.627098	0.000 0.000 0.000
ttt_random_weapon	-864.726990 -187.604004 -77.627098	0.000 0.000 0.000
ttt_random_weapon	-866.354980 -167.126999 -77.627098	0.000 0.000 0.000
ttt_random_weapon	-638.510010 -103.863998 -77.627098	0.000 0.000 0.000
ttt_random_weapon	-637.883972 -123.267998 -77.627098	0.000 0.000 0.000
ttt_random_weapon	-634.687012 -141.591003 -77.627098	0.000 0.000 0.000
ttt_random_weapon	-1055.689941 454.440002 -77.627098	0.000 0.000 0.000
ttt_random_weapon	-1052.770020 428.500000 -77.627098	0.000 0.000 0.000
ttt_random_weapon	-1107.599976 -197.544006 -77.627098	0.000 0.000 0.000
ttt_random_weapon	-1114.160034 -140.916000 -77.627098	0.000 0.000 0.000
ttt_random_weapon	-1121.910034 -705.723999 -77.627098	0.000 0.000 0.000
ttt_random_weapon	-1115.319946 -608.432983 -77.627098	0.000 0.000 0.000
ttt_random_weapon	-337.819000 -770.408997 -77.627098	0.000 0.000 0.000
ttt_random_weapon	-383.688995 -762.460022 -77.627098	0.000 0.000 0.000
ttt_random_weapon	10.179000 -577.280029 -77.627098	0.000 0.000 0.000
ttt_random_weapon	16.108999 -556.700989 -77.627098	0.000 0.000 0.000
ttt_random_weapon	-60.487999 -558.202026 -77.627098	0.000 0.000 0.000
ttt_random_weapon	-59.022999 -534.932007 -77.627098	0.000 0.000 0.000
ttt_random_weapon	28.267000 -358.696991 -77.627098	0.000 0.000 0.000
ttt_random_weapon	-56.391998 -352.227997 -77.627098	0.000 0.000 0.000
ttt_random_weapon	90.080002 -2.400000 18.372999	0.000 0.000 0.000
ttt_random_weapon	92.800003 0.296000 226.373001	0.000 0.000 0.000
ttt_random_weapon	-123.204002 346.579987 322.372986	0.000 0.000 0.000
ttt_random_weapon	-595.310974 251.229996 322.372986	0.000 0.000 0.000
ttt_random_weapon	-793.549988 254.020004 322.372986	0.000 0.000 0.000
ttt_random_weapon	-992.848022 186.589996 322.372986	0.000 0.000 0.000
ttt_random_weapon	-985.570984 62.209999 322.372986	0.000 0.000 0.000
ttt_random_weapon	-979.862976 -80.893997 322.372986	0.000 0.000 0.000
ttt_random_weapon	-755.484009 -710.237976 322.372986	0.000 0.000 0.000
ttt_random_weapon	-526.023010 -713.684998 322.372986	0.000 0.000 0.000
ttt_random_weapon	-288.894012 -711.963013 322.372986	0.000 0.000 0.000
ttt_random_weapon	-451.213989 -140.811005 322.372986	0.000 0.000 0.000
ttt_random_weapon	-581.822021 -149.164001 322.372986	0.000 0.000 0.000
ttt_random_weapon	-474.907990 126.889999 322.372986	0.000 0.000 0.000
ttt_random_weapon	-721.359985 120.959999 322.372986	0.000 0.000 0.000
ttt_random_weapon	-886.541992 -10.763000 322.372986	0.000 0.000 0.000
ttt_random_weapon	-356.053009 3.369000 178.373001	0.000 0.000 0.000
ttt_random_weapon	-428.714996 4.335000 178.373001	0.000 0.000 0.000
ttt_random_weapon	-494.571014 5.019000 178.373001	0.000 0.000 0.000
ttt_random_weapon	-921.512024 -106.310997 178.373001	0.000 0.000 0.000
ttt_random_weapon	-697.562988 40.730000 130.373001	0.000 0.000 0.000
ttt_random_weapon	-486.786011 43.610001 130.373001	0.000 0.000 0.000
ttt_random_weapon	-816.030029 21.730000 130.373001	0.000 0.000 0.000
ttt_random_weapon	-928.437988 -651.377991 130.373001	0.000 0.000 0.000
ttt_random_weapon	-926.116028 -667.038025 130.373001	0.000 0.000 0.000
ttt_random_weapon	-681.695984 -767.672974 130.373001	0.000 0.000 0.000
ttt_random_weapon	-682.497986 -711.854004 130.373001	0.000 0.000 0.000
ttt_random_weapon	-483.855988 -690.651978 130.373001	0.000 0.000 0.000
ttt_random_weapon	-476.377991 -773.161987 130.373001	0.000 0.000 0.000
ttt_random_weapon	-431.339996 -484.968994 130.373001	0.000 0.000 0.000
ttt_random_weapon	-477.636993 -422.419006 130.373001	0.000 0.000 0.000
ttt_random_weapon	-618.916992 -399.937988 130.373001	0.000 0.000 0.000
ttt_random_weapon	-616.586975 -469.010986 130.373001	0.000 0.000 0.000
ttt_random_weapon	-881.301025 -473.601990 130.373001	0.000 0.000 0.000
ttt_random_weapon	-886.195984 -436.459991 130.373001	0.000 0.000 0.000
ttt_random_weapon	-1008.710022 -642.255005 130.373001	0.000 0.000 0.000
ttt_random_weapon	-1004.780029 -392.122009 130.373001	0.000 0.000 0.000
ttt_random_weapon	-388.338989 -201.824997 130.373001	0.000 0.000 0.000
ttt_random_weapon	-307.641998 -195.770996 130.373001	0.000 0.000 0.000
ttt_random_weapon	-23.360001 -420.468994 130.373001	0.000 0.000 0.000
ttt_random_weapon	-25.496000 -437.385986 130.373001	0.000 0.000 0.000
ttt_random_weapon	-23.634001 -459.138000 130.373001	0.000 0.000 0.000
ttt_random_weapon	-23.402000 -485.473999 130.373001	0.000 0.000 0.000
ttt_random_weapon	-775.299011 262.339996 130.373001	0.000 0.000 0.000
ttt_random_weapon	-847.830017 259.309998 130.373001	0.000 0.000 0.000
ttt_random_weapon	-915.276001 256.519989 130.373001	0.000 0.000 0.000
ttt_random_weapon	-231.231003 262.399994 130.373001	0.000 0.000 0.000
ttt_random_weapon	-277.083008 263.269989 130.373001	0.000 0.000 0.000
ttt_random_weapon	-168.748001 -100.550003 322.372986	0.000 0.000 0.000
ttt_random_weapon	-168.160995 -302.122009 322.372986	0.000 0.000 0.000
ttt_random_weapon	-442.505005 176.220001 -77.627098	0.000 0.000 0.000
ttt_random_weapon	-440.394989 160.929993 -77.627098	0.000 0.000 0.000
ttt_random_weapon	-437.071991 145.600006 -77.627098	0.000 0.000 0.000
ttt_random_weapon	94.209999 482.350006 -77.627098	0.000 0.000 0.000
ttt_random_weapon	92.660004 451.750000 -77.627098	0.000 0.000 0.000
ttt_random_weapon	-945.078003 159.750000 130.373001	0.000 0.000 0.000
ttt_random_weapon	-742.971985 159.600006 130.373001	0.000 0.000 0.000
ttt_random_weapon	-451.002991 -572.520020 -77.627098	0.000 0.000 0.000
ttt_random_weapon	-443.803009 -591.666992 -77.627098	0.000 0.000 0.000
ttt_random_weapon	-542.898987 -652.510986 -77.627098	0.000 0.000 0.000
ttt_random_weapon	-1125.314941 -724.829834 -502.800018	1.875 4.206 -92.597
ttt_random_weapon	-1114.648193 109.721191 -502.781647	1.668 4.049 -93.072
ttt_random_weapon	-806.863342 203.074677 -502.789856	1.572 5.156 -93.753
ttt_random_weapon	-154.484024 212.123337 -502.795349	1.823 4.200 -92.717
ttt_random_weapon	-713.531189 445.598175 -78.843056	1.572 -0.595 -93.292
ttt_random_weapon	-709.704956 418.884033 -78.022453	1.512 2.615 -93.429
ttt_random_weapon	-396.487061 449.582092 -83.427139	1.517 2.539 -93.417
ttt_random_weapon	-391.116394 425.360687 -82.905403	1.523 3.458 -93.404
ttt_random_weapon	-700.176880 -750.903320 -73.148285	1.588 5.323 -93.254
ttt_random_weapon	-664.626221 -773.779236 -73.823372	1.592 0.921 -93.245
ttt_random_weapon	-918.210266 -775.410889 -79.544449	1.560 -2.197 -93.320
ttt_random_weapon	-941.424194 -752.232971 -76.990646	1.449 -1.628 -93.574
ttt_random_weapon	-92.601334 -774.518494 -77.445488	1.485 8.689 -93.491
ttt_random_weapon	-103.167587 -765.415710 -80.580490	1.546 10.915 -93.351
ttt_random_weapon	-166.165192 86.267578 319.266449	-4.735 0.212 9.476
ttt_random_weapon	-168.708099 -58.278767 316.135864	-4.372 -0.937 -2.043
ttt_random_weapon	-887.305420 20.417459 132.048386	1.425 -5.870 -93.629
ttt_random_weapon	-382.328949 41.828587 125.184746	1.401 0.348 -93.683
weapon_zm_sledge	-355.000000 -247.000000 -83.142197	0.000 90.000 0.000
weapon_zm_sledge	-355.000000 -247.000000 -83.142197	0.000 90.000 0.000
weapon_zm_sledge	-966.081543 -14.171118 320.420319	18.086 -179.855 3.044
weapon_ttt_m16	-353.000000 -232.000000 -32.000000	1.000 89.991 89.500
weapon_ttt_m16	-353.000000 -232.000000 -32.000000	1.000 89.991 89.500
weapon_ttt_m16	-302.457458 -401.467163 122.175385	1.547 -90.311 84.905
weapon_ttt_tmp	-835.005127 -531.588013 -294.171875	-0.247 93.722 -92.847
weapon_ttt_mp5	-114.443390 378.829590 324.922485	-0.192 176.556 -86.701
weapon_zm_molotov	-347.000000 -200.000000 -80.000000	0.000 0.000 0.000
weapon_zm_molotov	-347.000000 -200.000000 -80.000000	0.000 0.000 0.000
ttt_random_ammo	-554.335999 -194.891998 -86.999397	0.000 0.000 0.000
ttt_random_ammo	-556.218994 -182.884995 -86.999397	0.000 0.000 0.000
ttt_random_ammo	-521.494995 -184.552002 -86.999397	0.000 0.000 0.000
ttt_random_ammo	-520.668030 -192.781006 -86.999397	0.000 0.000 0.000
ttt_random_ammo	-496.648987 -183.684006 -86.999397	0.000 0.000 0.000
ttt_random_ammo	-497.279999 -191.619995 -86.999397	0.000 0.000 0.000
ttt_random_ammo	-474.097992 -184.108002 -86.999397	0.000 0.000 0.000
ttt_random_ammo	-474.488007 -191.712997 -86.999397	0.000 0.000 0.000
ttt_random_ammo	-159.041000 -160.380997 313.001007	0.000 0.000 0.000
ttt_random_ammo	-156.240997 -199.505005 313.001007	0.000 0.000 0.000
ttt_random_ammo	-152.822998 -243.384995 313.001007	0.000 0.000 0.000
ttt_random_ammo	-43.551998 407.429993 313.001007	0.000 0.000 0.000
ttt_random_ammo	-39.209000 385.959991 313.001007	0.000 0.000 0.000
ttt_random_ammo	-38.567001 355.649994 313.001007	0.000 0.000 0.000
ttt_random_ammo	-487.988007 306.079987 313.001007	0.000 0.000 0.000
ttt_random_ammo	-834.062988 312.730011 313.001007	0.000 0.000 0.000
ttt_random_ammo	-1062.900024 110.459999 313.001007	0.000 0.000 0.000
ttt_random_ammo	-1062.239990 79.720001 313.001007	0.000 0.000 0.000
ttt_random_ammo	-1062.719971 55.080002 313.001007	0.000 0.000 0.000
ttt_random_ammo	-871.934998 -108.303001 441.001007	0.000 0.000 0.000
ttt_random_ammo	-874.026978 -83.400002 441.001007	0.000 0.000 0.000
ttt_random_ammo	-866.513000 -34.014000 441.001007	0.000 0.000 0.000
ttt_random_ammo	-754.580994 -731.853027 313.001007	0.000 0.000 0.000
ttt_random_ammo	-510.726990 -732.057007 313.001007	0.000 0.000 0.000
ttt_random_ammo	-276.644012 -728.625000 313.001007	0.000 0.000 0.000
ttt_random_ammo	-799.943970 -136.763000 313.001007	0.000 0.000 0.000
ttt_random_ammo	-799.325012 -126.327003 313.001007	0.000 0.000 0.000
ttt_random_ammo	-799.504028 -113.710999 313.001007	0.000 0.000 0.000
ttt_random_ammo	-829.364014 -136.376007 313.001007	0.000 0.000 0.000
ttt_random_ammo	-829.716980 -124.431000 313.001007	0.000 0.000 0.000
ttt_random_ammo	-830.197998 -113.113998 313.001007	0.000 0.000 0.000
ttt_random_ammo	-409.597992 67.860001 313.001007	0.000 0.000 0.000
ttt_random_ammo	-404.365997 178.020004 313.001007	0.000 0.000 0.000
ttt_random_ammo	-459.091003 -162.927994 313.001007	0.000 0.000 0.000
ttt_random_ammo	-455.171997 -122.847000 313.001007	0.000 0.000 0.000
ttt_random_ammo	-741.890991 -203.738998 313.001007	0.000 0.000 0.000
ttt_random_ammo	-90.876999 -8.515990 217.001007	0.000 0.000 0.000
ttt_random_ammo	-88.050003 7.081000 217.001007	0.000 0.000 0.000
ttt_random_ammo	-76.111000 -12.617000 9.001010	0.000 0.000 0.000
ttt_random_ammo	-78.663002 4.439000 9.001010	0.000 0.000 0.000
ttt_random_ammo	89.919998 478.390015 121.000999	0.000 0.000 0.000
ttt_random_ammo	89.910004 454.519989 121.000999	0.000 0.000 0.000
ttt_random_ammo	-1144.239990 450.579987 121.000999	0.000 0.000 0.000
ttt_random_ammo	-1111.839966 474.420013 121.000999	0.000 0.000 0.000
ttt_random_ammo	-1120.219971 -766.705994 121.000999	0.000 0.000 0.000
ttt_random_ammo	-1144.310059 -747.625977 121.000999	0.000 0.000 0.000
ttt_random_ammo	-1111.760010 -785.213989 121.000999	0.000 0.000 0.000
ttt_random_ammo	-934.432007 -623.539001 121.000999	0.000 0.000 0.000
ttt_random_ammo	-932.768005 -592.895996 121.000999	0.000 0.000 0.000
ttt_random_ammo	-933.723999 -556.119019 121.000999	0.000 0.000 0.000
ttt_random_ammo	-931.869995 -506.869995 121.000999	0.000 0.000 0.000
ttt_random_ammo	-393.710999 -534.322998 121.000999	0.000 0.000 0.000
ttt_random_ammo	-396.063995 -569.695984 121.000999	0.000 0.000 0.000
ttt_random_ammo	-395.679993 -611.008972 121.000999	0.000 0.000 0.000
ttt_random_ammo	-940.531982 -782.508972 121.000999	0.000 0.000 0.000
ttt_random_ammo	-942.723999 -768.541016 121.000999	0.000 0.000 0.000
ttt_random_ammo	-940.960022 -747.526001 121.000999	0.000 0.000 0.000
ttt_random_ammo	-658.382019 -752.127991 121.000999	0.000 0.000 0.000
ttt_random_ammo	-647.025024 -787.838989 121.000999	0.000 0.000 0.000
ttt_random_ammo	-460.212006 -651.289978 121.000999	0.000 0.000 0.000
ttt_random_ammo	-458.384003 -707.466003 121.000999	0.000 0.000 0.000
ttt_random_ammo	-620.583008 -489.731995 121.000999	0.000 0.000 0.000
ttt_random_ammo	-625.228027 -384.276001 121.000999	0.000 0.000 0.000
ttt_random_ammo	-625.107971 -422.089996 121.000999	0.000 0.000 0.000
ttt_random_ammo	-885.818970 -500.153992 121.000999	0.000 0.000 0.000
ttt_random_ammo	-891.538025 -410.970001 121.000999	0.000 0.000 0.000
ttt_random_ammo	-1007.690002 -381.649994 121.000999	0.000 0.000 0.000
ttt_random_ammo	-1014.780029 -405.138000 121.000999	0.000 0.000 0.000
ttt_random_ammo	-664.372009 -202.617996 121.000999	0.000 0.000 0.000
ttt_random_ammo	-613.718018 -201.412003 121.000999	0.000 0.000 0.000
ttt_random_ammo	-640.135010 -344.394012 121.000999	0.000 0.000 0.000
ttt_random_ammo	-516.882996 -343.377991 121.000999	0.000 0.000 0.000
ttt_random_ammo	-399.558014 -343.846008 121.000999	0.000 0.000 0.000
ttt_random_ammo	-279.463989 -565.718018 121.000999	0.000 0.000 0.000
ttt_random_ammo	-280.182007 -582.560974 121.000999	0.000 0.000 0.000
ttt_random_ammo	-276.740997 -621.260010 121.000999	0.000 0.000 0.000
ttt_random_ammo	-273.601013 -638.106018 121.000999	0.000 0.000 0.000
ttt_random_ammo	103.849998 -630.106995 121.000999	0.000 0.000 0.000
ttt_random_ammo	107.570000 -531.575012 121.000999	0.000 0.000 0.000
ttt_random_ammo	44.837002 -112.268997 121.000999	0.000 0.000 0.000
ttt_random_ammo	-262.940002 -70.959999 121.000999	0.000 0.000 0.000
ttt_random_ammo	-546.482971 -2.525000 169.001007	0.000 0.000 0.000
ttt_random_ammo	-543.953003 10.996000 169.001007	0.000 0.000 0.000
ttt_random_ammo	-884.770996 -106.980003 169.001007	0.000 0.000 0.000
ttt_random_ammo	-662.187012 -101.501999 169.001007	0.000 0.000 0.000
ttt_random_ammo	-937.335022 -69.280998 121.000999	0.000 0.000 0.000
ttt_random_ammo	-889.099976 -64.502998 121.000999	0.000 0.000 0.000
ttt_random_ammo	-839.846008 -58.896000 121.000999	0.000 0.000 0.000
ttt_random_ammo	-482.497009 64.370003 121.000999	0.000 0.000 0.000
ttt_random_ammo	-642.635986 206.460007 121.000999	0.000 0.000 0.000
ttt_random_ammo	-531.702026 209.800003 121.000999	0.000 0.000 0.000
ttt_random_ammo	-951.900024 -22.354000 121.000999	0.000 0.000 0.000
ttt_random_ammo	-959.283997 93.610001 121.000999	0.000 0.000 0.000
ttt_random_ammo	-410.843994 254.460007 121.000999	0.000 0.000 0.000
ttt_random_ammo	-531.783020 248.350006 121.000999	0.000 0.000 0.000
ttt_random_ammo	-295.233002 97.750000 -86.999397	0.000 0.000 0.000
ttt_random_ammo	-370.631989 -431.251007 -86.999397	0.000 0.000 0.000
ttt_random_ammo	-858.179993 -593.793030 -86.999397	0.000 0.000 0.000
ttt_random_ammo	-830.025024 -594.505981 -86.999397	0.000 0.000 0.000
ttt_random_ammo	-495.563995 -318.328003 -86.999397	0.000 0.000 0.000
ttt_random_ammo	-439.213013 -315.277008 -86.999397	0.000 0.000 0.000
ttt_random_ammo	-660.828979 -1.360000 -86.999397	0.000 0.000 0.000
ttt_random_ammo	-743.179016 -10.265000 -86.999397	0.000 0.000 0.000
ttt_random_ammo	-875.968994 217.880005 -86.999397	0.000 0.000 0.000
ttt_random_ammo	-665.349976 222.550003 -86.999397	0.000 0.000 0.000
ttt_random_ammo	-665.916016 212.729996 -86.999397	0.000 0.000 0.000
ttt_random_ammo	-404.441010 28.180000 -86.999397	0.000 0.000 0.000
ttt_random_ammo	-403.527008 16.360001 -86.999397	0.000 0.000 0.000
ttt_random_ammo	-402.778992 -0.684000 -86.999397	0.000 0.000 0.000
ttt_random_ammo	-614.809021 125.660004 -86.999397	0.000 0.000 0.000
ttt_random_ammo	-613.474976 137.589996 -86.999397	0.000 0.000 0.000
ttt_random_ammo	-615.278992 151.470001 -86.999397	0.000 0.000 0.000
ttt_random_ammo	-745.789978 133.229996 121.000999	0.000 0.000 0.000
ttt_random_ammo	-945.460999 144.520004 121.000999	0.000 0.000 0.000
ttt_random_ammo	-839.706970 164.500000 121.000999	0.000 0.000 0.000
ttt_random_ammo	-619.645996 -243.975998 -86.999397	0.000 0.000 0.000
ttt_random_ammo	-619.018005 -229.824005 -86.999397	0.000 0.000 0.000
ttt_random_ammo	-619.637024 -213.828003 -86.999397	0.000 0.000 0.000
ttt_random_ammo	-870.929016 -243.098999 -86.999397	0.000 0.000 0.000
ttt_random_ammo	-873.953979 -87.624001 -86.999397	0.000 0.000 0.000
ttt_random_ammo	-919.687012 -271.489990 -86.999397	0.000 0.000 0.000
ttt_random_ammo	-916.247009 -357.029999 -86.999397	0.000 0.000 0.000
ttt_random_ammo	-682.203979 -584.138977 -86.999397	0.000 0.000 0.000
ttt_random_ammo	-762.398010 -644.223022 -86.999397	0.000 0.000 0.000
ttt_random_ammo	-763.646973 -654.145996 -86.999397	0.000 0.000 0.000
ttt_random_ammo	-173.479004 188.800003 121.000999	0.000 0.000 0.000
ttt_random_ammo	-583.210999 -254.371002 312.001007	0.000 0.000 0.000
ttt_random_ammo	-538.260986 -254.692993 312.001007	0.000 0.000 0.000
ttt_random_ammo	-472.785004 -263.459015 312.001007	0.000 0.000 0.000
ttt_random_ammo	-503.973999 -258.971008 312.001007	0.000 0.000 0.000
ttt_random_ammo	-554.335999 -194.891998 -86.999397	0.000 0.000 0.000
ttt_random_ammo	-556.218994 -182.884995 -86.999397	0.000 0.000 0.000
ttt_random_ammo	-521.494995 -184.552002 -86.999397	0.000 0.000 0.000
ttt_random_ammo	-520.668030 -192.781006 -86.999397	0.000 0.000 0.000
ttt_random_ammo	-496.648987 -183.684006 -86.999397	0.000 0.000 0.000
ttt_random_ammo	-497.279999 -191.619995 -86.999397	0.000 0.000 0.000
ttt_random_ammo	-474.097992 -184.108002 -86.999397	0.000 0.000 0.000
ttt_random_ammo	-474.488007 -191.712997 -86.999397	0.000 0.000 0.000
ttt_random_ammo	-159.041000 -160.380997 313.001007	0.000 0.000 0.000
ttt_random_ammo	-156.240997 -199.505005 313.001007	0.000 0.000 0.000
ttt_random_ammo	-152.822998 -243.384995 313.001007	0.000 0.000 0.000
ttt_random_ammo	-43.551998 407.429993 313.001007	0.000 0.000 0.000
ttt_random_ammo	-39.209000 385.959991 313.001007	0.000 0.000 0.000
ttt_random_ammo	-38.567001 355.649994 313.001007	0.000 0.000 0.000
ttt_random_ammo	-487.988007 306.079987 313.001007	0.000 0.000 0.000
ttt_random_ammo	-834.062988 312.730011 313.001007	0.000 0.000 0.000
ttt_random_ammo	-1062.900024 110.459999 313.001007	0.000 0.000 0.000
ttt_random_ammo	-1062.239990 79.720001 313.001007	0.000 0.000 0.000
ttt_random_ammo	-1062.719971 55.080002 313.001007	0.000 0.000 0.000
ttt_random_ammo	-871.934998 -108.303001 441.001007	0.000 0.000 0.000
ttt_random_ammo	-874.026978 -83.400002 441.001007	0.000 0.000 0.000
ttt_random_ammo	-866.513000 -34.014000 441.001007	0.000 0.000 0.000
ttt_random_ammo	-754.580994 -731.853027 313.001007	0.000 0.000 0.000
ttt_random_ammo	-510.726990 -732.057007 313.001007	0.000 0.000 0.000
ttt_random_ammo	-276.644012 -728.625000 313.001007	0.000 0.000 0.000
ttt_random_ammo	-799.943970 -136.763000 313.001007	0.000 0.000 0.000
ttt_random_ammo	-799.325012 -126.327003 313.001007	0.000 0.000 0.000
ttt_random_ammo	-799.504028 -113.710999 313.001007	0.000 0.000 0.000
ttt_random_ammo	-829.364014 -136.376007 313.001007	0.000 0.000 0.000
ttt_random_ammo	-829.716980 -124.431000 313.001007	0.000 0.000 0.000
ttt_random_ammo	-830.197998 -113.113998 313.001007	0.000 0.000 0.000
ttt_random_ammo	-409.597992 67.860001 313.001007	0.000 0.000 0.000
ttt_random_ammo	-404.365997 178.020004 313.001007	0.000 0.000 0.000
ttt_random_ammo	-459.091003 -162.927994 313.001007	0.000 0.000 0.000
ttt_random_ammo	-455.171997 -122.847000 313.001007	0.000 0.000 0.000
ttt_random_ammo	-741.890991 -203.738998 313.001007	0.000 0.000 0.000
ttt_random_ammo	-90.876999 -8.515990 217.001007	0.000 0.000 0.000
ttt_random_ammo	-88.050003 7.081000 217.001007	0.000 0.000 0.000
ttt_random_ammo	-76.111000 -12.617000 9.001010	0.000 0.000 0.000
ttt_random_ammo	-78.663002 4.439000 9.001010	0.000 0.000 0.000
ttt_random_ammo	89.919998 478.390015 121.000999	0.000 0.000 0.000
ttt_random_ammo	89.910004 454.519989 121.000999	0.000 0.000 0.000
ttt_random_ammo	-1144.239990 450.579987 121.000999	0.000 0.000 0.000
ttt_random_ammo	-1111.839966 474.420013 121.000999	0.000 0.000 0.000
ttt_random_ammo	-1120.219971 -766.705994 121.000999	0.000 0.000 0.000
ttt_random_ammo	-1144.310059 -747.625977 121.000999	0.000 0.000 0.000
ttt_random_ammo	-1111.760010 -785.213989 121.000999	0.000 0.000 0.000
ttt_random_ammo	-934.432007 -623.539001 121.000999	0.000 0.000 0.000
ttt_random_ammo	-932.768005 -592.895996 121.000999	0.000 0.000 0.000
ttt_random_ammo	-933.723999 -556.119019 121.000999	0.000 0.000 0.000
ttt_random_ammo	-931.869995 -506.869995 121.000999	0.000 0.000 0.000
ttt_random_ammo	-393.710999 -534.322998 121.000999	0.000 0.000 0.000
ttt_random_ammo	-396.063995 -569.695984 121.000999	0.000 0.000 0.000
ttt_random_ammo	-395.679993 -611.008972 121.000999	0.000 0.000 0.000
ttt_random_ammo	-940.531982 -782.508972 121.000999	0.000 0.000 0.000
ttt_random_ammo	-942.723999 -768.541016 121.000999	0.000 0.000 0.000
ttt_random_ammo	-940.960022 -747.526001 121.000999	0.000 0.000 0.000
ttt_random_ammo	-658.382019 -752.127991 121.000999	0.000 0.000 0.000
ttt_random_ammo	-647.025024 -787.838989 121.000999	0.000 0.000 0.000
ttt_random_ammo	-460.212006 -651.289978 121.000999	0.000 0.000 0.000
ttt_random_ammo	-458.384003 -707.466003 121.000999	0.000 0.000 0.000
ttt_random_ammo	-620.583008 -489.731995 121.000999	0.000 0.000 0.000
ttt_random_ammo	-625.228027 -384.276001 121.000999	0.000 0.000 0.000
ttt_random_ammo	-625.107971 -422.089996 121.000999	0.000 0.000 0.000
ttt_random_ammo	-885.818970 -500.153992 121.000999	0.000 0.000 0.000
ttt_random_ammo	-891.538025 -410.970001 121.000999	0.000 0.000 0.000
ttt_random_ammo	-1007.690002 -381.649994 121.000999	0.000 0.000 0.000
ttt_random_ammo	-1014.780029 -405.138000 121.000999	0.000 0.000 0.000
ttt_random_ammo	-664.372009 -202.617996 121.000999	0.000 0.000 0.000
ttt_random_ammo	-613.718018 -201.412003 121.000999	0.000 0.000 0.000
ttt_random_ammo	-640.135010 -344.394012 121.000999	0.000 0.000 0.000
ttt_random_ammo	-516.882996 -343.377991 121.000999	0.000 0.000 0.000
ttt_random_ammo	-399.558014 -343.846008 121.000999	0.000 0.000 0.000
ttt_random_ammo	-279.463989 -565.718018 121.000999	0.000 0.000 0.000
ttt_random_ammo	-280.182007 -582.560974 121.000999	0.000 0.000 0.000
ttt_random_ammo	-276.740997 -621.260010 121.000999	0.000 0.000 0.000
ttt_random_ammo	-273.601013 -638.106018 121.000999	0.000 0.000 0.000
ttt_random_ammo	103.849998 -630.106995 121.000999	0.000 0.000 0.000
ttt_random_ammo	107.570000 -531.575012 121.000999	0.000 0.000 0.000
ttt_random_ammo	44.837002 -112.268997 121.000999	0.000 0.000 0.000
ttt_random_ammo	-262.940002 -70.959999 121.000999	0.000 0.000 0.000
ttt_random_ammo	-546.482971 -2.525000 169.001007	0.000 0.000 0.000
ttt_random_ammo	-543.953003 10.996000 169.001007	0.000 0.000 0.000
ttt_random_ammo	-884.770996 -106.980003 169.001007	0.000 0.000 0.000
ttt_random_ammo	-662.187012 -101.501999 169.001007	0.000 0.000 0.000
ttt_random_ammo	-937.335022 -69.280998 121.000999	0.000 0.000 0.000
ttt_random_ammo	-889.099976 -64.502998 121.000999	0.000 0.000 0.000
ttt_random_ammo	-839.846008 -58.896000 121.000999	0.000 0.000 0.000
ttt_random_ammo	-482.497009 64.370003 121.000999	0.000 0.000 0.000
ttt_random_ammo	-642.635986 206.460007 121.000999	0.000 0.000 0.000
ttt_random_ammo	-531.702026 209.800003 121.000999	0.000 0.000 0.000
ttt_random_ammo	-951.900024 -22.354000 121.000999	0.000 0.000 0.000
ttt_random_ammo	-959.283997 93.610001 121.000999	0.000 0.000 0.000
ttt_random_ammo	-410.843994 254.460007 121.000999	0.000 0.000 0.000
ttt_random_ammo	-531.783020 248.350006 121.000999	0.000 0.000 0.000
ttt_random_ammo	-295.233002 97.750000 -86.999397	0.000 0.000 0.000
ttt_random_ammo	-370.631989 -431.251007 -86.999397	0.000 0.000 0.000
ttt_random_ammo	-858.179993 -593.793030 -86.999397	0.000 0.000 0.000
ttt_random_ammo	-830.025024 -594.505981 -86.999397	0.000 0.000 0.000
ttt_random_ammo	-495.563995 -318.328003 -86.999397	0.000 0.000 0.000
ttt_random_ammo	-439.213013 -315.277008 -86.999397	0.000 0.000 0.000
ttt_random_ammo	-660.828979 -1.360000 -86.999397	0.000 0.000 0.000
ttt_random_ammo	-743.179016 -10.265000 -86.999397	0.000 0.000 0.000
ttt_random_ammo	-875.968994 217.880005 -86.999397	0.000 0.000 0.000
ttt_random_ammo	-665.349976 222.550003 -86.999397	0.000 0.000 0.000
ttt_random_ammo	-665.916016 212.729996 -86.999397	0.000 0.000 0.000
ttt_random_ammo	-404.441010 28.180000 -86.999397	0.000 0.000 0.000
ttt_random_ammo	-403.527008 16.360001 -86.999397	0.000 0.000 0.000
ttt_random_ammo	-402.778992 -0.684000 -86.999397	0.000 0.000 0.000
ttt_random_ammo	-614.809021 125.660004 -86.999397	0.000 0.000 0.000
ttt_random_ammo	-613.474976 137.589996 -86.999397	0.000 0.000 0.000
ttt_random_ammo	-615.278992 151.470001 -86.999397	0.000 0.000 0.000
ttt_random_ammo	-745.789978 133.229996 121.000999	0.000 0.000 0.000
ttt_random_ammo	-945.460999 144.520004 121.000999	0.000 0.000 0.000
ttt_random_ammo	-839.706970 164.500000 121.000999	0.000 0.000 0.000
ttt_random_ammo	-619.645996 -243.975998 -86.999397	0.000 0.000 0.000
ttt_random_ammo	-619.018005 -229.824005 -86.999397	0.000 0.000 0.000
ttt_random_ammo	-619.637024 -213.828003 -86.999397	0.000 0.000 0.000
ttt_random_ammo	-870.929016 -243.098999 -86.999397	0.000 0.000 0.000
ttt_random_ammo	-873.953979 -87.624001 -86.999397	0.000 0.000 0.000
ttt_random_ammo	-919.687012 -271.489990 -86.999397	0.000 0.000 0.000
ttt_random_ammo	-916.247009 -357.029999 -86.999397	0.000 0.000 0.000
ttt_random_ammo	-682.203979 -584.138977 -86.999397	0.000 0.000 0.000
ttt_random_ammo	-762.398010 -644.223022 -86.999397	0.000 0.000 0.000
ttt_random_ammo	-763.646973 -654.145996 -86.999397	0.000 0.000 0.000
ttt_random_ammo	-173.479004 188.800003 121.000999	0.000 0.000 0.000
ttt_random_ammo	-583.210999 -254.371002 312.001007	0.000 0.000 0.000
ttt_random_ammo	-538.260986 -254.692993 312.001007	0.000 0.000 0.000
ttt_random_ammo	-472.785004 -263.459015 312.001007	0.000 0.000 0.000
ttt_random_ammo	-503.973999 -258.971008 312.001007	0.000 0.000 0.000
ttt_random_ammo	-1138.202759 -703.712219 -503.650879	0.055 -0.000 0.008
ttt_random_ammo	-1138.546997 124.450607 -503.664673	0.047 0.000 -0.026
ttt_random_ammo	-836.294739 218.396606 -503.674164	0.068 -0.000 -0.031
ttt_random_ammo	-128.291367 226.795700 -503.640320	0.060 0.000 0.003
ttt_random_ammo	-154.586792 -33.245613 312.353455	0.054 -0.000 0.008
ttt_random_ammo	-154.211411 11.517783 312.342407	0.047 -0.000 0.022
ttt_random_ammo	-153.798416 61.909012 312.359650	0.063 0.000 0.006
ttt_random_ammo	-374.456696 71.022820 120.367317	0.079 -0.000 -0.030
weapon_zm_rifle	-488.750000 95.580002 442.958008	0.000 0.000 0.000
weapon_zm_rifle	-488.750000 95.580002 442.958008	0.000 0.000 0.000
weapon_ttt_glock	-616.827087 -593.412048 149.501816	-0.864 26.368 91.734
weapon_ttt_glock	-688.890808 -593.677551 149.829163	-0.952 26.291 92.041
weapon_ttt_glock	-744.489624 -595.283691 149.133240	-1.047 27.300 92.378
weapon_zm_mac10	-968.353088 132.814026 320.449707	-5.553 -179.387 -10.273
weapon_ttt_p228	-640.887756 -197.768387 123.904648	36.496 2.944 -1.222
weapon_zm_pistol	-997.000000 58.549999 -57.000000	0.000 0.000 0.000
weapon_zm_pistol	-997.000000 58.549999 -57.000000	0.000 0.000 0.000
weapon_zm_pistol	-1146.595337 439.376770 -295.676422	0.413 36.885 88.378
weapon_ttt_revolver	-368.420074 -784.241638 124.316742	8.741 25.194 75.462
weapon_zm_shotgun	-432.679993 -209.095993 -84.511398	0.000 0.000 0.000
weapon_zm_shotgun	-425.321014 -228.197998 -84.511398	0.000 0.000 0.000
weapon_zm_shotgun	-432.679993 -209.095993 -84.511398	0.000 0.000 0.000
weapon_zm_shotgun	-425.321014 -228.197998 -84.511398	0.000 0.000 0.000
weapon_ttt_famas	-103.240799 -549.720703 -294.724579	-0.000 16.666 89.303
weapon_zm_revolver	-540.187988 -260.447998 -85.002098	0.000 0.000 0.000
weapon_zm_revolver	-391.976013 -216.630997 -85.002098	0.000 0.000 0.000
weapon_zm_revolver	-540.187988 -260.447998 -85.002098	0.000 0.000 0.000
weapon_zm_revolver	-391.976013 -216.630997 -85.002098	0.000 0.000 0.000
weapon_zm_revolver	-511.491394 149.650558 -294.092102	2.606 -19.639 -83.352
weapon_zm_revolver	-760.935791 -344.339996 121.894814	2.601 -20.483 -83.115
weapon_ttt_aug	-509.695557 -515.810730 -291.635620	0.416 91.356 89.769
