# Trouble in Terrorist Town weapon/ammo placement overrides
# For map: ttt_outset_island
# Exported by: Donato Dias
setting:	replacespawns 1
weapon_ttt_ak47	3889.487793 -397.765381 122.354408	0.125 13.086 -87.598
weapon_ttt_ak47	-1244.227661 -6730.997559 -1758.559814	-0.570 4.380 -92.506
weapon_ttt_ak47	3439.801514 1661.102051 3115.399170	0.106 11.850 -87.764
ttt_playerspawn	593.400208 -2659.263916 -153.265930	0.042 -0.000 -0.042
ttt_playerspawn	740.346436 -2706.232910 -153.286591	0.050 -0.000 -0.050
ttt_playerspawn	606.717957 -2825.427734 -302.729797	-0.037 -0.000 0.037
ttt_playerspawn	576.794312 -2905.198486 -302.746460	-0.044 -0.000 0.044
ttt_playerspawn	626.813049 -3137.891357 -302.753265	-0.047 -0.000 0.047
ttt_playerspawn	656.037720 -3051.621582 -302.753265	-0.047 -0.000 0.047
ttt_playerspawn	692.889893 -2951.756104 -302.756775	-0.048 -0.000 0.048
ttt_playerspawn	717.569763 -2873.183350 -302.746460	-0.044 -0.000 0.044
ttt_playerspawn	508.961731 -3096.062012 -297.138794	-0.083 0.000 -0.083
ttt_playerspawn	400.837250 -3370.875244 -133.256699	0.039 0.000 0.039
ttt_playerspawn	250.836517 -3438.939453 -125.817703	-0.000 -33.423 0.000
ttt_playerspawn	302.670532 -3305.422119 -150.419510	-0.000 -16.065 0.000
ttt_playerspawn	501.862457 -3388.524902 -158.983932	-0.000 -15.582 0.000
ttt_playerspawn	459.622040 -3521.839355 -115.317261	-0.000 -21.383 0.000
ttt_playerspawn	1667.844849 -1778.530396 -381.719971	0.000 0.007 0.000
ttt_playerspawn	1538.573242 -1781.788818 -386.446960	-0.000 4.433 0.000
ttt_playerspawn	1407.331299 -1791.446045 -382.526184	0.000 1.399 0.000
ttt_playerspawn	1404.065186 -1960.642212 -412.290192	0.199 0.168 0.868
ttt_playerspawn	1534.958862 -1953.976929 -412.393707	0.201 -0.239 0.835
ttt_playerspawn	1665.431152 -1949.158203 -407.129120	0.199 1.561 0.871
ttt_playerspawn	2426.718262 -1551.552612 -383.197571	-0.000 45.000 0.000
ttt_playerspawn	2607.392334 -1466.468750 -386.273743	-0.000 35.787 0.001
ttt_playerspawn	2742.299805 -1408.931519 -379.935394	0.000 0.000 0.000
ttt_playerspawn	2869.601563 -1360.521118 -389.430786	1.168 0.111 1.096
ttt_playerspawn	2989.287842 -1566.588501 -412.209900	0.202 0.370 0.817
ttt_playerspawn	2850.339844 -1626.689209 -409.972931	0.198 1.301 0.879
ttt_playerspawn	2668.376465 -1708.751953 -409.733978	0.200 1.523 0.852
ttt_playerspawn	2514.519043 -1774.072144 -408.443268	0.199 -0.802 0.857
ttt_playerspawn	1818.318481 -1935.762207 -405.194611	0.000 2.389 0.000
ttt_playerspawn	1789.136108 -1757.353882 -374.653107	-0.000 1.349 0.000
ttt_playerspawn	665.010071 -2524.056641 -153.193527	0.013 0.000 0.013
ttt_playerspawn	756.696594 -2573.076416 -153.207962	-0.019 -0.000 0.019
ttt_playerspawn	618.968811 -1657.920532 -374.526855	-0.000 -0.000 -0.000
ttt_playerspawn	573.423340 -1789.509277 -402.954224	-0.044 0.047 0.064
ttt_playerspawn	764.912354 -1842.437622 -399.364838	-0.000 -0.000 0.000
ttt_playerspawn	805.858582 -1718.850464 -378.600525	0.000 -0.000 0.000
weapon_ttt_smokegrenade	439.815765 -2720.787354 -240.823822	-0.976 -1.572 -1.491
weapon_ttt_smokegrenade	428.160706 -2744.543213 -240.805252	-0.792 -1.677 -1.208
weapon_ttt_smokegrenade	3050.834961 -1050.591919 -361.770935	-27.968 43.621 94.775
weapon_ttt_smokegrenade	3064.259033 -1044.052002 -361.852570	-29.142 43.440 95.026
weapon_ttt_smokegrenade	1539.909180 -238.249481 -208.215912	-0.991 -1.578 -1.514
weapon_ttt_smokegrenade	1538.650024 -248.367996 -208.204666	-0.879 -1.638 -1.342
weapon_ttt_smokegrenade	3116.073486 -1062.098877 -64.006226	-0.269 -1.758 -0.405
weapon_ttt_smokegrenade	3122.321777 -1078.470459 -64.048889	-0.692 -1.712 -1.055
weapon_ttt_smokegrenade	1935.977783 -884.320557 -120.088326	14.188 45.193 -97.355
weapon_ttt_smokegrenade	1943.588989 -897.240051 -118.271706	14.782 45.134 -98.116
weapon_ttt_smokegrenade	-2806.686279 371.073151 -147.126007	-0.804 -0.911 -0.568
weapon_ttt_smokegrenade	-2784.351318 375.159149 -147.101547	-1.274 -1.504 -1.296
weapon_ttt_smokegrenade	-2252.400391 1924.000366 1147.659546	-1.858 -1.283 -1.887
weapon_ttt_smokegrenade	-2257.213379 1911.718872 1147.679077	-1.436 -1.479 -1.462
weapon_ttt_smokegrenade	982.516479 -64.584198 -231.008621	-1.303 1.389 2.438
weapon_ttt_smokegrenade	985.918091 -173.984573 -233.811752	-1.236 -1.287 -1.862
item_box_buckshot_ttt	466.063477 -2726.971436 -302.851624	0.890 0.001 0.775
item_box_buckshot_ttt	474.127319 -2711.001953 -302.896545	-0.498 0.002 -0.419
item_box_buckshot_ttt	487.653717 -2718.393555 -302.794769	0.630 -0.009 0.517
item_box_buckshot_ttt	482.948700 -2734.278320 -302.775055	0.452 -0.012 0.371
item_box_buckshot_ttt	355.561676 -2970.155518 -302.778198	0.480 -0.012 0.394
item_box_buckshot_ttt	362.412537 -2950.607178 -302.838287	1.057 0.029 0.868
item_box_buckshot_ttt	379.213501 -2956.347168 -302.852631	0.818 0.001 0.720
item_box_buckshot_ttt	370.091034 -2975.524658 -302.762115	0.334 -0.013 0.275
item_box_buckshot_ttt	1970.293091 -1822.073120 -413.662811	0.030 0.164 0.898
item_box_buckshot_ttt	1977.919556 -1838.663818 -413.900543	0.052 0.163 0.884
item_box_buckshot_ttt	1957.122925 -1844.320801 -413.872589	0.091 0.161 0.858
item_box_buckshot_ttt	1952.339966 -1826.445679 -413.591522	0.116 0.162 0.843
item_box_buckshot_ttt	2035.855347 -1606.937134 -372.386963	2.904 3.153 15.065
item_box_buckshot_ttt	2044.841553 -1621.148682 -376.507294	2.939 3.075 14.805
item_box_buckshot_ttt	2022.592529 -1615.520142 -373.669067	2.890 3.192 15.121
item_box_buckshot_ttt	2034.432739 -1633.175659 -378.832092	2.940 3.074 14.796
item_box_buckshot_ttt	2220.932861 -1640.191895 -392.823608	2.914 3.128 15.000
item_box_buckshot_ttt	2236.079834 -1667.615479 -400.667725	2.923 3.108 14.929
item_box_buckshot_ttt	2217.525879 -1671.657349 -400.420502	2.967 3.054 14.442
item_box_buckshot_ttt	2203.810791 -1639.760864 -391.582306	2.934 3.081 14.864
item_box_buckshot_ttt	2269.455566 -1534.652466 -371.754211	5.669 0.802 13.016
item_box_buckshot_ttt	2274.878174 -1550.580566 -375.773590	5.727 0.807 12.751
item_box_buckshot_ttt	3020.058594 -994.440613 -355.664246	3.149 0.114 6.394
item_box_buckshot_ttt	3033.631348 -987.724854 -355.741638	3.116 0.112 6.492
item_box_buckshot_ttt	3045.271240 -1017.835510 -359.644531	3.082 0.111 6.593
item_box_buckshot_ttt	3030.845703 -1024.390137 -359.515045	3.094 0.111 6.557
item_box_buckshot_ttt	1222.822266 -70.286667 -269.001251	-0.718 -0.005 0.637
item_box_buckshot_ttt	1208.497070 -72.544228 -269.002106	-0.790 -0.013 0.618
item_box_buckshot_ttt	1195.254883 -73.883453 -269.036682	-1.000 -0.010 0.895
item_box_buckshot_ttt	3024.248535 -898.938354 -63.741062	0.396 0.005 0.339
item_box_buckshot_ttt	3034.386719 -916.340942 -63.878098	-0.277 -0.003 -0.213
item_box_buckshot_ttt	3044.053467 -932.661194 -63.819954	1.048 0.012 0.922
item_box_buckshot_ttt	1453.796265 825.556580 101.898491	0.033 9.198 1.842
item_box_buckshot_ttt	1441.934326 820.775879 101.821465	0.356 1.041 1.907
item_box_buckshot_ttt	-2842.679199 571.640381 -146.833740	-0.586 -0.007 0.520
item_box_buckshot_ttt	-2857.001221 568.843323 -146.838852	-0.660 -0.004 0.521
item_box_buckshot_ttt	-2872.962158 563.053772 -146.837204	-0.614 -0.006 0.545
item_box_buckshot_ttt	1348.042358 -286.955841 -244.609238	-0.431 0.000 0.435
item_box_buckshot_ttt	1332.040405 -287.284576 -245.300537	-13.222 -0.960 1.108
item_box_buckshot_ttt	-1237.700073 -6796.341797 -1758.671631	2.594 0.133 -0.376
item_box_buckshot_ttt	-1248.087402 -6796.195801 -1758.729736	-3.544 0.319 3.914
item_box_buckshot_ttt	1874.814087 1649.653320 3113.992920	-12.510 -0.035 -8.057
item_box_buckshot_ttt	1861.051636 1655.227661 3109.451416	-14.059 16.355 -14.300
item_ammo_357_ttt	429.231995 -2797.835205 -302.869080	0.458 0.059 0.040
item_ammo_357_ttt	445.615479 -2804.937500 -302.864563	0.459 0.059 0.038
item_ammo_357_ttt	310.387360 -3078.166748 -302.907135	0.451 0.070 0.055
item_ammo_357_ttt	325.892120 -3083.597168 -302.913605	0.449 0.070 0.057
item_ammo_357_ttt	307.008667 -3091.881348 -302.905029	0.451 0.066 0.054
item_ammo_357_ttt	320.555511 -3098.443604 -302.811646	0.469 0.055 0.017
item_ammo_357_ttt	1889.640381 -1609.989380 -364.499115	2.625 -0.610 13.841
item_ammo_357_ttt	1872.454224 -1609.463501 -363.731018	2.674 -0.706 13.518
item_ammo_357_ttt	2011.849121 -1497.994385 -343.596832	4.115 0.209 14.724
item_ammo_357_ttt	1992.259155 -1502.725342 -343.535461	3.649 -0.826 13.021
item_ammo_357_ttt	2287.305908 -1739.481689 -413.684662	0.607 0.024 0.954
item_ammo_357_ttt	2260.399414 -1750.412598 -413.763458	0.589 0.025 0.994
item_ammo_357_ttt	2224.878418 -1488.179077 -356.945190	6.027 -0.321 12.301
item_ammo_357_ttt	2252.889893 -1485.524048 -359.319366	5.880 -0.360 12.325
item_ammo_357_ttt	2342.346924 -1713.654297 -413.578064	0.572 0.026 1.031
item_ammo_357_ttt	2361.146973 -1710.785889 -413.541229	0.618 0.023 0.930
item_ammo_357_ttt	2095.920410 -1783.962646 -413.572815	0.631 0.023 0.901
item_ammo_357_ttt	2115.272217 -1779.863403 -413.638000	0.594 0.025 0.981
item_ammo_357_ttt	1943.948242 -1798.373657 -413.176697	3.025 0.136 0.653
item_ammo_357_ttt	1956.948730 -1796.570068 -413.309418	0.774 -0.067 0.785
item_ammo_357_ttt	3099.056152 -1021.287292 -363.125793	3.513 0.174 6.519
item_ammo_357_ttt	3082.777588 -1027.415894 -362.851440	3.516 0.176 6.513
item_ammo_357_ttt	2974.156006 -1082.702148 -362.721100	3.475 0.068 7.117
item_ammo_357_ttt	2954.512451 -1093.435547 -362.919800	3.462 0.063 7.155
item_ammo_357_ttt	1218.994019 -19.505419 -269.019501	0.471 -0.056 -0.025
item_ammo_357_ttt	1205.535156 -21.062288 -269.042206	0.468 -0.058 -0.033
item_ammo_357_ttt	1191.581665 -21.693968 -269.088013	0.464 -0.066 -0.050
item_ammo_357_ttt	3035.856689 -888.534912 -63.821518	0.462 -0.057 -0.032
item_ammo_357_ttt	3043.993164 -901.919922 -63.814400	0.463 -0.057 -0.030
item_ammo_357_ttt	3054.874023 -923.900879 -63.833473	0.459 -0.058 -0.037
item_ammo_357_ttt	1445.123535 856.686829 102.860107	1.621 5.200 1.641
item_ammo_357_ttt	1432.126221 850.798462 102.805481	1.051 0.285 1.743
item_ammo_357_ttt	-2815.274170 492.353943 -146.883652	0.461 -0.056 -0.033
item_ammo_357_ttt	-2827.551514 489.363892 -146.961182	0.446 -0.073 -0.064
item_ammo_357_ttt	-2844.901611 485.596924 -146.936737	0.451 -0.065 -0.054
item_ammo_357_ttt	-2012.936768 -2295.969727 390.545532	0.456 -0.062 -0.045
item_ammo_357_ttt	-2025.925171 -2299.449463 390.512512	0.450 -0.070 -0.058
item_ammo_357_ttt	-2603.754639 908.836304 1294.530518	0.474 0.056 0.013
item_ammo_357_ttt	-2589.631836 915.561096 1294.475586	0.468 0.058 0.033
item_ammo_357_ttt	-2440.579834 814.410278 1294.491821	0.470 0.057 0.027
item_ammo_357_ttt	-2454.843018 816.694153 1294.421021	0.463 0.070 0.053
item_ammo_357_ttt	-3086.814453 -926.058716 -171.356262	0.466 -0.067 -0.050
item_ammo_357_ttt	-3068.509766 -922.477051 -171.257751	0.476 -0.056 -0.014
item_ammo_revolver_ttt	411.090729 -2829.504883 -302.852203	0.461 0.057 0.033
item_ammo_revolver_ttt	416.530182 -2816.581299 -302.857483	0.460 0.058 0.035
item_ammo_revolver_ttt	431.514618 -2823.637695 -302.902924	0.451 0.066 0.053
item_ammo_revolver_ttt	425.622375 -2836.210205 -302.866058	0.458 0.059 0.039
item_ammo_revolver_ttt	2031.658813 -1586.895874 -367.148132	4.075 0.262 14.988
item_ammo_revolver_ttt	2010.262695 -1597.465210 -368.344025	4.150 0.190 14.442
item_ammo_revolver_ttt	2188.229492 -1570.122314 -373.184326	4.126 0.198 14.653
item_ammo_revolver_ttt	2169.978516 -1572.835693 -372.666260	4.126 0.199 14.644
item_ammo_revolver_ttt	2257.478027 -1516.109863 -366.492523	5.584 -0.442 12.386
item_ammo_revolver_ttt	2274.246094 -1515.724487 -368.157227	5.791 -0.383 12.342
item_ammo_revolver_ttt	2259.126709 -1500.999878 -363.361389	5.706 -0.411 12.364
item_ammo_revolver_ttt	2273.993408 -1500.791748 -364.881531	5.649 -0.423 12.376
item_ammo_revolver_ttt	1900.944824 -1678.235596 -381.397400	4.126 0.198 14.653
item_ammo_revolver_ttt	1882.043823 -1681.271484 -380.915863	4.128 0.199 14.625
item_ammo_revolver_ttt	1863.479126 -1684.523804 -380.645508	2.631 -0.833 13.360
item_ammo_revolver_ttt	2971.148438 -1022.043823 -355.913605	3.522 0.178 6.501
item_ammo_revolver_ttt	2984.415039 -1047.299683 -359.298706	3.651 0.171 6.245
item_ammo_revolver_ttt	3049.243408 -982.975159 -356.190216	3.519 0.177 6.507
item_ammo_revolver_ttt	3057.478760 -1016.161011 -360.207306	3.516 0.176 6.513
item_ammo_revolver_ttt	1218.078003 -3.927935 -269.092224	0.463 -0.070 -0.051
item_ammo_revolver_ttt	1201.233276 -5.568022 -269.046417	0.468 -0.059 -0.035
item_ammo_revolver_ttt	1188.037842 -7.075828 -269.005676	0.472 -0.056 -0.020
item_ammo_revolver_ttt	3048.275879 -880.387634 -63.889668	0.449 -0.075 -0.059
item_ammo_revolver_ttt	3056.403564 -897.574463 -63.906425	0.445 -0.082 -0.066
item_ammo_revolver_ttt	3066.172363 -915.647949 -63.811325	0.462 -0.394 -0.057
item_ammo_revolver_ttt	1449.154175 842.756897 102.342484	0.953 -0.180 1.914
item_ammo_revolver_ttt	1438.221558 838.827393 102.337418	1.013 0.287 1.787
item_ammo_revolver_ttt	825.190125 1314.502441 207.359909	0.464 0.057 0.029
item_ammo_revolver_ttt	830.008423 1303.414307 207.389236	0.469 0.056 0.017
item_ammo_revolver_ttt	-2817.708252 507.436279 -146.930756	0.452 -0.065 -0.052
item_ammo_revolver_ttt	-2829.656738 506.328918 -146.945175	0.449 -0.068 -0.057
item_ammo_revolver_ttt	-2848.358887 503.307617 -146.861328	0.466 -0.054 -0.024
item_ammo_revolver_ttt	-2960.571777 325.092468 -73.671822	0.447 0.074 0.063
item_ammo_revolver_ttt	-2951.450684 327.089294 -73.601837	0.460 0.058 0.035
item_ammo_revolver_ttt	-1902.676880 859.421387 -304.453827	0.397 0.083 -3.071
item_ammo_revolver_ttt	-1891.832886 858.718872 -304.488708	0.233 0.106 -3.354
item_ammo_revolver_ttt	-3038.735596 -988.640625 -171.373016	0.499 0.078 0.059
item_ammo_revolver_ttt	-3024.679199 -979.067017 -171.308014	0.471 -0.058 -0.032
item_ammo_revolver_ttt	-2291.489990 1892.232422 1147.831299	0.447 0.073 0.062
item_ammo_revolver_ttt	-2283.039307 1894.779419 1147.942993	0.469 0.054 0.017
item_ammo_revolver_ttt	-2541.818115 1345.771240 1349.113647	4.276 -0.429 3.531
item_ammo_revolver_ttt	-2531.501709 1343.194702 1348.225342	4.616 -0.440 3.499
item_ammo_revolver_ttt	-1486.420166 -6054.878418 -1759.145142	3.461 -0.380 -0.478
item_ammo_revolver_ttt	-1497.457397 -6054.066406 -1758.675049	3.204 -0.053 -0.500
item_ammo_smg1_ttt	317.211304 -3058.983643 -302.718140	0.231 0.015 0.203
item_ammo_smg1_ttt	324.537689 -3033.360107 -302.848145	-0.160 -0.005 -0.074
item_ammo_smg1_ttt	340.430450 -3037.612549 -302.806976	-0.744 -0.002 -0.487
item_ammo_smg1_ttt	336.909302 -3060.447266 -302.716888	0.244 0.015 0.210
item_ammo_smg1_ttt	375.201080 -2926.901367 -302.719818	0.261 0.014 0.224
item_ammo_smg1_ttt	381.655029 -2903.929932 -302.828674	-0.238 -0.005 -0.148
item_ammo_smg1_ttt	399.758545 -2909.375977 -302.824066	-0.302 -0.005 -0.191
item_ammo_smg1_ttt	393.996277 -2932.073975 -302.705048	0.174 0.016 0.147
item_ammo_smg1_ttt	441.804413 -2777.124268 -302.808990	-0.676 -0.003 -0.441
item_ammo_smg1_ttt	452.699402 -2751.656494 -302.800446	-0.702 -0.001 -0.460
item_ammo_smg1_ttt	470.941620 -2758.733154 -302.804962	-0.841 -0.001 -0.552
item_ammo_smg1_ttt	463.810150 -2782.269287 -302.719147	0.254 0.014 0.216
item_ammo_smg1_ttt	2288.865234 -1574.666992 -382.411530	6.147 -0.871 12.184
item_ammo_smg1_ttt	2301.709473 -1593.734619 -387.914032	6.433 -2.486 12.032
item_ammo_smg1_ttt	2315.828125 -1613.241211 -393.660217	6.133 -0.827 12.194
item_ammo_smg1_ttt	2329.578369 -1633.142334 -399.438934	9.238 -15.058 10.100
item_ammo_smg1_ttt	2227.624512 -1695.424072 -406.995239	3.758 -0.236 14.321
item_ammo_smg1_ttt	2248.590088 -1691.509155 -407.355988	3.798 -0.246 14.071
item_ammo_smg1_ttt	2262.139893 -1716.263672 -412.722046	3.980 -0.042 1.641
item_ammo_smg1_ttt	2244.193359 -1724.182861 -413.050598	-0.260 0.001 1.744
item_ammo_smg1_ttt	2073.915039 -1722.206787 -403.611237	3.771 -0.244 14.243
item_ammo_smg1_ttt	2093.033691 -1730.087769 -406.836243	3.770 -0.245 14.255
item_ammo_smg1_ttt	2092.806885 -1754.654053 -411.853699	0.376 -0.529 8.805
item_ammo_smg1_ttt	2112.059326 -1749.889038 -411.938751	0.479 -0.498 8.464
item_ammo_smg1_ttt	1914.111816 -1749.784058 -400.041565	3.766 -0.243 14.275
item_ammo_smg1_ttt	1929.306885 -1751.598267 -401.466003	3.795 -0.247 14.092
item_ammo_smg1_ttt	1931.270386 -1774.635254 -407.388123	3.833 -2.530 13.879
item_ammo_smg1_ttt	1913.942383 -1775.884766 -406.552155	3.773 -0.246 14.236
item_ammo_smg1_ttt	1879.710327 -1634.747437 -369.667969	2.147 -0.401 12.969
item_ammo_smg1_ttt	1859.789673 -1636.129150 -369.340363	1.969 -3.184 12.806
item_ammo_smg1_ttt	1879.093140 -1658.711304 -375.189026	1.857 0.096 13.079
item_ammo_smg1_ttt	1860.235474 -1659.478394 -374.670349	2.066 -0.379 13.165
item_ammo_smg1_ttt	2175.904053 -1523.136108 -360.524689	3.754 -0.230 14.337
item_ammo_smg1_ttt	2154.512939 -1521.164185 -358.616882	3.772 -0.244 14.239
item_ammo_smg1_ttt	2173.461914 -1546.834595 -366.279327	3.770 -0.245 14.251
item_ammo_smg1_ttt	2157.521729 -1544.944702 -364.750366	3.785 -0.248 14.162
item_ammo_smg1_ttt	2010.821655 -1533.613525 -352.325256	3.759 -0.236 14.312
item_ammo_smg1_ttt	2019.967041 -1557.371826 -358.866302	3.758 -0.236 14.316
item_ammo_smg1_ttt	1986.237549 -1543.136475 -353.104431	3.746 -0.224 14.375
item_ammo_smg1_ttt	1995.131348 -1572.553833 -361.028992	3.767 -0.243 14.267
item_ammo_smg1_ttt	3086.759277 -967.615234 -356.543274	3.116 -0.167 6.439
item_ammo_smg1_ttt	3067.814209 -969.220642 -355.606018	3.193 -0.156 6.268
item_ammo_smg1_ttt	3090.156006 -996.897583 -359.814301	3.251 -0.150 6.139
item_ammo_smg1_ttt	3074.671143 -1001.943237 -359.488434	3.205 -0.155 6.240
item_ammo_smg1_ttt	2929.254639 -1048.358643 -356.186005	3.144 -0.163 6.375
item_ammo_smg1_ttt	2944.429932 -1036.258789 -355.729523	3.218 -0.153 6.211
item_ammo_smg1_ttt	2944.050049 -1067.721069 -359.165833	2.747 -1.137 6.893
item_ammo_smg1_ttt	2961.879883 -1057.707642 -359.028473	3.186 -0.145 6.288
item_ammo_smg1_ttt	787.141174 -1141.935791 -263.890045	-2.541 0.824 -10.244
item_ammo_smg1_ttt	805.579407 -1142.680298 -263.381470	-0.156 -0.543 -7.513
item_ammo_smg1_ttt	-567.454773 -896.165894 -414.111145	-1.059 0.016 0.181
item_ammo_smg1_ttt	-544.554382 -893.668030 -413.776794	-1.113 0.030 0.166
item_ammo_smg1_ttt	1208.568726 44.772598 -269.027313	-0.121 0.005 0.069
item_ammo_smg1_ttt	1214.570801 17.385387 -268.916016	0.592 -0.010 -0.455
item_ammo_smg1_ttt	1186.160645 12.805245 -268.940582	0.371 0.001 -0.357
item_ammo_smg1_ttt	1181.320679 41.722282 -269.003601	-0.372 0.005 0.238
item_ammo_smg1_ttt	1229.729004 -117.780701 -269.022217	-0.151 0.005 0.089
item_ammo_smg1_ttt	1229.751953 -88.413239 -268.938690	0.380 0.001 -0.369
item_ammo_smg1_ttt	1203.952393 -92.897972 -268.896057	0.193 -0.015 -0.168
item_ammo_smg1_ttt	1205.309937 -115.019135 -268.921844	0.823 -0.011 -0.611
item_ammo_smg1_ttt	955.713867 359.226440 -280.940674	-3.671 -0.755 -2.082
item_ammo_smg1_ttt	972.629456 361.464905 -279.970947	-3.609 -0.116 -2.180
item_ammo_smg1_ttt	1600.722412 -102.950203 -85.768250	0.672 0.003 -0.439
item_ammo_smg1_ttt	1618.300903 -103.456291 -85.692902	0.733 -0.011 -0.553
item_ammo_smg1_ttt	2983.087402 -922.767334 -63.679329	-0.172 0.017 -0.151
item_ammo_smg1_ttt	3005.902832 -912.919434 -63.789562	0.422 -0.004 0.271
item_ammo_smg1_ttt	2998.861572 -953.325256 -63.812401	-0.011 0.033 -0.029
item_ammo_smg1_ttt	3019.185303 -941.773438 -63.779114	0.757 -0.002 0.496
item_ammo_smg1_ttt	3098.748779 -866.119446 -63.772682	1.109 0.002 0.731
item_ammo_smg1_ttt	3117.198486 -855.307373 -63.702301	-0.476 0.012 -0.378
item_ammo_smg1_ttt	3121.141846 -889.787598 -63.712704	-0.863 -0.013 -0.640
item_ammo_smg1_ttt	3100.071777 -897.925659 -63.727859	-0.382 -0.001 -0.367
item_ammo_smg1_ttt	2874.879639 50.260090 -0.273987	0.379 -0.005 0.243
item_ammo_smg1_ttt	2890.667725 50.271511 -0.276201	0.337 -0.005 0.214
item_ammo_smg1_ttt	3903.616943 -408.733459 121.974373	-0.258 0.013 -0.218
item_ammo_smg1_ttt	3925.770996 -410.631104 121.990860	-0.162 0.016 -0.139
item_ammo_smg1_ttt	1458.723877 804.593994 101.281570	0.365 8.332 1.715
item_ammo_smg1_ttt	1442.771118 801.302856 101.338150	0.557 -1.979 1.690
item_ammo_smg1_ttt	1464.255737 784.137268 100.596428	0.602 -0.708 1.778
item_ammo_smg1_ttt	1452.117920 780.881958 100.623672	0.611 -0.574 1.736
item_ammo_smg1_ttt	874.250793 1102.409058 207.474518	0.303 -0.012 -0.256
item_ammo_smg1_ttt	858.279358 1100.204834 207.440582	-0.503 0.001 0.217
item_ammo_smg1_ttt	522.035339 949.917297 -414.089813	-1.327 -0.165 -0.638
item_ammo_smg1_ttt	543.672485 925.427856 -413.249664	-1.220 -0.127 -0.650
item_ammo_smg1_ttt	-2861.343506 624.300476 -146.751389	0.242 -0.015 -0.209
item_ammo_smg1_ttt	-2854.384766 596.955811 -146.882782	-0.098 0.005 0.053
item_ammo_smg1_ttt	-2881.287842 587.236084 -146.791122	-0.214 -0.001 0.022
item_ammo_smg1_ttt	-2887.374756 614.543701 -146.730133	-0.035 -0.031 0.137
item_ammo_smg1_ttt	-2806.576172 438.509552 -146.727615	0.101 -0.018 -0.088
item_ammo_smg1_ttt	-2811.051514 470.166809 -146.768738	0.803 -0.013 -0.602
item_ammo_smg1_ttt	-2838.354980 464.507690 -146.795059	-0.553 0.014 0.243
item_ammo_smg1_ttt	-2834.692139 431.938110 -146.722748	0.082 -0.018 -0.071
item_ammo_smg1_ttt	-695.164368 446.614868 -342.307434	0.189 -0.005 0.115
item_ammo_smg1_ttt	-710.163147 444.947998 -342.305054	0.214 -0.005 0.132
item_ammo_smg1_ttt	-2210.799561 1939.976685 1147.991333	-0.566 0.014 0.257
item_ammo_smg1_ttt	-2196.603516 1939.490234 1147.947021	-0.758 0.002 0.496
item_ammo_smg1_ttt	-2599.092773 1349.824951 1353.024048	3.377 -0.054 3.780
item_ammo_smg1_ttt	-2582.069092 1340.785889 1351.395386	3.390 -0.053 3.768
item_ammo_smg1_ttt	3573.910400 -404.865570 -398.859161	2.364 -0.091 4.041
item_ammo_smg1_ttt	3604.254395 -413.791321 -400.742432	2.362 -0.091 4.049
item_ammo_smg1_ttt	-1244.800049 -6752.409668 -1758.722412	2.557 0.123 -0.489
item_ammo_smg1_ttt	-1242.194214 -6772.525391 -1758.668579	2.577 0.145 -0.477
item_ammo_smg1_ttt	-1483.904907 -6110.035645 -1758.629761	2.378 -0.065 -0.496
item_ammo_smg1_ttt	-1495.687012 -6110.601563 -1758.750977	-2.662 -1.186 3.930
item_ammo_smg1_ttt	-1628.086670 -6159.087891 -1810.474365	0.202 -0.017 -0.180
item_ammo_smg1_ttt	-1646.034790 -6161.536133 -1810.588745	-0.272 0.005 0.170
item_ammo_smg1_ttt	-2088.823486 530.073059 -317.773773	-0.434 0.010 -0.344
item_ammo_smg1_ttt	-2072.910156 529.516174 -317.804718	-0.022 0.172 -0.435
item_ammo_smg1_ttt	3453.111572 1635.296021 3114.970703	-0.402 0.166 -0.000
item_ammo_smg1_ttt	3426.024170 1633.382935 3114.910645	-0.478 -0.004 -0.309
item_ammo_smg1_ttt	1245.525146 1635.410034 3044.817383	1.479 0.051 -0.554
item_ammo_smg1_ttt	1223.370605 1649.199097 3043.957275	1.449 0.586 -13.994
item_ammo_pistol_ttt	395.734222 -2870.903320 -302.906799	-0.147 -0.018 -0.044
item_ammo_pistol_ttt	401.729431 -2855.719238 -302.916504	-0.005 0.001 0.002
item_ammo_pistol_ttt	416.633423 -2863.053955 -302.863007	-0.108 -0.019 -0.033
item_ammo_pistol_ttt	405.193665 -2879.241943 -302.861145	-0.107 -0.019 -0.032
item_ammo_pistol_ttt	334.547821 -3007.415771 -302.857513	-0.104 -0.020 -0.031
item_ammo_pistol_ttt	340.570099 -2991.064209 -302.895874	-0.214 -0.020 -0.073
item_ammo_pistol_ttt	345.391052 -3014.159912 -302.853973	-0.101 -0.020 -0.030
item_ammo_pistol_ttt	351.400574 -2999.277588 -302.797333	-0.301 0.042 -0.089
item_ammo_pistol_ttt	2181.720215 -1592.148560 -378.209351	3.236 -0.156 14.015
item_ammo_pistol_ttt	2191.207275 -1594.152466 -379.327545	3.328 -0.130 14.014
item_ammo_pistol_ttt	2192.338135 -1615.003662 -384.625427	3.136 -0.193 14.016
item_ammo_pistol_ttt	2181.638184 -1614.647583 -383.839233	3.057 -0.219 14.016
item_ammo_pistol_ttt	2043.925537 -1659.566895 -386.044495	3.153 -0.184 14.016
item_ammo_pistol_ttt	2055.864746 -1660.289307 -387.014893	3.004 -0.241 14.016
item_ammo_pistol_ttt	2055.289795 -1681.450684 -392.260254	3.180 -0.177 14.015
item_ammo_pistol_ttt	2047.314331 -1683.869141 -392.345154	3.126 -0.195 14.016
item_ammo_pistol_ttt	1901.811401 -1702.907593 -387.568085	3.221 -0.163 14.015
item_ammo_pistol_ttt	1913.347290 -1704.381958 -388.678192	3.513 -0.079 14.012
item_ammo_pistol_ttt	1912.300537 -1725.265015 -393.843018	4.631 -3.580 13.894
item_ammo_pistol_ttt	1903.915161 -1723.328003 -392.822449	3.739 -0.476 14.170
item_ammo_pistol_ttt	2337.412109 -1678.837280 -410.378082	5.194 -0.061 12.492
item_ammo_pistol_ttt	2337.459961 -1660.082520 -406.284973	5.377 0.088 12.455
item_ammo_pistol_ttt	2349.562500 -1678.388672 -411.264587	5.823 -0.195 10.367
item_ammo_pistol_ttt	2350.781494 -1658.421509 -407.315826	5.423 0.115 12.440
item_ammo_pistol_ttt	2988.056641 -1012.569702 -355.793549	3.272 -0.180 6.146
item_ammo_pistol_ttt	3001.798340 -1007.488831 -356.062805	3.268 -0.173 6.176
item_ammo_pistol_ttt	3009.937988 -1029.961304 -358.929413	3.268 -0.173 6.177
item_ammo_pistol_ttt	2996.842041 -1036.990601 -358.885498	3.275 -0.188 6.128
item_ammo_pistol_ttt	948.591797 -951.193054 -262.053772	3.604 0.138 -0.663
item_ammo_pistol_ttt	957.635620 -948.797852 -262.571411	3.672 0.136 -0.663
item_ammo_pistol_ttt	1224.727905 -44.532299 -268.984711	0.012 0.031 0.002
item_ammo_pistol_ttt	1212.644287 -45.685959 -269.031036	0.022 0.031 0.003
item_ammo_pistol_ttt	1203.847168 -45.828243 -269.052582	0.026 0.031 0.003
item_ammo_pistol_ttt	1194.170898 -46.939713 -269.050629	0.026 0.031 0.003
item_ammo_pistol_ttt	3062.933838 -868.711243 -63.834991	-0.025 -0.031 0.003
item_ammo_pistol_ttt	3075.114746 -868.090942 -63.859642	-0.029 -0.030 0.004
item_ammo_pistol_ttt	3083.461426 -899.091370 -63.868900	-0.031 -0.030 0.004
item_ammo_pistol_ttt	3073.062988 -897.724121 -63.844719	-0.027 -0.031 0.004
item_ammo_pistol_ttt	1421.846069 847.421143 102.863678	0.475 0.078 1.730
item_ammo_pistol_ttt	1429.526855 822.896240 101.991875	0.153 0.067 1.806
item_ammo_pistol_ttt	-2827.601807 538.956238 -146.908859	0.027 0.031 0.004
item_ammo_pistol_ttt	-2839.630371 537.884216 -146.900894	0.025 0.031 0.004
item_ammo_pistol_ttt	-2851.214844 536.072327 -146.838852	0.013 0.031 0.002
item_ammo_pistol_ttt	-2863.139160 533.915161 -146.803543	0.006 0.031 0.001
item_ammo_pistol_ttt	-2176.528076 -2091.001953 -342.342407	-0.113 -0.019 -0.034
item_ammo_pistol_ttt	-2190.919434 -2097.109619 -342.273529	-0.053 -0.020 -0.016
item_ammo_pistol_ttt	1730.471436 -402.582306 -232.407593	-0.026 -0.031 0.003
item_ammo_pistol_ttt	1720.251953 -409.218231 -232.453369	-0.035 -0.029 0.005
ttt_random_weapon	508.336456 -2743.525635 -302.009796	1.562 4.758 -93.314
ttt_random_weapon	473.789093 -2818.449219 -302.037659	1.876 4.780 -92.594
ttt_random_weapon	439.236481 -2893.292969 -302.004517	1.502 4.753 -93.451
ttt_random_weapon	404.425812 -2968.024902 -302.004517	1.502 4.753 -93.451
ttt_random_weapon	372.746704 -3036.009033 -302.015808	1.629 4.763 -93.160
ttt_random_weapon	358.273315 -3076.302979 -302.040710	1.910 4.782 -92.516
ttt_random_weapon	391.287720 -2999.457275 -302.005005	1.507 4.754 -93.439
ttt_random_weapon	453.900208 -2852.158691 -302.016998	1.643 4.764 -93.128
ttt_random_weapon	416.860199 -2930.782959 -302.008636	1.549 4.757 -93.345
ttt_random_weapon	349.302490 -3107.361816 -302.039185	1.893 4.781 -92.556
ttt_random_weapon	493.536316 -2777.797607 -302.014984	1.621 4.762 -93.180
ttt_random_weapon	1992.563843 -1623.537109 -373.039185	10.761 -23.594 -79.996
ttt_random_weapon	2012.526123 -1660.240601 -383.525513	10.761 -23.592 -79.995
ttt_random_weapon	2035.927124 -1711.814331 -397.955750	10.762 -23.594 -79.996
ttt_random_weapon	2061.228027 -1757.765625 -410.413879	9.463 -21.472 -90.920
ttt_random_weapon	2142.694092 -1571.747314 -369.924591	10.761 -23.590 -79.995
ttt_random_weapon	2166.000488 -1630.805542 -386.220245	10.761 -23.590 -79.995
ttt_random_weapon	2185.869385 -1686.209106 -401.376801	10.761 -23.592 -79.995
ttt_random_weapon	2207.527100 -1722.361206 -411.152954	2.316 -1.640 89.085
ttt_random_weapon	2303.526855 -1530.855225 -373.769775	11.876 -18.384 -81.937
ttt_random_weapon	2323.927490 -1572.962280 -385.100616	11.889 -18.345 -81.885
ttt_random_weapon	2346.744385 -1602.231445 -393.892487	11.947 -18.062 -81.600
ttt_random_weapon	2369.955078 -1636.546143 -403.803406	11.859 -18.429 -81.999
ttt_random_weapon	2967.939697 -1133.657593 -367.525055	6.805 -21.790 -88.277
ttt_random_weapon	3019.508789 -1096.412842 -365.947784	6.780 -21.797 -88.493
ttt_random_weapon	3071.032227 -1075.881226 -366.500549	6.689 -21.793 -88.865
ttt_random_weapon	3133.506592 -1050.386475 -367.328766	6.676 -21.796 -88.972
ttt_random_weapon	3116.687744 -1126.457275 -374.844666	6.824 -21.785 -88.113
ttt_random_weapon	3071.998047 -1145.333984 -374.604095	6.798 -21.792 -88.340
ttt_random_weapon	3025.719482 -1172.128418 -375.234009	6.814 -21.789 -88.205
ttt_random_weapon	1911.064575 -1812.540649 -412.497406	1.995 5.299 -91.795
ttt_random_weapon	1890.196655 -1791.983398 -408.455353	10.762 -23.594 -79.996
ttt_random_weapon	1877.591309 -1753.356445 -397.970032	10.760 -23.587 -79.995
ttt_random_weapon	1870.647827 -1713.579956 -387.568237	10.916 -24.382 -80.121
ttt_random_weapon	1140.070068 32.013798 -268.218506	1.812 5.715 -92.855
ttt_random_weapon	1138.970337 3.900743 -268.222046	1.850 5.713 -92.777
ttt_random_weapon	1143.289185 -21.677420 -268.192810	1.538 5.723 -93.418
ttt_random_weapon	1153.615479 -84.708817 -268.218475	1.812 5.715 -92.855
ttt_random_weapon	1149.529785 -55.236938 -268.207245	1.692 5.719 -93.101
ttt_random_weapon	1161.248535 -123.352249 -268.206726	1.687 5.718 -93.112
ttt_random_weapon	3019.205811 -1003.004272 -63.016846	1.956 4.786 -92.412
ttt_random_weapon	3062.752930 -984.258911 -62.994621	1.705 4.768 -92.986
ttt_random_weapon	3108.689209 -959.993896 -62.998314	1.747 4.771 -92.891
ttt_random_weapon	3130.270752 -998.622742 -62.998314	1.747 4.771 -92.891
ttt_random_weapon	3083.824951 -1023.529785 -63.007664	1.852 4.778 -92.649
ttt_random_weapon	3037.500244 -1051.294434 -62.973080	1.461 4.750 -93.544
ttt_random_weapon	1354.592041 848.484741 98.231575	1.805 5.714 -92.869
ttt_random_weapon	1363.967163 820.471497 98.232903	1.791 5.713 -92.898
ttt_random_weapon	1372.529297 790.296570 98.252060	1.586 5.721 -93.318
ttt_random_weapon	1382.428101 767.729553 98.239494	1.720 5.718 -93.043
ttt_random_weapon	1394.853638 738.665161 98.261848	1.482 5.726 -93.533
ttt_random_weapon	-2934.282471 592.241699 -146.044617	1.568 4.917 -93.301
ttt_random_weapon	-2919.037354 548.852295 -146.054245	1.677 4.635 -93.052
ttt_random_weapon	-2902.278809 516.507019 -146.063721	1.784 4.928 -92.806
ttt_random_weapon	-2890.343262 478.595764 -146.092789	2.111 4.732 -92.057
ttt_random_weapon	-2873.710205 441.002411 -146.101105	2.204 5.116 -91.843
weapon_ttt_g3sg1	-3069.120117 -952.318176 -170.412247	-0.478 0.252 -88.264
weapon_ttt_sg550	-2575.046143 886.398071 1295.604614	0.318 -12.801 -89.555
weapon_ttt_m16	-2161.409424 -2065.117676 -341.852112	2.069 -6.065 83.917
weapon_zm_sledge	-2124.753662 -2110.260010 387.945679	13.208 0.419 2.747
weapon_zm_sledge	813.810669 -2476.640869 -213.283981	-0.133 21.199 88.909
weapon_ttt_mp5	-554.739929 -933.161072 -413.393219	-0.752 6.880 -87.688
weapon_ttt_galil	1609.219482 -131.159149 -85.043816	0.846 -12.940 -87.568
weapon_ttt_galil	3576.534668 -446.452820 -401.479279	0.313 7.806 91.404
weapon_ttt_revolver	-2962.128662 306.523315 -71.989388	9.204 25.619 74.532
weapon_ttt_revolver	-1906.194092 845.977600 -301.771118	7.352 -27.848 -78.624
weapon_ttt_revolver	-1490.029663 -6039.186523 -1757.129395	10.471 -25.300 -77.666
weapon_zm_molotov	364.839111 -2865.323975 -240.790222	-0.643 -1.723 -0.979
weapon_zm_molotov	356.341492 -2885.306641 -240.819839	-2.029 -1.520 0.094
weapon_zm_molotov	3020.812988 -1059.776245 -361.039764	-27.803 43.638 94.718
weapon_zm_molotov	3033.264648 -1055.987427 -361.356689	-28.711 43.513 94.832
weapon_zm_molotov	1056.638794 -356.067017 -234.581345	-0.893 -1.606 -1.362
weapon_zm_molotov	990.063965 -273.022461 -234.860443	-1.007 -1.579 -1.536
weapon_zm_molotov	3068.646973 -1085.279297 -64.082001	-1.025 -1.553 -1.558
weapon_zm_molotov	3074.824463 -1100.500488 -64.077477	-0.976 -1.572 -1.491
weapon_zm_molotov	2925.147461 61.055115 -0.554026	-0.919 -1.611 -1.404
weapon_zm_molotov	2925.886475 34.908707 -0.534338	-0.724 -1.695 -1.104
weapon_zm_molotov	2386.964600 143.474167 -64.093582	-1.218 -1.250 -0.710
weapon_zm_molotov	2400.711670 139.965164 -64.085335	-1.130 -1.268 -0.658
weapon_zm_molotov	2395.520996 126.592346 -64.104332	-1.332 -1.209 -0.776
weapon_zm_molotov	2384.508301 128.709473 -64.077690	-1.048 -1.284 -0.611
weapon_zm_molotov	-2791.362793 393.847107 -147.106216	-1.373 -1.484 -1.398
weapon_zm_molotov	-2816.312500 389.333435 -147.100677	-1.255 -1.505 -1.277
weapon_zm_molotov	-2132.352295 -2341.876953 390.302582	-1.151 -1.442 -1.760
weapon_zm_molotov	-2098.526123 -2326.401611 390.383789	-0.346 -1.755 -0.522
weapon_zm_molotov	-3072.047119 26.308359 -73.831039	-0.792 -1.677 -1.208
weapon_zm_molotov	-3070.309082 8.706277 -73.790916	-0.934 -1.411 -1.117
weapon_zm_molotov	685.245117 -2436.101074 -215.877579	-0.643 -1.723 -0.979
weapon_zm_molotov	695.730286 -2414.544434 -210.086639	-49.315 -29.451 111.095
weapon_zm_molotov	-1267.977539 -6623.866211 -1755.467896	-1.052 -1.485 -1.608
weapon_zm_molotov	-1262.256104 -6629.605957 -1755.435913	-0.735 -1.696 -1.120
weapon_zm_molotov	-1271.561401 -6631.717773 -1755.463257	-1.007 -1.579 -1.536
weapon_zm_molotov	-1515.374634 -5932.008301 -1755.440430	-0.780 -1.675 -1.190
weapon_zm_molotov	-1507.341675 -5937.943359 -1755.444092	-0.816 -1.671 -1.245
weapon_zm_molotov	-1517.879272 -5942.979980 -1755.412842	-1.788 -1.332 -1.071
weapon_zm_molotov	448.675201 -3329.828613 -133.629395	-0.991 -1.578 -1.514
weapon_zm_molotov	453.854614 -3318.899658 -133.606995	-0.769 -1.674 -1.172
weapon_zm_molotov	3448.764648 1718.452759 3114.620361	-2.091 -1.230 -2.131
weapon_zm_molotov	3465.045654 1711.786133 3114.650879	-1.436 -1.479 -1.462
weapon_zm_molotov	2851.407471 2008.408447 3104.104736	-1.199 -1.251 -0.699
weapon_zm_molotov	2847.750000 1983.431030 3104.135010	-0.876 -1.311 -0.510
weapon_zm_rifle	-2022.424438 -2275.362549 389.331970	3.568 12.656 65.234
weapon_zm_rifle	-2427.120117 844.311096 1293.248535	3.326 15.383 65.038
weapon_ttt_glock	930.747070 -960.386841 -260.349243	2.246 30.200 92.148
weapon_zm_mac10	-2604.805176 1328.780029 1352.419312	-0.385 51.482 92.259
weapon_zm_mac10	-1489.053101 -6089.024414 -1757.850220	0.966 -56.289 -90.191
weapon_zm_pistol	1715.260254 -391.178070 -231.694321	0.841 36.347 90.204
weapon_ttt_dual_elites	1128.215088 782.241394 127.001343	2.357 0.909 5.712
weapon_ttt_tmp	-705.881592 475.349609 -341.509979	0.167 -22.505 -88.236
weapon_ttt_tmp	-1630.102539 -6137.774902 -1809.765625	0.156 -23.280 -88.529
weapon_ttt_tmp	1252.882080 1671.988892 3038.838623	6.308 22.144 76.013
weapon_ttt_confgrenade	289.618774 -3039.116211 -222.929901	-41.465 -60.329 -98.579
weapon_ttt_confgrenade	297.561737 -3008.606445 -224.942780	-44.473 -77.678 -119.260
weapon_ttt_confgrenade	379.328796 -2819.065674 -238.811874	-36.574 -55.189 -91.171
weapon_ttt_confgrenade	404.548920 -2773.783691 -238.851395	-35.996 -55.746 -90.243
weapon_ttt_confgrenade	394.448944 -2790.699219 -238.772781	-37.145 -54.607 -92.114
weapon_ttt_confgrenade	2993.281982 -1073.216309 -360.968597	-42.462 60.588 96.775
weapon_ttt_confgrenade	3005.685547 -1065.772705 -360.767761	-42.351 58.766 98.647
weapon_ttt_confgrenade	1081.127319 -1160.003540 -248.302795	-45.263 -23.708 -99.137
weapon_ttt_confgrenade	1134.438110 -1310.279297 -317.620056	18.591 -97.246 -95.552
weapon_ttt_confgrenade	1597.298096 -172.730743 -84.004776	14.475 -26.275 -91.087
weapon_ttt_confgrenade	1612.969238 -172.152802 -84.130333	16.007 -25.773 -88.709
weapon_ttt_confgrenade	3159.375488 -1042.417358 -62.019608	14.323 -26.285 -91.089
weapon_ttt_confgrenade	3168.902588 -1058.160278 -61.974045	13.929 -26.431 -91.922
weapon_ttt_confgrenade	1327.148071 802.341492 99.146858	-37.282 -49.421 -90.869
weapon_ttt_confgrenade	1341.787964 767.946777 99.073303	-36.694 -50.357 -89.266
weapon_ttt_confgrenade	515.717896 1055.365479 212.812531	15.962 -25.792 -88.788
weapon_ttt_confgrenade	515.372803 1047.509766 212.844803	15.563 -25.934 -89.398
weapon_ttt_confgrenade	-3050.605713 68.229622 -71.919701	16.049 -25.753 -88.629
weapon_ttt_confgrenade	-3034.878906 86.976456 -71.819618	13.584 -37.567 -90.800
weapon_ttt_confgrenade	-2576.346680 1203.121704 1296.127319	-36.572 -50.540 -88.952
weapon_ttt_confgrenade	-2600.171143 1207.495605 1296.159180	-36.830 -50.146 -89.636
weapon_ttt_confgrenade	-2626.264648 1203.726196 1296.037964	-35.834 -51.555 -87.074
weapon_ttt_confgrenade	3633.925049 -433.165527 -401.731934	-42.216 43.665 95.852
weapon_ttt_confgrenade	3656.465332 -440.698517 -403.853424	37.723 35.452 98.139
weapon_ttt_confgrenade	978.964539 42.741543 -225.651184	15.642 73.803 99.024
weapon_ttt_confgrenade	386.786957 -3312.890869 -131.666428	-35.835 -55.890 -89.991
weapon_ttt_confgrenade	391.820068 -3298.580322 -131.628662	-36.387 -55.372 -90.870
weapon_zm_shotgun	1336.055786 -264.352966 -244.287949	-0.721 4.378 86.413
weapon_zm_shotgun	-1240.256836 -6807.999023 -1758.932739	-3.856 7.794 89.933
weapon_zm_shotgun	1874.291748 1682.668701 3109.587402	-17.447 -3.030 -99.399
weapon_ttt_famas	959.772217 338.969971 -279.275726	-2.642 17.960 86.996
weapon_ttt_famas	506.569885 917.081787 -413.255249	-0.980 15.731 89.055
weapon_zm_revolver	807.881836 1304.584106 207.933258	2.000 -20.562 -85.796
weapon_zm_revolver	-3023.068848 -1001.987671 -170.835251	2.767 -16.940 -84.247
weapon_zm_revolver	-2292.259033 1876.358521 1148.487061	1.932 -18.776 -85.913
weapon_zm_revolver	-2553.685791 1323.458496 1348.871704	7.533 -25.348 -82.039
weapon_ttt_aug	802.303772 -1174.482056 -258.255157	-2.272 -10.187 -89.926
weapon_ttt_aug	2889.731689 34.476036 -0.200855	0.110 9.729 86.386
weapon_ttt_aug	-2217.861572 1919.022339 1148.009521	0.291 9.612 87.001
weapon_ttt_sg552	864.146606 1121.687500 208.006989	2.250 1.569 -84.737
weapon_ttt_sg552	-2080.211426 504.118774 -317.245544	2.421 2.601 -84.946
