# Trouble in Terrorist Town weapon/ammo placement overrides
# For map: ttt_ham
# Exported by: Kopa
setting:	replacespawns 1
ttt_random_weapon	-3383.179932 381.325989 127.571999	0.000 0.000 0.000
ttt_random_weapon	-3293.520020 389.803986 74.372902	0.000 0.000 0.000
ttt_random_weapon	1182.510010 -550.827026 55.963501	0.000 0.000 0.000
ttt_random_weapon	-3035.010010 467.312012 -33.287601	0.000 0.000 0.000
ttt_random_weapon	1474.900024 401.007996 65.372902	0.000 0.000 0.000
ttt_random_weapon	-262.928986 -94.233002 20.372900	0.000 0.000 0.000
ttt_random_weapon	-192.737000 -93.776703 20.372900	0.000 0.000 0.000
ttt_random_weapon	277.459015 805.718018 20.372900	0.000 0.000 0.000
ttt_random_weapon	291.730011 386.652008 56.372898	0.000 0.000 0.000
ttt_random_weapon	607.585999 811.112976 20.372900	0.000 0.000 0.000
ttt_random_weapon	-3454.580078 1078.310059 -86.627098	0.000 0.000 0.000
ttt_random_weapon	-3611.520020 1081.719971 -86.627098	0.000 0.000 0.000
ttt_random_weapon	-3534.790039 1083.609985 -86.627098	0.000 0.000 0.000
ttt_random_weapon	-3610.787598 1130.672852 -94.778900	1.603 5.704 -93.184
ttt_random_weapon	-3617.333740 1118.421265 -94.761749	1.296 4.334 -93.756
ttt_random_weapon	-3572.186279 1125.537231 -94.757164	1.333 5.858 -93.772
ttt_random_weapon	-3547.389893 1121.212280 -94.799995	1.689 3.998 -93.755
ttt_random_weapon	-3520.514404 1114.324707 -94.760536	1.531 3.340 -93.501
ttt_random_weapon	-3491.942139 1106.704834 -94.842827	1.598 8.827 -92.865
ttt_random_weapon	-3469.505615 1103.103394 -94.788643	1.747 6.105 -92.890
ttt_random_weapon	-3465.170654 1091.825562 -94.786903	1.411 4.745 -93.903
ttt_random_weapon	-3467.313477 1075.748047 -94.777802	1.378 4.687 -93.453
ttt_random_weapon	-3465.945068 1059.288574 -94.759224	1.414 4.746 -93.652
ttt_random_weapon	-3479.713135 1084.175049 -94.766449	1.496 4.982 -93.465
ttt_random_weapon	-3503.681641 1129.743896 -94.799110	1.417 4.909 -93.134
ttt_random_weapon	-3542.972412 1149.853027 -94.789734	1.759 4.772 -92.862
ttt_random_weapon	-3580.303467 1141.716553 -94.492432	4.091 4.605 -94.047
ttt_random_weapon	-3612.168457 1125.326538 -94.761581	1.441 2.237 -93.591
ttt_random_weapon	-3634.663818 1106.934326 -94.766441	1.441 4.206 -93.528
ttt_random_weapon	-3644.535156 1092.250244 -94.788292	1.390 4.699 -93.514
ttt_random_weapon	-3626.042725 1085.546143 -94.766518	1.497 5.473 -93.463
ttt_random_weapon	-3654.683350 1068.965820 -94.764946	1.438 4.672 -93.878
ttt_random_weapon	-3612.440674 1111.514893 -94.760551	1.393 -11.972 -93.840
ttt_random_weapon	-3565.938721 1139.372803 -93.029449	5.206 5.822 -93.312
ttt_random_weapon	-4017.902832 1261.084717 -105.759369	1.255 4.913 -93.833
ttt_random_weapon	-4048.019775 1268.161987 -105.268867	-2.215 12.607 85.458
ttt_random_weapon	-4105.794434 1260.689575 -105.779282	1.642 4.249 -93.132
ttt_random_weapon	-4154.340332 1251.839600 -105.777901	1.626 5.411 -93.168
ttt_random_weapon	-4213.220703 1250.604248 -105.780235	1.519 4.665 -93.312
ttt_random_weapon	-4273.309082 1250.421997 -105.789711	1.759 4.707 -92.862
ttt_random_weapon	-4368.150879 1163.015625 -105.784897	1.705 4.702 -92.987
ttt_random_weapon	-4391.317383 1092.390259 -105.789139	1.753 4.706 -92.877
ttt_random_weapon	-4392.483398 1019.987427 -105.782501	1.678 5.005 -93.049
ttt_random_weapon	-4393.157227 948.560242 -105.784401	1.699 4.701 -93.000
ttt_random_weapon	-4392.811035 886.156128 -105.771088	1.549 4.652 -93.344
ttt_random_weapon	-4387.656250 833.354614 -105.770485	1.542 4.682 -93.360
ttt_random_weapon	-4399.470703 -205.394211 -105.865852	2.173 -2.901 -92.382
ttt_random_weapon	-4380.774902 -197.790375 -105.784515	1.382 3.395 -93.328
ttt_random_weapon	-4349.517578 -208.583923 -105.807312	1.957 4.473 -92.408
ttt_random_weapon	-4332.468262 -231.232269 -105.740875	1.943 7.263 -89.469
ttt_random_weapon	-4323.469727 -234.369843 -104.654083	-3.733 2.893 -84.544
ttt_random_weapon	-4323.405273 -265.453796 -105.791031	1.352 2.643 -93.928
ttt_random_weapon	-4327.036621 -260.459076 -103.518822	1.788 19.273 59.628
ttt_random_weapon	-4324.953125 -256.763763 -103.727127	-5.526 -2.291 -120.476
ttt_random_weapon	-4144.833008 -909.295227 -105.765778	1.382 -2.725 -93.760
ttt_random_weapon	-4157.496094 -913.830750 -104.435371	-4.296 0.054 -83.943
ttt_random_weapon	-4181.937500 -921.156311 -105.794670	0.889 -9.928 -93.797
ttt_random_weapon	-4206.255371 -887.097839 -105.779930	1.649 4.963 -93.115
ttt_random_weapon	-4237.209961 -855.573730 -105.780075	1.651 4.680 -93.111
ttt_random_weapon	-4261.830566 -825.575439 -105.822807	1.706 4.208 -92.796
ttt_random_weapon	-4277.486816 -803.555420 -105.785103	1.707 4.662 -92.981
ttt_random_weapon	-4255.456055 -816.755615 -105.764618	1.475 3.297 -93.512
ttt_random_weapon	-4228.360352 -845.127075 -105.762047	1.461 4.296 -94.001
ttt_random_weapon	-4202.012695 -878.098206 -105.772751	1.385 2.024 -94.143
ttt_random_weapon	-4176.775879 -909.411438 -103.691406	-8.299 1.336 80.071
ttt_random_weapon	-2058.653564 -1006.928894 -105.802559	1.904 7.330 -92.531
ttt_random_weapon	-2088.517822 -1002.530273 -105.772583	1.566 11.268 -93.306
ttt_random_weapon	-2115.514160 -1000.883911 -105.785187	1.643 8.297 -93.331
ttt_random_weapon	-2160.585693 -1003.424072 -105.770485	1.542 4.682 -93.360
ttt_random_weapon	-2202.380859 -994.555237 -105.766830	1.501 4.634 -93.455
ttt_random_weapon	-2249.079102 -990.895569 -105.766647	1.499 4.228 -93.459
ttt_random_weapon	-2294.690186 -991.549500 -105.771347	1.552 4.623 -93.338
ttt_random_weapon	-2330.662109 -992.975037 -105.770599	1.543 4.608 -93.357
ttt_random_weapon	-2362.571045 -990.348083 -105.780930	1.660 4.430 -93.090
ttt_random_weapon	-2402.281250 -1000.416809 -105.758980	1.412 4.072 -93.658
ttt_random_weapon	-2440.634521 -1006.048950 -105.764587	1.210 3.331 -93.733
ttt_random_weapon	-2465.249268 -1006.994385 -104.000244	-2.910 2.081 -121.053
ttt_random_weapon	-2485.665527 -1011.105408 -105.375633	-1.178 -2.619 82.782
ttt_random_weapon	-2541.537598 -1010.072571 -105.781578	1.667 4.697 -93.073
ttt_random_weapon	-2580.013916 -1000.274902 -105.778603	1.634 4.694 -93.150
ttt_random_weapon	-2621.048340 -986.883972 -105.842216	1.715 3.390 -92.241
ttt_random_weapon	-2652.482422 -979.756042 -105.252228	-2.035 15.148 85.368
ttt_random_weapon	-2693.820068 -993.939697 -105.789528	1.757 4.263 -92.867
ttt_random_weapon	-2728.172607 -985.221924 -105.823296	1.667 5.595 -92.535
ttt_random_weapon	-2755.850586 -994.548157 -105.761253	1.235 -7.880 -93.838
ttt_random_weapon	-2799.529297 -980.255432 -105.779701	1.646 4.249 -93.121
ttt_random_weapon	-2825.658691 -181.465347 -93.043015	-1.780 -19.596 -90.165
ttt_random_weapon	-2865.129395 -175.906433 -94.142403	-0.377 8.381 -89.919
ttt_random_weapon	-2865.529541 -146.902710 -93.738007	-10.512 2.293 -97.011
ttt_random_weapon	-2850.302002 -123.003014 -92.878662	0.298 7.439 -98.727
ttt_random_weapon	-2847.939941 -83.122635 -93.850243	1.765 4.469 -92.849
ttt_random_weapon	-2865.183594 -37.991146 -93.824165	1.436 6.581 -93.737
ttt_random_weapon	-2865.337158 10.515813 -93.826591	1.427 6.351 -93.900
ttt_random_weapon	-2864.074707 45.403496 -93.552109	1.613 4.853 -83.135
ttt_random_weapon	-2854.902832 75.510811 -89.834549	11.583 2.339 -93.451
ttt_random_weapon	-2858.955566 107.198654 -89.811966	1.332 5.604 -93.841
ttt_random_weapon	-2850.833008 137.163803 -89.862091	2.139 4.056 -93.156
ttt_random_weapon	-2844.505615 370.466003 -92.026581	10.123 -1.383 -91.467
ttt_random_weapon	-2857.362793 390.583099 -90.942909	1.576 4.806 -92.562
ttt_random_weapon	-2863.775635 384.476471 -90.811966	1.332 -0.275 -93.841
ttt_random_weapon	-2852.878906 400.712097 -90.824593	0.138 2.690 -93.759
ttt_random_weapon	-2851.481934 429.352509 -90.823723	1.653 2.922 -93.828
ttt_random_weapon	-2861.590820 462.024933 -95.135857	-0.292 3.453 -97.457
ttt_random_weapon	-2857.976563 483.306152 -92.160896	-1.105 -5.458 93.931
ttt_random_weapon	-2858.980225 522.513000 -90.812881	1.301 2.018 -94.072
ttt_random_weapon	-2863.674072 560.617920 -91.951492	-3.794 4.550 -94.979
ttt_random_weapon	-2865.054443 595.972656 -95.720299	-3.641 13.886 -103.004
ttt_random_weapon	-2858.321045 621.549072 -93.315430	-1.246 -6.731 94.537
ttt_random_weapon	-2839.311035 652.130493 -91.236496	9.107 1.600 -93.672
ttt_random_weapon	-2835.157227 685.311096 -90.851357	1.806 5.039 -92.788
ttt_random_weapon	-3079.363281 -89.029594 -69.771233	1.444 4.618 -93.712
ttt_random_weapon	-3080.578125 -70.429512 -69.801041	1.477 4.612 -93.492
ttt_random_weapon	-3083.624512 -53.416428 -69.810814	1.997 5.824 -92.318
ttt_random_weapon	-3080.377686 -33.988239 -69.792824	1.727 3.050 -93.204
ttt_random_weapon	-2912.448486 -19.731821 -69.769043	1.468 4.762 -93.755
ttt_random_weapon	-2912.810303 -45.146793 -69.783928	1.694 4.768 -93.012
ttt_random_weapon	-2911.679199 -66.851456 -69.767899	1.513 5.715 -93.427
ttt_random_weapon	-2913.706787 -89.267075 -69.798668	1.860 4.779 -92.631
ttt_random_weapon	-3101.961914 542.787903 -69.753052	1.315 1.850 -93.895
ttt_random_weapon	-3082.835205 548.553284 -68.045227	2.418 -6.965 -115.859
ttt_random_weapon	-3060.199219 542.988464 -69.767891	1.236 5.992 -93.745
ttt_random_weapon	-3017.127441 555.712585 -69.887604	2.034 3.682 -92.431
ttt_random_weapon	-2998.139893 548.456360 -69.304543	-1.427 -3.881 83.984
ttt_random_weapon	-3331.339600 -179.215088 66.246353	1.340 -5.338 -93.835
ttt_random_weapon	-3349.481689 -181.988861 68.045235	-4.677 7.655 107.370
ttt_random_weapon	-3358.945313 -175.146362 66.954521	-2.198 5.357 -98.294
ttt_random_weapon	-3369.578613 -171.761429 67.975746	7.643 59.069 -104.119
ttt_random_weapon	-3380.302734 -171.579361 68.270638	-7.692 3.234 -93.812
ttt_random_weapon	-3388.493652 -173.781967 70.146774	-13.944 -2.459 109.213
ttt_random_weapon	-3398.966064 -167.410034 68.417877	-8.988 3.823 84.692
ttt_random_weapon	-3407.874512 -144.192200 66.211212	1.398 5.017 -93.288
ttt_random_weapon	-3408.434570 -132.916245 66.231529	1.447 7.770 -93.855
ttt_random_weapon	-3066.980957 -59.469997 66.153374	2.398 6.987 -91.398
ttt_random_weapon	-3066.384033 -32.058697 66.204102	1.656 4.013 -92.928
ttt_random_weapon	-3064.388428 -9.414392 66.233437	1.483 5.750 -93.478
ttt_random_weapon	-3061.716064 517.367920 100.468330	3.512 -1.225 -96.935
ttt_random_weapon	-3053.713379 509.143982 100.560570	1.550 -6.163 82.054
ttt_random_weapon	-3044.336182 513.035400 101.423775	3.448 5.115 66.304
ttt_random_weapon	-3047.386963 526.365906 99.486191	4.110 4.975 -95.764
ttt_random_weapon	-3335.778076 546.245178 106.256599	1.991 7.233 -89.275
ttt_random_weapon	-3321.767090 542.724609 107.642403	6.254 6.633 -82.875
ttt_random_weapon	-3310.170410 539.684204 107.470787	-3.434 4.544 -76.145
ttt_random_weapon	-3281.125488 537.065491 106.234749	1.483 7.142 -93.496
ttt_random_weapon	-722.109131 411.266571 148.198959	1.887 11.750 -92.570
ttt_random_weapon	-696.091370 409.767181 148.220306	1.646 10.305 -93.122
ttt_random_weapon	-677.885925 405.207336 148.167404	2.204 1.570 -91.801
ttt_random_weapon	-659.212341 402.377258 149.517242	6.770 -3.301 -90.346
ttt_random_weapon	-633.205688 394.922119 148.218658	1.665 24.821 -93.079
ttt_random_weapon	-782.759583 319.554596 148.216492	1.667 4.768 -93.159
ttt_random_weapon	-787.238647 346.250732 148.202881	1.843 7.561 -92.671
ttt_random_weapon	-787.350830 369.708832 148.109802	1.816 4.365 -91.584
ttt_random_weapon	-693.985657 -31.077610 148.222839	1.618 3.689 -93.187
ttt_random_weapon	-694.138367 -50.000065 148.149200	1.475 1.352 -93.424
ttt_random_weapon	-694.082764 -68.275146 148.219574	1.654 4.252 -93.103
ttt_random_weapon	-693.799316 -86.989540 148.203781	1.833 4.768 -92.694
ttt_random_weapon	-699.445313 -108.272804 148.233810	1.483 9.553 -93.532
ttt_random_weapon	-358.761017 398.871460 183.330261	-5.492 0.490 65.128
ttt_random_weapon	-346.876923 393.489288 183.626434	-3.941 2.550 50.786
ttt_random_weapon	-339.271515 387.296906 182.148727	4.012 2.991 -88.405
ttt_random_weapon	-337.114288 378.432098 181.795135	3.091 3.762 -91.874
ttt_random_weapon	-354.731537 370.091675 181.772003	-3.400 -7.307 86.500
ttt_random_weapon	-455.545898 368.268768 180.994934	0.622 -5.555 86.995
ttt_random_weapon	-463.951172 380.764862 181.397171	3.233 1.039 -91.098
ttt_random_weapon	-466.574280 389.148468 181.891266	3.326 1.195 -91.136
ttt_random_weapon	-495.004211 389.343597 183.845718	-13.828 1.567 -2.009
ttt_random_weapon	-496.878357 405.900635 182.642075	-2.804 -16.333 86.056
ttt_random_weapon	-261.650360 403.027069 183.370163	-7.330 -2.966 82.773
ttt_random_weapon	-263.542511 397.687744 182.318558	-3.991 -4.110 85.952
ttt_random_weapon	-261.953522 386.512421 181.856766	3.967 2.701 -91.782
ttt_random_weapon	-260.275665 378.415375 181.779694	-5.211 -0.433 -93.749
ttt_random_weapon	-235.825073 380.519531 181.329269	-0.482 3.597 88.751
ttt_random_weapon	-241.445663 390.402100 183.195053	7.104 -10.783 86.256
ttt_random_weapon	-229.810593 397.642334 181.869080	-0.111 3.494 88.425
ttt_random_weapon	-225.873978 -389.218353 76.242241	1.300 4.344 -93.826
ttt_random_weapon	-265.240875 -391.942352 76.247520	1.334 3.658 -93.831
ttt_random_weapon	-275.470978 -385.245850 76.744644	-2.060 13.330 85.422
ttt_random_weapon	-279.477905 -379.432129 76.257523	1.729 10.188 -90.930
ttt_random_weapon	-249.356293 -398.118835 76.741867	-1.976 -8.181 85.222
ttt_random_weapon	-238.419571 -388.833038 79.200119	-2.666 4.864 -93.138
ttt_random_weapon	-236.784866 -383.557587 77.290482	-2.806 -2.462 -103.550
ttt_random_weapon	-273.496735 -378.915802 79.647896	-10.722 21.550 121.807
ttt_random_weapon	80.812241 -379.911346 91.297729	-1.558 2.644 63.730
ttt_random_weapon	44.324230 -380.519592 91.364876	-1.272 1.543 61.588
ttt_random_weapon	24.216534 -376.818207 92.097137	-3.002 -4.375 59.059
ttt_random_weapon	7.662570 -354.080170 90.886703	11.766 -9.452 -96.770
ttt_random_weapon	2.211533 -323.902283 92.879318	11.034 18.081 88.777
ttt_random_weapon	7.012902 -295.320496 91.040527	12.322 5.643 -91.965
ttt_random_weapon	7.598789 -259.585236 91.370071	9.961 11.106 84.716
ttt_random_weapon	6.764773 -234.235321 91.169807	12.654 3.896 -93.575
ttt_random_weapon	312.879211 -412.823883 17.277678	-10.427 9.414 87.637
ttt_random_weapon	314.841797 -421.007599 17.179935	-8.690 -2.190 -95.744
ttt_random_weapon	313.726013 -400.528442 17.957502	-15.195 19.503 109.870
ttt_random_weapon	316.976532 -408.631897 16.373821	-13.323 4.591 -95.487
ttt_random_weapon	305.591309 -423.547913 18.647869	-1.845 3.697 -74.046
ttt_random_weapon	309.096771 -428.465607 18.649002	-1.188 -0.769 -73.405
ttt_random_weapon	313.759613 -430.301758 21.142368	-3.906 3.876 108.252
ttt_random_weapon	314.391266 -422.231171 22.005989	-1.251 8.184 -73.180
ttt_random_weapon	1180.868530 -932.002258 55.143009	1.127 3.777 -94.477
ttt_random_weapon	1157.961670 -933.961914 56.110294	-3.850 5.304 -93.089
ttt_random_weapon	1089.640991 -958.392517 54.968475	1.246 4.856 -93.538
ttt_random_weapon	1000.339600 -943.676819 54.842537	2.150 5.499 -93.344
ttt_random_weapon	947.361328 -936.804321 55.083309	2.272 4.167 -93.511
ttt_random_weapon	945.411194 -959.088989 55.353363	2.157 4.379 -93.723
ttt_random_weapon	895.015869 -963.223877 55.429104	1.734 4.852 -93.470
ttt_random_weapon	807.010010 -928.747925 54.442337	1.750 3.342 -92.535
ttt_random_weapon	762.796448 -903.139099 54.267193	1.756 3.161 -95.090
ttt_random_weapon	728.419189 -900.810913 54.377369	1.601 2.182 -94.462
ttt_random_weapon	747.745056 -912.677063 54.425285	1.422 -13.586 -94.512
ttt_random_weapon	1526.464478 -671.571167 49.931816	1.568 4.935 -93.912
ttt_random_weapon	1542.711426 -594.289551 48.804276	1.137 4.835 -94.012
ttt_random_weapon	1608.731567 -477.001434 46.857563	1.649 6.212 -94.585
ttt_random_weapon	1563.462769 -425.470184 45.997349	1.755 6.051 -94.450
ttt_random_weapon	1557.456543 -358.722260 44.067093	1.717 5.579 -95.258
ttt_random_weapon	1580.014526 -284.798279 41.500664	1.935 7.195 -93.695
ttt_random_weapon	1555.943481 -214.546707 40.521778	1.814 2.777 -92.195
ttt_random_weapon	1546.759766 -166.027618 40.512234	0.552 4.407 -92.667
ttt_random_weapon	1555.266968 -98.242210 40.948868	0.917 3.402 -91.531
ttt_random_weapon	1577.016602 -121.908768 41.239410	1.528 5.196 -91.517
ttt_random_weapon	1559.359863 -189.620804 40.605484	0.532 4.177 -92.829
ttt_random_weapon	1556.489746 588.827087 42.209797	1.262 3.667 -93.571
ttt_random_weapon	1558.621948 679.438232 42.193703	1.946 4.720 -92.435
ttt_random_weapon	1559.096313 730.390259 42.046406	0.379 4.181 -94.580
ttt_random_weapon	1539.122314 773.117188 41.494362	2.148 3.873 -91.827
ttt_random_weapon	1539.146851 808.220703 41.232117	1.513 4.677 -93.427
ttt_random_weapon	1498.548828 868.677429 41.217655	1.676 4.252 -93.053
ttt_random_weapon	1506.451660 889.725098 41.230156	1.535 4.233 -93.377
ttt_random_weapon	1502.194092 966.687683 41.213993	1.717 4.315 -92.958
ttt_random_weapon	1509.794800 1006.314880 41.199421	1.882 4.277 -92.582
ttt_random_weapon	1533.261963 1067.877808 41.215599	1.699 4.701 -93.000
ttt_random_weapon	1555.993042 1145.918823 41.201771	1.855 4.520 -92.643
ttt_random_weapon	1532.449707 1137.646851 41.211353	1.747 3.762 -92.890
ttt_random_weapon	1275.350830 1233.535278 12.112283	1.841 -2.751 -91.644
ttt_random_weapon	1251.458130 1225.752075 12.692283	-1.391 -13.027 83.901
ttt_random_weapon	1172.185425 1239.885254 12.201953	1.853 4.711 -92.647
ttt_random_weapon	1074.214722 1265.282593 12.186048	2.032 4.291 -92.237
ttt_random_weapon	1011.001038 1241.163086 12.217191	1.681 4.255 -93.041
ttt_random_weapon	925.510620 1253.071777 12.203938	1.831 4.583 -92.699
ttt_random_weapon	864.843262 1242.177979 12.216085	1.694 4.700 -93.012
ttt_random_weapon	789.507202 1233.500366 12.214663	1.710 4.611 -92.976
ttt_random_weapon	-109.071732 532.367615 12.234962	1.480 4.255 -93.501
ttt_random_weapon	-156.430679 528.076660 12.219505	1.655 4.653 -93.101
ttt_random_weapon	-197.963531 525.706238 12.260200	1.078 1.659 -94.299
ttt_random_weapon	-212.273483 528.981567 14.287400	2.087 26.047 65.671
ttt_random_weapon	-234.078308 532.121643 12.203557	1.835 5.155 -92.689
ttt_random_weapon	247.111359 805.621216 12.305866	2.456 3.291 -90.846
ttt_random_weapon	265.640259 804.759277 14.222200	4.867 -6.360 88.265
ttt_random_weapon	293.280457 801.778809 13.578990	2.392 -4.716 88.699
ttt_random_weapon	311.618317 792.901794 12.656700	-0.989 24.896 83.011
ttt_random_weapon	321.704926 797.263916 14.143366	0.251 5.279 -95.923
ttt_random_weapon	303.592834 822.187988 12.241043	1.141 12.558 -94.013
ttt_random_weapon	263.151062 816.595703 12.713708	-1.790 -8.916 85.151
ttt_random_weapon	258.687714 814.138855 14.722654	0.687 -8.536 -94.718
ttt_random_weapon	342.683350 173.676849 60.220978	1.639 4.764 -93.139
ttt_random_weapon	342.985291 152.996475 60.231819	1.358 4.660 -93.600
ttt_random_weapon	395.255585 103.809967 60.243423	1.367 5.303 -93.801
ttt_random_weapon	414.425018 100.022133 60.741158	-1.958 -2.934 85.191
ttt_random_weapon	459.847687 161.509781 60.226475	1.576 4.759 -93.281
ttt_random_weapon	456.599304 177.794830 60.227432	1.566 4.758 -93.306
ttt_random_weapon	412.817413 222.227859 60.221874	0.994 4.674 -93.890
ttt_random_weapon	400.534912 218.781860 62.334442	0.061 10.391 -93.115
weapon_ttt_m16	-450.000000 294.000000 36.216000	0.000 90.000 41.000
weapon_ttt_m16	-3539.000000 -646.000000 -81.782799	0.000 154.500 -91.000
weapon_ttt_m16	-3354.679932 159.744003 -29.980900	0.000 109.500 -91.000
weapon_ttt_m16	-584.716003 -98.568298 249.934998	0.000 19.500 -91.000
weapon_ttt_m16	-3710.159912 448.325012 -73.048401	0.000 109.500 -91.000
weapon_ttt_m16	-3384.290039 545.000000 106.306000	0.000 19.500 -91.000
weapon_ttt_m16	-136.000000 424.000000 182.000000	0.000 19.500 -91.000
weapon_ttt_m16	-172.856995 -515.000000 113.374001	0.000 199.500 -91.000
weapon_ttt_m16	-616.000000 -45.000000 184.000000	0.000 0.000 41.000
weapon_ttt_m16	483.123993 -33.558399 92.951599	0.000 289.500 -91.000
item_ammo_pistol_ttt	-446.000000 341.000000 13.280200	0.000 270.000 -1.000
item_ammo_pistol_ttt	-446.000000 331.000000 13.280200	0.000 270.000 -1.000
item_ammo_pistol_ttt	-3517.790039 -677.112976 -84.980202	0.000 135.000 -1.000
item_ammo_pistol_ttt	-3524.860107 -670.041992 -84.980202	0.000 135.000 -1.000
item_ammo_pistol_ttt	-200.000000 -511.876007 112.513000	0.000 180.000 -1.000
item_ammo_pistol_ttt	-190.557999 -511.876007 113.155998	0.000 180.000 -1.000
item_ammo_pistol_ttt	-3365.580078 181.869995 -33.178299	0.000 90.000 -1.000
item_ammo_pistol_ttt	-3365.580078 191.869995 -33.178299	0.000 90.000 -1.000
item_ammo_pistol_ttt	-3365.580078 201.869995 -33.178299	0.000 90.000 -1.000
item_ammo_pistol_ttt	-631.590027 -87.669098 246.738007	0.000 0.000 -1.000
item_ammo_pistol_ttt	-621.590027 -87.669098 246.738007	0.000 0.000 -1.000
item_ammo_pistol_ttt	-3731.760010 442.730011 -106.720001	0.000 90.000 -1.000
item_ammo_pistol_ttt	-3731.760010 432.730011 -106.720001	0.000 90.000 -1.000
item_ammo_pistol_ttt	-3422.000000 551.880005 104.795998	0.000 0.000 -1.000
item_ammo_pistol_ttt	-3411.889893 552.000000 104.459000	0.000 0.000 -1.000
item_ammo_pistol_ttt	-552.593994 -40.141602 159.063995	0.000 180.000 -1.000
item_ammo_pistol_ttt	-542.593994 -40.141602 159.063995	0.000 180.000 -1.000
item_ammo_pistol_ttt	-165.000000 422.730011 180.787003	0.000 0.000 -1.000
item_ammo_pistol_ttt	-175.000000 422.730011 180.787003	0.000 0.000 -1.000
item_ammo_pistol_ttt	480.000000 -45.000000 92.107803	0.000 270.000 -1.000
item_ammo_pistol_ttt	480.000000 -55.000000 92.107803	0.000 270.000 -1.000
weapon_ttt_confgrenade	-616.146729 -209.579590 211.031250	0.000 0.000 0.000
weapon_ttt_confgrenade	-592.693176 -252.034973 211.031250	0.000 0.000 0.000
weapon_ttt_confgrenade	-594.639465 -210.761276 211.031250	0.000 0.000 0.000
weapon_ttt_confgrenade	-592.503418 -261.207428 211.031250	0.000 0.000 0.000
weapon_zm_shotgun	-764.000000 -113.000000 49.000000	0.000 180.000 -89.500
weapon_zm_shotgun	-3499.000000 -547.000000 -83.201401	0.000 0.000 -91.000
weapon_zm_shotgun	-3336.899902 -216.000000 111.000000	0.000 180.000 -91.000
weapon_zm_shotgun	-407.036987 322.502014 286.460999	0.000 0.000 0.000
weapon_zm_shotgun	-3365.560059 677.760010 -65.002197	0.000 260.000 -91.000
weapon_zm_shotgun	-3135.000000 105.254997 202.000000	0.000 90.000 -89.500
weapon_zm_shotgun	-3403.989990 208.934006 -164.705002	0.000 90.000 -89.500
weapon_ttt_aug	-3197.638184 -170.208801 -70.465729	0.076 9.732 86.621
weapon_ttt_aug	-3315.525879 -174.179016 -70.445694	0.061 9.732 86.730
weapon_ttt_aug	-3203.223389 -189.111526 -70.423622	-0.029 9.641 86.718
weapon_ttt_aug	-3204.433105 -143.334396 -70.455811	0.069 9.732 86.675
weapon_ttt_aug	-3307.157715 -153.686783 -70.431320	0.086 9.677 86.804
weapon_ttt_aug	-3300.208740 -189.850754 -70.504677	0.106 9.729 86.409
weapon_ttt_ak47	-3631.209961 22.737835 -78.064438	0.133 2.787 -88.538
weapon_ttt_ak47	-3631.157959 -15.263803 -78.110344	0.143 2.801 -87.590
weapon_ttt_ak47	-69.989044 118.437553 147.931610	0.127 8.589 -88.400
weapon_ttt_ak47	-94.701691 113.355591 149.114014	-3.516 0.473 -85.428
weapon_ttt_ak47	-122.363113 120.217598 149.254211	-3.340 -2.607 89.584
weapon_ttt_ak47	-144.807785 123.015587 147.913116	0.171 14.442 -88.415
weapon_ttt_ak47	-154.059128 109.928749 149.116119	-2.964 0.735 -89.869
weapon_ttt_ak47	-169.199722 111.183853 149.904846	-3.261 1.244 -88.772
weapon_ttt_smokegrenade	-1374.000000 609.044983 -59.747898	0.000 0.000 0.000
ttt_playerspawn	-863.354858 -1080.743408 71.547569	-0.315 -0.004 -0.156
ttt_playerspawn	-886.778992 -1316.512451 71.575325	-0.118 -0.066 -0.040
ttt_playerspawn	-652.880066 -1140.260742 71.567207	-0.148 0.064 0.044
ttt_playerspawn	-665.201782 -1351.986694 71.554482	-0.055 0.000 -0.055
ttt_playerspawn	-414.025787 -1146.083740 71.561508	-0.046 0.000 -0.047
ttt_playerspawn	-398.717651 -1302.011230 71.539146	-0.037 -0.034 -0.197
ttt_playerspawn	-133.213486 -1150.718750 67.545448	-0.195 -0.097 0.042
ttt_playerspawn	-174.866394 -1309.475342 68.059868	1.695 -0.556 -0.036
ttt_playerspawn	160.335373 -1171.429565 62.572208	0.526 0.032 0.393
ttt_playerspawn	164.273224 -1315.113892 61.753662	0.421 0.176 0.682
ttt_playerspawn	447.960907 -1188.611816 58.841576	1.131 -0.014 0.602
ttt_playerspawn	440.297668 -1336.360718 56.956028	0.407 0.197 1.437
ttt_playerspawn	846.751587 -1194.058838 56.902618	-1.023 -0.049 0.375
ttt_playerspawn	683.827087 -1308.461182 55.430283	0.258 -0.003 1.101
ttt_playerspawn	1056.513550 -440.412415 48.640350	-0.229 -1.364 -2.877
ttt_playerspawn	1050.783081 -94.649796 14.814861	-0.127 -0.335 -0.912
ttt_playerspawn	1114.449219 265.237457 17.507011	-0.090 0.178 -0.055
ttt_playerspawn	463.357849 287.061188 63.754616	0.029 0.139 0.029
ttt_playerspawn	330.173889 -9.241181 61.503571	0.039 0.000 0.039
ttt_playerspawn	47.411991 27.556868 63.305977	0.040 0.000 0.040
ttt_playerspawn	158.002380 -286.766357 70.003891	0.047 -0.462 -0.047
ttt_playerspawn	-166.706436 -290.324402 77.915306	0.044 -0.092 -0.044
ttt_playerspawn	-553.459167 -205.215271 213.213379	0.064 0.832 -0.064
ttt_playerspawn	-423.540771 -226.556000 213.915405	0.096 -1.363 -0.096
ttt_playerspawn	-151.852753 -238.477524 212.913773	0.070 -0.231 -0.070
ttt_playerspawn	-437.063934 -490.158142 78.240753	0.061 -0.739 -0.061
ttt_playerspawn	-711.549622 234.054245 149.870651	0.071 0.277 -0.071
ttt_playerspawn	-674.848022 84.550583 149.605606	-0.040 0.185 0.040
ttt_playerspawn	-2217.378662 519.321472 -106.400200	0.007 0.493 -0.007
ttt_playerspawn	-1992.419067 542.545837 -106.456421	0.198 -0.233 0.065
ttt_playerspawn	-2142.079590 -34.185925 -106.440536	0.129 0.137 0.036
ttt_playerspawn	-2375.251953 52.350994 -106.455154	-0.190 0.304 0.015
ttt_playerspawn	-2263.021729 -769.866394 -106.437958	0.025 -0.709 0.096
ttt_playerspawn	-2512.529053 -657.755249 -106.436722	0.047 0.036 0.112
ttt_playerspawn	-2708.484863 -405.738800 -106.442528	-0.049 -0.000 0.049
ttt_playerspawn	-2628.472168 10.946095 -106.441887	-0.047 0.238 -0.145
ttt_playerspawn	-4098.179688 37.121391 -98.548195	0.248 -0.832 -0.030
ttt_playerspawn	-4210.264160 239.730026 -98.554947	0.104 -0.190 -0.040
ttt_playerspawn	-4102.088379 729.439331 -100.002533	-0.000 -0.519 0.000
ttt_playerspawn	-4039.518799 901.671082 -100.497604	-0.247 0.102 0.051
ttt_playerspawn	-3919.280762 -350.801941 -99.631714	-0.045 0.607 0.005
ttt_playerspawn	-4019.501221 -730.821167 -104.156639	0.242 0.513 0.030
ttt_playerspawn	-3288.835205 -17.117758 66.208488	-0.006 0.370 0.006
ttt_playerspawn	-3016.368896 429.237579 67.102371	0.042 -0.184 -0.042
ttt_playerspawn	-3023.682129 156.899551 69.272408	0.063 -0.000 -0.063
weapon_zm_mac10	-3084.810059 3.752440 -67.457901	0.000 109.500 -91.000
weapon_zm_mac10	-448.056000 146.972000 36.103901	0.000 289.500 -91.000
weapon_zm_mac10	-225.000000 -162.104996 122.000000	0.000 19.500 -91.000
weapon_zm_mac10	105.529999 270.688995 74.542099	0.000 289.500 -91.000
weapon_zm_mac10	-3022.239990 -17.686199 -172.207993	0.000 289.500 -91.000
weapon_zm_mac10	-3238.909912 616.260010 -63.031200	0.000 109.500 -91.000
weapon_zm_mac10	-3525.000000 -112.000000 -54.651501	0.000 109.500 -91.000
weapon_zm_mac10	-583.213013 196.498993 44.407902	0.000 19.500 -91.000
weapon_zm_mac10	-490.740997 307.666992 181.819000	0.000 109.500 -91.000
weapon_zm_mac10	-319.595001 262.783997 181.876999	0.000 289.500 -91.000
weapon_zm_mac10	-142.688995 419.529999 30.542101	0.000 19.500 -91.000
weapon_zm_mac10	-3142.899902 -120.874001 -38.509602	0.000 289.500 -91.000
weapon_zm_mac10	-3412.239990 345.027008 -30.457899	0.000 109.500 -91.000
item_ammo_357_ttt	-3020.750000 -133.457001 -44.806702	0.000 180.000 0.000
item_ammo_357_ttt	-3010.000000 -134.000000 -44.802399	0.000 180.000 0.000
item_ammo_357_ttt	1495.750000 232.455994 134.763000	0.000 180.000 0.000
item_ammo_357_ttt	1485.000000 233.000000 134.759003	0.000 180.000 0.000
item_ammo_357_ttt	210.908997 686.573975 179.279999	0.000 90.000 0.000
item_ammo_357_ttt	211.453003 697.325989 179.276001	0.000 90.000 0.000
item_ammo_357_ttt	-202.039001 -171.164993 245.819000	0.000 180.000 0.000
item_ammo_357_ttt	-212.791000 -170.621994 245.813995	0.000 180.000 0.000
item_ammo_357_ttt	-525.010010 -449.460999 100.539001	0.000 90.000 0.000
item_ammo_357_ttt	-524.466003 -438.709015 100.535004	0.000 90.000 0.000
item_ammo_357_ttt	-3023.570068 -88.927498 100.013000	0.000 180.000 0.000
item_ammo_357_ttt	-3034.320068 -88.384003 100.008003	0.000 180.000 0.000
item_ammo_357_ttt	-3405.020264 393.788452 69.315041	0.076 67.284 0.000
item_ammo_357_ttt	-3409.248779 384.946503 74.519737	-43.102 -90.197 180.000
item_ammo_357_ttt	-3386.312256 403.560516 71.837929	1.369 5.027 -2.318
item_ammo_357_ttt	-3372.442139 403.286469 70.992783	6.518 -2.156 -14.850
item_ammo_357_ttt	-3361.791504 403.699646 69.334221	0.514 -9.153 -0.008
item_ammo_357_ttt	-3375.695313 404.234161 74.116447	-65.868 46.884 -48.732
item_ammo_357_ttt	-3406.316406 405.013000 71.544113	-2.099 -0.140 -1.059
item_ammo_357_ttt	-3396.641113 404.520508 71.857101	-3.571 -6.004 -4.674
item_ammo_357_ttt	-3368.096191 404.307281 76.185699	57.164 -14.395 -19.489
item_ammo_357_ttt	-3355.479248 405.275970 71.689148	56.958 -1.891 -1.209
item_ammo_357_ttt	-3393.889893 404.308777 77.920647	62.604 6.115 8.981
item_ammo_357_ttt	-113.083412 70.387138 152.870941	-5.733 -0.376 -13.929
item_ammo_357_ttt	-118.231941 71.366791 154.032272	-61.303 -0.091 -0.262
item_ammo_357_ttt	-85.834785 71.413200 155.527512	-0.425 0.882 -12.891
item_ammo_357_ttt	-72.259888 72.021912 156.384796	-0.134 12.945 -7.823
item_ammo_357_ttt	-67.763374 66.129829 155.538788	0.874 57.936 89.582
item_ammo_357_ttt	-93.853455 72.650795 159.738068	-47.509 156.526 -150.911
item_ammo_357_ttt	-115.348778 71.463158 159.623779	-61.100 -0.109 -10.372
item_ammo_357_ttt	-101.890198 72.169449 156.765900	-67.510 117.986 -118.482
item_ammo_357_ttt	-73.395416 72.487274 163.205383	-44.237 9.241 -2.995
item_ammo_357_ttt	-79.365395 71.991852 155.733246	-4.707 1.739 -8.867
item_ammo_357_ttt	-111.171921 72.554909 162.122406	72.217 -73.393 -72.020
item_ammo_357_ttt	-88.828781 71.951813 160.427521	-47.638 15.889 -19.749
item_ammo_357_ttt	-64.709724 48.253742 159.500259	-4.023 -21.529 -179.514
item_ammo_357_ttt	-102.419273 72.062126 161.817551	52.967 -27.612 -30.136
item_ammo_357_ttt	-71.320969 55.041714 155.508179	0.197 7.617 89.447
item_box_buckshot_ttt	-795.000000 -126.000000 48.294300	0.000 180.000 0.000
item_box_buckshot_ttt	-787.000000 -128.000000 49.000000	0.000 180.000 0.000
item_box_buckshot_ttt	-3456.129883 -537.252991 -86.368797	0.000 180.000 -1.000
item_box_buckshot_ttt	-3445.729980 -538.583008 -86.369003	0.000 180.000 -1.000
item_box_buckshot_ttt	-391.893005 311.536987 283.294006	0.000 0.000 0.000
item_box_buckshot_ttt	-404.820007 311.934998 283.294006	0.000 0.000 0.000
item_box_buckshot_ttt	-3368.199951 -207.977005 111.438004	0.000 0.000 -1.000
item_box_buckshot_ttt	-3358.739990 -209.024002 111.438004	0.000 0.000 -1.000
item_box_buckshot_ttt	-3349.830078 -208.391006 111.438004	0.000 0.000 -1.000
item_box_buckshot_ttt	-3375.300049 666.344971 -64.564201	0.000 80.000 -1.000
item_box_buckshot_ttt	-3376.219971 657.468018 -64.564201	0.000 80.000 -1.000
item_box_buckshot_ttt	-3127.500000 120.399002 201.294006	0.000 90.000 0.000
item_box_buckshot_ttt	-3127.899902 107.473000 201.294006	0.000 90.000 0.000
item_box_buckshot_ttt	-3397.879883 211.151993 -166.410004	0.000 90.000 0.000
item_box_buckshot_ttt	-3397.479980 224.078003 -166.410004	0.000 90.000 0.000
item_ammo_smg1_ttt	-444.585999 129.283005 32.906502	0.000 0.000 -1.000
item_ammo_smg1_ttt	-205.673996 -158.634995 121.345001	0.000 90.000 -1.000
item_ammo_smg1_ttt	109.000000 253.000000 71.344704	0.000 0.000 -1.000
item_ammo_smg1_ttt	-3005.000000 -22.000000 -173.404999	0.000 0.000 -1.000
item_ammo_smg1_ttt	-3086.709961 17.878201 -68.655296	0.000 90.000 -1.000
item_ammo_smg1_ttt	-3252.850098 648.859009 -63.216801	0.000 90.000 -1.000
item_ammo_smg1_ttt	-3252.850098 632.859009 -63.216801	0.000 90.000 -1.000
item_ammo_smg1_ttt	-3529.000000 -144.000000 -57.848900	0.000 90.000 -1.000
item_ammo_smg1_ttt	-3529.000000 -128.000000 -57.848900	0.000 90.000 -1.000
item_ammo_smg1_ttt	-600.086975 198.399002 41.210602	0.000 0.000 -1.000
item_ammo_smg1_ttt	-491.497009 321.794006 181.229004	0.000 90.000 -1.000
item_ammo_smg1_ttt	-313.000000 245.356995 181.121002	0.000 0.000 -1.000
item_ammo_smg1_ttt	-125.000000 423.000000 27.344700	0.000 90.000 -1.000
item_ammo_smg1_ttt	-3141.000000 -135.000000 -39.707001	0.000 270.000 -1.000
item_ammo_smg1_ttt	-3414.139893 359.153992 -31.655300	0.000 90.000 -1.000
item_ammo_smg1_ttt	-3634.183105 -34.558399 -78.485039	-0.574 -0.034 0.611
item_ammo_smg1_ttt	-3613.963623 -33.362766 -78.504684	-0.490 -0.031 0.633
item_ammo_smg1_ttt	-3638.204346 7.102427 -78.512299	-0.122 -0.028 0.422
item_ammo_smg1_ttt	-3613.763916 5.899921 -78.482208	-0.542 -0.033 0.576
item_ammo_smg1_ttt	-3639.619629 44.612240 -78.523315	0.082 -0.026 0.336
item_ammo_smg1_ttt	-3619.803223 45.655365 -78.519470	0.032 -0.027 0.352
item_ammo_smg1_ttt	-3252.002930 -184.949936 -70.487549	0.631 0.035 0.659
item_ammo_smg1_ttt	-3249.385986 -156.915665 -70.493019	-0.006 -0.173 0.283
item_ammo_smg1_ttt	-3277.232666 -189.258926 -70.530113	-0.139 0.026 0.328
item_ammo_smg1_ttt	-3269.373047 -157.939438 -70.480705	0.062 0.232 0.271
item_ammo_smg1_ttt	-3174.058838 -188.888245 -70.510040	0.196 0.028 0.461
item_ammo_smg1_ttt	-3178.882568 -137.373337 -70.534447	-0.164 0.026 0.331
item_ammo_smg1_ttt	-3350.242920 -202.310059 -70.525970	-0.108 0.026 0.331
item_ammo_smg1_ttt	-3353.324951 -172.634689 -70.499245	0.005 0.173 -0.302
item_ammo_smg1_ttt	-69.991798 161.660919 147.513702	0.365 -0.008 0.462
item_ammo_smg1_ttt	-81.885010 164.456482 147.498169	-0.702 0.219 -0.123
item_ammo_smg1_ttt	-98.254807 150.837234 147.498016	0.783 0.034 0.818
item_ammo_smg1_ttt	-117.443420 148.785217 147.495117	0.669 0.019 0.368
item_ammo_smg1_ttt	-135.156982 152.097809 147.534241	0.359 0.032 0.375
item_ammo_smg1_ttt	-163.382813 166.797470 147.485504	0.076 0.027 0.403
item_ammo_smg1_ttt	-184.586548 157.056000 147.478363	-0.781 0.030 -0.170
item_ammo_smg1_ttt	-100.145172 177.051926 147.479401	-0.041 0.027 0.352
item_ammo_smg1_ttt	-131.432724 172.387253 147.521729	0.514 0.033 0.537
item_ammo_smg1_ttt	-63.000618 196.896774 147.514847	0.614 0.030 0.636
weapon_zm_rifle	-2995.000000 -117.000000 -44.147999	0.000 0.000 76.000
weapon_zm_rifle	1483.829956 243.848999 133.483002	0.000 180.000 81.000
weapon_zm_rifle	-175.466003 -175.074997 244.539001	0.000 180.000 81.000
weapon_zm_rifle	-519.343994 -484.533997 101.194000	0.000 270.000 76.000
weapon_zm_rifle	-3015.000000 -70.284897 100.945000	0.000 180.000 -80.000
weapon_zm_rifle	205.000000 675.000000 181.000000	-6.480 184.529 -0.512
weapon_ttt_glock	-1374.000000 609.044983 -59.747898	0.000 0.000 0.000
weapon_ttt_glock	-1374.000000 609.044983 -59.747898	0.000 0.000 0.000
weapon_ttt_glock	-1374.000000 609.044983 -59.747898	0.000 0.000 0.000
weapon_ttt_glock	-1374.000000 609.044983 -59.747898	0.000 0.000 0.000
weapon_ttt_glock	-1374.000000 609.044983 -59.747898	0.000 0.000 0.000
weapon_ttt_glock	-1374.000000 609.044983 -59.747898	0.000 0.000 0.000
weapon_ttt_glock	-1374.000000 609.044983 -59.747898	0.000 0.000 0.000
weapon_ttt_glock	-1374.000000 609.044983 -59.747898	0.000 0.000 0.000
weapon_ttt_glock	-1374.000000 609.044983 -59.747898	0.000 0.000 0.000
weapon_ttt_glock	-1374.000000 609.044983 -59.747898	0.000 0.000 0.000
weapon_ttt_glock	-1374.000000 609.044983 -59.747898	0.000 0.000 0.000
weapon_ttt_glock	-1374.000000 609.044983 -59.747898	0.000 0.000 0.000
weapon_ttt_glock	-1374.000000 609.044983 -59.747898	0.000 0.000 0.000
weapon_ttt_glock	-1374.000000 609.044983 -59.747898	0.000 0.000 0.000
weapon_ttt_glock	-1374.000000 609.044983 -59.747898	0.000 0.000 0.000
weapon_ttt_glock	-1374.000000 609.044983 -59.747898	0.000 0.000 0.000
weapon_ttt_glock	-1374.000000 609.044983 -59.747898	0.000 0.000 0.000
weapon_ttt_glock	-1374.000000 609.044983 -59.747898	0.000 0.000 0.000
weapon_ttt_glock	-1374.000000 609.044983 -59.747898	0.000 0.000 0.000
weapon_ttt_glock	-1374.000000 609.044983 -59.747898	0.000 0.000 0.000
weapon_ttt_glock	-1374.000000 609.044983 -59.747898	0.000 0.000 0.000
weapon_ttt_glock	-1374.000000 609.044983 -59.747898	0.000 0.000 0.000
weapon_ttt_glock	-1374.000000 609.044983 -59.747898	0.000 0.000 0.000
weapon_ttt_glock	-1374.000000 609.044983 -59.747898	0.000 0.000 0.000
weapon_ttt_glock	-1374.000000 609.044983 -59.747898	0.000 0.000 0.000
weapon_ttt_glock	-1374.000000 609.044983 -59.747898	0.000 0.000 0.000
weapon_ttt_glock	-1374.000000 609.044983 -59.747898	0.000 0.000 0.000
weapon_ttt_glock	-1374.000000 609.044983 -59.747898	0.000 0.000 0.000
weapon_ttt_glock	-1374.000000 609.044983 -59.747898	0.000 0.000 0.000
weapon_ttt_glock	-1374.000000 609.044983 -59.747898	0.000 0.000 0.000
weapon_ttt_glock	-1374.000000 609.044983 -59.747898	0.000 0.000 0.000
ttt_random_ammo	-3156.030029 551.992004 -70.999397	0.000 180.000 -1.000
ttt_random_ammo	-3626.290039 60.855000 -78.999397	0.000 180.000 -1.000
ttt_random_ammo	-3138.729980 14.729100 -38.051102	0.000 180.000 -1.000
ttt_random_ammo	-3384.110107 284.501007 -30.999399	0.000 180.000 -1.000
ttt_random_ammo	-3410.520020 284.079987 -30.999399	0.000 180.000 -1.000
ttt_random_ammo	-3092.000000 112.053001 101.000000	0.000 180.000 -1.000
ttt_random_ammo	-2922.000000 -231.000000 71.000000	0.000 180.000 -1.000
ttt_random_ammo	-3091.000000 144.000000 74.000000	0.000 180.000 -1.000
ttt_random_ammo	-3154.639893 533.971985 -70.999397	0.000 180.000 -1.000
ttt_random_ammo	231.656998 -604.547974 67.000603	0.000 180.000 -1.000
ttt_random_ammo	231.337006 -584.502014 67.000603	0.000 180.000 -1.000
ttt_random_ammo	-234.220993 -418.907990 115.000999	0.000 180.000 -1.000
ttt_random_ammo	-198.561005 -420.507996 115.279999	0.000 180.000 -1.000
ttt_random_ammo	-3588.447021 1125.516968 -92.547615	-73.343 19.753 -6.395
ttt_random_ammo	-3602.018311 1077.587158 -95.535637	1.523 -0.013 1.353
ttt_random_ammo	-3657.410645 1084.909790 -95.526115	-0.859 2.044 0.515
ttt_random_ammo	-3637.582031 1137.941650 -95.607635	-0.279 -0.003 0.149
ttt_random_ammo	-3572.739258 1121.761475 -95.505257	-0.668 2.154 -0.879
ttt_random_ammo	-3547.328369 1135.538452 -95.507874	-0.205 0.307 -0.331
ttt_random_ammo	-3513.448486 1124.749878 -95.556374	1.155 -4.688 -0.319
ttt_random_ammo	-3626.313965 1114.933350 -93.259819	-4.314 2.870 0.816
ttt_random_ammo	-3649.553711 1086.687500 -93.269249	0.013 -13.218 89.839
ttt_random_ammo	-3575.994873 1116.931030 -95.506546	-0.040 -4.077 -0.001
ttt_random_ammo	-3538.568359 1118.665405 -93.262489	0.000 1.989 89.881
ttt_random_ammo	-3507.003906 1115.333740 -93.353111	0.322 -3.125 1.277
ttt_random_ammo	-3474.583984 1130.375854 -95.525291	-1.051 0.020 -1.129
ttt_random_ammo	-3463.304688 1094.206787 -93.098190	-0.344 -0.278 1.021
ttt_random_ammo	-3440.938477 1091.973633 -95.534775	-1.532 0.027 -1.646
ttt_random_ammo	-3429.569824 1067.344360 -95.566887	-1.456 0.011 -1.427
ttt_random_ammo	-3504.678223 1106.696899 -89.841553	-1.690 19.946 110.970
ttt_random_ammo	-3522.811523 1129.562500 -95.644241	-0.325 -0.003 0.264
ttt_random_ammo	-3559.990967 1114.159302 -95.619308	-0.280 -0.003 0.201
ttt_random_ammo	-3591.875000 1108.221924 -93.242432	89.923 165.226 167.282
ttt_random_ammo	-3614.867676 1105.513306 -93.258537	89.803 -140.786 -118.174
ttt_random_ammo	-3647.876465 1073.856934 -93.121223	4.914 3.405 -0.639
ttt_random_ammo	-3608.298340 1102.150391 -89.645828	0.779 0.328 0.327
ttt_random_ammo	-3571.830322 1111.956543 -95.512115	0.966 2.246 1.170
ttt_random_ammo	-3525.566406 1108.297119 -93.240555	0.027 -5.979 90.300
ttt_random_ammo	-3497.185547 1101.454468 -93.368950	0.104 100.982 89.250
ttt_random_ammo	-3465.540527 1121.136841 -95.527565	-1.168 0.021 -1.255
ttt_random_ammo	-3454.020020 1113.098389 -95.551849	-0.310 -3.332 0.000
ttt_random_ammo	-3434.596436 1111.454346 -95.636055	-0.308 -0.003 0.246
ttt_random_ammo	-4369.118164 870.606567 -106.622147	0.132 0.000 0.098
ttt_random_ammo	-4370.459473 909.248962 -106.680069	0.047 0.000 -0.035
ttt_random_ammo	-4373.664063 941.408997 -106.562515	1.162 0.029 1.396
ttt_random_ammo	-4379.458496 986.939209 -106.651901	0.037 0.045 -0.199
ttt_random_ammo	-4370.224609 1021.846008 -106.636826	-0.284 -0.016 -0.439
ttt_random_ammo	-4365.246582 1050.872559 -106.586853	1.643 0.035 1.973
ttt_random_ammo	-4370.987305 1074.989136 -106.664917	0.046 0.000 -0.028
ttt_random_ammo	-4358.535156 1104.956299 -106.586357	1.555 0.041 1.858
ttt_random_ammo	-4353.833496 1146.692871 -106.654831	0.275 -0.016 -0.017
ttt_random_ammo	-4343.236816 1185.474365 -106.618927	0.164 0.001 0.139
ttt_random_ammo	-4316.377930 1216.639771 -106.605736	-0.131 -0.094 -0.255
ttt_random_ammo	-4286.424805 1230.779541 -106.600990	0.141 0.290 0.375
ttt_random_ammo	-4249.138672 1247.170898 -106.606331	0.606 0.005 0.683
ttt_random_ammo	-4207.193848 1244.368042 -104.244026	0.293 53.596 90.079
ttt_random_ammo	-4169.553711 1238.677979 -106.674866	0.047 0.000 -0.033
ttt_random_ammo	-4136.422852 1232.325806 -106.640564	0.059 0.000 -0.000
ttt_random_ammo	-4098.972168 1233.081421 -106.627556	0.109 0.194 0.069
ttt_random_ammo	-4065.034668 1235.055908 -106.580452	1.525 0.036 1.833
ttt_random_ammo	-4028.676758 1239.144897 -106.648926	0.050 0.000 -0.015
ttt_random_ammo	-4322.587891 -249.856934 -106.544029	0.110 4.598 0.854
ttt_random_ammo	-4323.203125 -244.989594 -106.550293	-0.012 4.031 0.795
ttt_random_ammo	-4343.759277 -224.851990 -106.632759	0.076 0.000 0.024
ttt_random_ammo	-4366.319824 -216.453308 -106.648926	0.050 0.000 -0.015
ttt_random_ammo	-4388.947266 -200.749237 -104.352119	1.303 -3.910 4.988
ttt_random_ammo	-4378.406250 -215.257828 -106.664917	0.046 0.000 -0.028
ttt_random_ammo	-4358.738281 -229.365524 -106.634659	0.070 0.000 0.017
ttt_random_ammo	-4331.083008 -239.260498 -104.297142	1.014 -39.382 90.004
ttt_random_ammo	-4350.367676 -217.138519 -106.591415	0.130 0.278 0.342
ttt_random_ammo	-4371.730957 -211.268661 -106.567757	2.137 0.019 1.394
ttt_random_ammo	-4143.840820 -927.155884 -106.514389	0.188 -0.160 0.236
ttt_random_ammo	-4158.234863 -904.036316 -106.522285	-0.001 -2.476 -0.145
ttt_random_ammo	-4189.444336 -876.774475 -104.320396	-0.116 11.010 0.966
ttt_random_ammo	-4220.495605 -841.338135 -104.133118	4.047 0.916 0.255
ttt_random_ammo	-4239.203125 -821.634460 -104.301178	-1.568 28.238 90.017
ttt_random_ammo	-4258.041016 -824.045959 -104.109795	-0.488 -0.716 2.689
ttt_random_ammo	-4220.240234 -862.380493 -106.674866	0.047 0.000 -0.033
ttt_random_ammo	-4186.266602 -882.440613 -104.346863	89.122 6.074 85.475
ttt_random_ammo	-4182.758789 -902.641602 -106.651100	0.049 0.000 -0.018
ttt_random_ammo	-4186.787598 -871.396545 -104.390053	0.002 -22.654 -89.420
ttt_random_ammo	-4237.333496 -837.472961 -106.632759	0.075 0.000 0.023
ttt_random_ammo	-4269.107910 -843.064514 -106.581589	1.549 0.040 1.861
ttt_random_ammo	-4197.710449 -866.878723 -104.284714	-0.074 113.324 -90.907
ttt_random_ammo	-4148.430176 -921.803894 -106.513138	0.258 -0.153 0.154
ttt_random_ammo	-2686.899414 -961.546448 -106.534348	0.300 0.535 -0.298
ttt_random_ammo	-2713.579102 -975.668213 -106.657845	0.047 0.000 -0.024
ttt_random_ammo	-2755.546387 -981.966309 -106.667343	0.046 0.000 -0.030
ttt_random_ammo	-2769.985107 -971.291565 -106.657845	0.047 0.000 -0.024
ttt_random_ammo	-2682.665283 -956.658936 -106.532639	-0.381 -3.088 -0.070
ttt_random_ammo	-2636.092041 -959.930420 -106.632263	-0.109 -0.122 -0.249
ttt_random_ammo	-2597.294678 -960.562439 -106.622437	0.064 0.010 -0.192
ttt_random_ammo	-2572.408936 -971.054260 -106.640564	0.059 0.000 -0.000
ttt_random_ammo	-2532.266357 -974.783569 -106.634659	0.070 0.000 0.016
ttt_random_ammo	-2493.780518 -982.011169 -106.680069	0.047 0.000 -0.035
ttt_random_ammo	-2458.110596 -987.723694 -106.577324	0.031 0.163 0.063
ttt_random_ammo	-2409.541504 -984.152466 -106.612244	0.044 0.104 -0.106
ttt_random_ammo	-2370.234619 -984.922729 -106.580849	-0.001 0.017 0.091
ttt_random_ammo	-2333.314209 -985.242432 -106.582832	1.572 0.041 1.889
ttt_random_ammo	-2291.939941 -979.696411 -106.634659	0.070 0.000 0.017
ttt_random_ammo	-2253.010010 -977.817139 -106.655563	0.047 0.000 -0.022
ttt_random_ammo	-2217.558838 -979.249390 -106.629059	0.087 0.000 0.041
ttt_random_ammo	-2184.050781 -978.891235 -106.615875	0.206 0.001 0.192
ttt_random_ammo	-2147.612061 -980.459290 -106.608246	0.460 0.003 0.505
ttt_random_ammo	-2110.990967 -983.340759 -106.634964	0.001 -0.096 -0.163
ttt_random_ammo	-2072.177490 -985.711365 -106.619797	0.076 0.162 0.080
ttt_random_ammo	-2045.555420 -989.456360 -106.648926	0.050 0.000 -0.015
ttt_random_ammo	-2839.467041 89.704750 -92.114059	0.071 -0.585 6.568
ttt_random_ammo	-2857.556641 53.307545 -90.811806	0.611 -9.821 -81.366
ttt_random_ammo	-2876.616211 15.786700 -94.661819	2.107 0.016 1.737
ttt_random_ammo	-2866.833740 -16.140408 -94.715729	0.046 0.000 -0.025
ttt_random_ammo	-2863.364502 -48.843678 -94.649345	0.126 0.083 -0.084
ttt_random_ammo	-2871.069824 -87.518242 -94.359497	-47.410 0.259 0.384
ttt_random_ammo	-2862.755371 -119.233849 -92.796707	-4.129 14.375 -95.769
ttt_random_ammo	-2858.436768 -160.994110 -93.964424	-2.037 -1.110 3.738
ttt_random_ammo	-2859.445801 -190.291702 -93.242325	-2.024 0.921 -6.131
ttt_random_ammo	-2854.475098 -154.220016 -93.507561	-2.499 0.228 3.255
ttt_random_ammo	-2876.013916 -93.705093 -97.142937	-8.106 0.081 -0.050
ttt_random_ammo	-2869.437988 8.471763 -89.918671	0.315 21.511 104.263
ttt_random_ammo	-2876.678467 55.623837 -93.103142	-3.813 -1.067 9.205
ttt_random_ammo	-2869.761230 96.111168 -90.715721	0.046 0.000 -0.025
ttt_random_ammo	-2862.074951 132.106079 -91.729401	-8.227 1.577 -1.050
ttt_random_ammo	-2854.387451 703.500122 -93.100128	-4.918 0.424 -4.540
ttt_random_ammo	-2848.784668 665.710510 -91.657089	-0.007 -0.189 -0.101
ttt_random_ammo	-2838.335205 615.648376 -93.862801	-0.082 36.000 95.226
ttt_random_ammo	-2839.778809 572.908386 -91.596420	0.588 0.183 -0.035
ttt_random_ammo	-2853.432129 543.587463 -91.672501	-0.962 -0.355 0.407
ttt_random_ammo	-2853.261719 512.093750 -91.871361	12.051 0.046 0.095
ttt_random_ammo	-2850.802246 481.375641 -91.277840	4.325 -0.476 9.590
ttt_random_ammo	-2855.779297 441.496246 -92.750755	-9.638 1.085 -10.265
ttt_random_ammo	-2848.920166 409.965149 -91.658173	-0.000 0.121 -0.087
ttt_random_ammo	-2827.315430 387.142578 -93.302612	88.561 -74.426 -68.007
ttt_random_ammo	-2832.053955 376.999817 -92.903877	19.915 -26.328 -55.509
ttt_random_ammo	-2839.275391 430.222961 -89.477104	-0.688 -1.472 2.678
ttt_random_ammo	-2843.081299 497.613464 -93.737572	11.199 1.301 0.371
ttt_random_ammo	-2848.363281 571.355042 -88.779686	-3.277 -19.838 -99.003
ttt_random_ammo	-2957.498291 -18.625734 -70.644234	-0.325 -0.003 0.264
ttt_random_ammo	-2957.714111 -40.207748 -70.628334	-0.293 -0.003 0.228
ttt_random_ammo	-2944.699707 -65.696960 -70.657692	-0.355 0.003 -0.290
ttt_random_ammo	-2940.769531 -80.937035 -70.573639	-1.014 0.002 -0.875
ttt_random_ammo	-2925.265625 -108.910805 -70.632133	-0.300 -0.003 0.237
ttt_random_ammo	-2918.723633 -105.480377 -70.532310	1.423 0.057 -1.325
ttt_random_ammo	-2909.612305 -10.229632 -68.352562	0.112 1.145 -89.795
ttt_random_ammo	-2910.943848 4.883322 -70.640076	-0.316 -0.003 0.255
ttt_random_ammo	-2933.760742 -21.417894 -70.533112	-1.301 -0.024 1.386
ttt_random_ammo	-3084.393555 -82.225212 -68.344475	0.001 8.419 -77.210
ttt_random_ammo	-3088.541748 -108.811951 -70.634079	-0.304 -0.003 0.242
ttt_random_ammo	-3076.078613 -105.134727 -70.599815	-0.305 -0.003 0.082
ttt_random_ammo	-3060.204346 -82.951508 -70.552490	0.953 -0.014 2.207
ttt_random_ammo	-3050.935547 -57.741974 -70.601357	-0.296 -0.003 0.099
ttt_random_ammo	-3042.314209 -28.992500 -70.630417	-0.297 0.003 -0.232
ttt_random_ammo	-3068.703613 -25.001621 -68.395905	-0.089 3.132 -89.852
ttt_random_ammo	-3068.614746 -29.307377 -64.498749	61.345 35.783 134.104
ttt_random_ammo	-3056.638672 -28.702227 -68.285583	0.603 155.952 89.938
ttt_random_ammo	-3073.720703 532.677185 -70.536934	1.416 1.143 -1.518
ttt_random_ammo	-3069.144287 537.587952 -70.512672	-0.021 -9.517 0.221
ttt_random_ammo	-3047.666260 535.460022 -70.627312	0.284 0.003 0.213
ttt_random_ammo	-3032.824707 537.778381 -70.623703	0.279 0.003 0.202
ttt_random_ammo	-3022.123779 539.894287 -70.610458	0.281 0.003 0.139
ttt_random_ammo	-3009.191406 541.174561 -70.621941	0.278 0.003 0.196
ttt_random_ammo	-3001.149170 542.137756 -70.647186	0.321 0.003 0.260
ttt_random_ammo	-3043.827148 558.592102 -70.585968	0.059 -0.251 -0.414
ttt_random_ammo	-3058.592285 551.370972 -68.288506	-0.002 2.798 -90.195
ttt_random_ammo	-3060.027100 547.860229 -65.778114	0.363 -27.082 90.743
ttt_random_ammo	-3331.607178 -172.563400 67.652313	1.065 -7.642 -90.000
ttt_random_ammo	-3340.316895 -168.254562 65.426460	-0.754 0.026 -0.987
ttt_random_ammo	-3372.004395 -160.726334 68.737312	-87.690 74.015 -114.043
ttt_random_ammo	-3399.668945 -194.786880 65.359711	-0.316 0.003 -0.255
ttt_random_ammo	-3425.612061 -196.167923 65.441719	1.133 0.010 -0.237
ttt_random_ammo	-3415.425293 -150.301422 67.758713	0.011 -1.002 90.699
ttt_random_ammo	-3366.504883 -192.336975 65.469620	-1.209 -0.022 1.291
ttt_random_ammo	-3350.478760 -200.345306 65.462395	1.697 -0.149 1.546
ttt_random_ammo	-3424.999756 -162.745789 65.482269	1.729 -0.079 2.096
ttt_random_ammo	-3425.302734 -133.594894 67.528625	-6.176 0.218 2.372
ttt_random_ammo	-3026.019043 -57.485039 65.361946	-0.312 -0.003 0.251
ttt_random_ammo	-3036.383057 -40.063171 65.410858	-0.430 -0.003 -0.115
ttt_random_ammo	-3037.687988 -24.130060 65.365921	-0.304 -0.003 0.242
ttt_random_ammo	-3033.181885 -11.958302 65.467361	0.573 0.064 -0.843
ttt_random_ammo	-3032.024414 -16.890121 65.482391	0.758 -0.136 -0.755
ttt_random_ammo	-3044.258057 -46.184898 65.400116	-0.305 0.003 -0.082
ttt_random_ammo	-3054.400146 -38.495983 65.351265	-0.334 0.003 -0.273
ttt_random_ammo	-3051.015381 -16.172363 67.606285	0.109 -18.348 89.755
ttt_random_ammo	-3062.172852 509.131317 102.246826	-1.126 0.203 -4.200
ttt_random_ammo	-3056.609619 503.561707 101.466652	2.955 -9.152 92.324
ttt_random_ammo	-3040.196289 512.465637 102.741585	3.355 0.805 -20.225
ttt_random_ammo	-3040.315186 519.039673 98.712463	2.575 0.761 -4.648
ttt_random_ammo	-3053.634521 525.513000 105.660416	-3.898 0.611 -117.377
ttt_random_ammo	-3069.380859 519.286255 102.307480	-1.613 -17.049 -2.780
ttt_random_ammo	-3064.287354 523.743652 103.232323	-32.600 3.624 -92.594
ttt_random_ammo	-3041.639160 525.876953 103.292244	7.584 -3.250 -93.041
ttt_random_ammo	-3422.374756 531.341797 65.374504	0.282 0.003 0.207
ttt_random_ammo	-3400.005859 532.910645 65.481209	0.085 1.050 0.237
ttt_random_ammo	-3367.184814 531.361938 65.399437	0.335 0.003 0.025
ttt_random_ammo	-3327.556641 529.199463 65.376297	0.280 0.003 0.202
ttt_random_ammo	-3314.212891 532.860596 65.478081	1.183 -0.069 -1.251
ttt_random_ammo	-3306.173096 532.748596 65.503601	-1.843 0.049 -2.104
ttt_random_ammo	-3288.236572 532.488831 65.361946	-0.312 -0.003 0.251
ttt_random_ammo	-3274.967285 529.655701 65.382271	-0.278 0.003 -0.196
ttt_random_ammo	-783.718628 326.419098 147.456512	-0.027 0.797 -1.014
ttt_random_ammo	-785.456116 335.473541 147.376297	0.280 0.003 0.202
ttt_random_ammo	-767.110229 372.485321 149.703476	88.538 -73.829 -65.958
ttt_random_ammo	-754.959473 388.258667 147.507233	-1.441 0.584 1.747
ttt_random_ammo	-743.189453 399.932983 147.508636	-1.548 0.802 1.893
ttt_random_ammo	-706.659363 433.304871 147.341660	0.344 0.003 0.282
ttt_random_ammo	-677.265564 443.433380 147.341660	0.344 0.003 0.282
ttt_random_ammo	-646.100586 440.244965 147.401871	0.374 0.003 -0.035
ttt_random_ammo	-618.155945 425.610168 147.401886	0.373 0.003 -0.033
ttt_random_ammo	-624.106934 422.579529 147.474289	-0.707 -0.012 1.544
ttt_random_ammo	-686.069397 441.398041 147.370834	0.287 0.003 0.218
ttt_random_ammo	-712.955200 442.088989 147.383163	0.275 0.003 0.176
ttt_random_ammo	-718.128601 423.824585 147.409378	0.705 0.002 -0.484
ttt_random_ammo	-652.036743 416.529205 147.376297	0.280 0.003 0.202
ttt_random_ammo	-680.114807 -19.663427 147.407700	0.265 0.866 0.004
ttt_random_ammo	-680.215271 -38.081810 147.441406	1.747 4.841 -2.020
ttt_random_ammo	-680.438110 -57.160957 147.482437	1.506 0.306 -1.826
ttt_random_ammo	-680.221069 -75.887970 147.485153	1.338 -1.564 1.621
ttt_random_ammo	-684.776733 -114.132629 147.486542	0.136 -0.327 0.003
ttt_random_ammo	-694.196594 -112.993874 150.658890	-89.744 -176.269 177.125
ttt_random_ammo	-680.889771 -53.104092 151.675598	-2.518 9.819 -88.224
ttt_random_ammo	-686.918396 -40.837456 150.619675	-89.659 -33.563 38.100
ttt_random_ammo	-686.460266 -108.591934 149.483383	-0.014 1.480 3.629
ttt_random_ammo	-426.604065 418.790771 147.365784	-0.314 -0.003 0.245
ttt_random_ammo	-414.499939 426.396698 147.380615	-0.294 -0.003 0.198
ttt_random_ammo	-401.962585 431.947540 147.415009	-0.657 -0.002 -0.393
ttt_random_ammo	-400.245850 421.439697 147.470337	-1.452 -1.469 -1.690
ttt_random_ammo	-420.997070 410.531952 147.409943	-0.506 -0.003 -0.191
ttt_random_ammo	-437.749176 393.837677 147.363800	-0.318 -0.003 0.250
ttt_random_ammo	-430.254822 373.221283 147.365784	-0.314 -0.003 0.245
ttt_random_ammo	-417.793976 350.391937 147.465179	-1.314 0.023 -1.390
ttt_random_ammo	-390.106232 359.223389 147.449661	-0.112 -1.649 -0.130
ttt_random_ammo	-392.838989 354.217834 149.668076	0.787 -158.076 -90.002
ttt_random_ammo	-389.224823 398.959229 147.355606	-0.334 -0.003 0.269
ttt_random_ammo	-397.048706 416.388245 147.419205	0.606 0.689 0.998
ttt_random_ammo	-407.045685 404.529938 147.494583	-1.485 0.373 1.473
ttt_random_ammo	-405.276550 399.607819 147.483185	0.984 3.471 1.101
ttt_random_ammo	-408.295746 368.724487 147.395615	-0.318 -0.003 0.098
ttt_random_ammo	-422.450378 385.211456 147.400345	-0.353 0.003 -0.035
ttt_random_ammo	-282.244751 322.186615 147.455765	1.650 -0.014 2.710
ttt_random_ammo	-282.479370 335.766968 147.476868	0.861 -0.004 0.790
ttt_random_ammo	-273.558289 340.810059 147.406677	-0.432 -0.003 -0.088
ttt_random_ammo	-259.675446 339.111450 147.384079	-0.293 -0.003 0.183
ttt_random_ammo	-243.433197 337.890228 147.365784	-0.314 -0.003 0.245
ttt_random_ammo	-230.819077 332.163818 147.406677	-0.432 -0.003 -0.089
ttt_random_ammo	-213.733459 347.782745 147.455643	1.064 -0.026 1.831
ttt_random_ammo	-211.519150 365.645660 147.361801	-0.322 -0.003 0.255
ttt_random_ammo	-212.715683 384.797058 147.473068	1.192 -0.057 1.789
ttt_random_ammo	-208.592255 394.939545 147.447189	0.153 -0.647 1.395
ttt_random_ammo	-213.759933 432.276794 147.413239	-0.592 -0.003 -0.307
ttt_random_ammo	-206.699036 430.359528 147.470871	1.208 -0.038 1.859
ttt_random_ammo	-209.642532 417.151550 147.420593	-0.899 0.000 -0.704
ttt_random_ammo	-634.047119 -275.256897 243.612732	-0.370 -0.219 -0.497
ttt_random_ammo	-627.971924 -270.635223 243.629944	0.382 1.469 1.252
ttt_random_ammo	-640.635742 -259.290863 243.534698	-0.259 -0.000 0.059
ttt_random_ammo	-636.223450 -249.870392 243.594879	-0.485 0.004 -0.547
ttt_random_ammo	-629.698547 -249.653046 243.591888	-1.164 -0.038 0.663
ttt_random_ammo	-634.016418 -258.238922 243.599518	-1.446 0.027 -1.494
ttt_random_ammo	-628.296448 -263.174957 243.639175	1.383 3.259 2.036
ttt_random_ammo	-622.080994 -265.084137 243.654587	0.042 0.116 0.267
ttt_random_ammo	-621.927002 -259.751862 243.637375	0.393 0.066 1.071
ttt_random_ammo	-627.452026 -277.619720 243.590439	0.432 0.474 1.246
ttt_random_ammo	-274.128082 -353.197571 75.481064	1.893 -0.060 2.295
ttt_random_ammo	-267.647705 -363.927094 75.349487	-0.330 -0.003 0.271
ttt_random_ammo	-253.832855 -377.597961 75.400085	-0.270 -0.003 0.113
ttt_random_ammo	-237.673309 -390.216064 79.997200	-1.454 4.399 90.353
ttt_random_ammo	-273.907928 -398.715179 75.488022	-0.003 6.160 -0.181
ttt_random_ammo	-285.918427 -395.094482 77.758583	-0.003 -24.976 90.042
ttt_random_ammo	-229.960266 -388.312134 80.777679	24.857 5.348 66.701
ttt_random_ammo	-229.650192 -394.999420 78.237915	16.505 -12.424 76.372
ttt_random_ammo	-208.000732 -395.076599 78.619537	-88.969 91.863 -90.729
ttt_random_ammo	-268.279755 -393.674988 78.561157	60.841 12.334 90.037
ttt_random_ammo	-300.227081 -393.609711 75.465439	0.639 -0.036 1.420
ttt_random_ammo	-292.742340 -391.089661 75.496140	-0.210 0.574 -0.265
ttt_random_ammo	97.671082 -356.875000 67.419212	-0.814 0.001 0.595
ttt_random_ammo	86.133537 -357.427704 67.353256	-0.339 0.003 -0.274
ttt_random_ammo	70.343811 -361.085571 67.463196	-1.395 0.024 -1.475
ttt_random_ammo	47.910400 -348.572754 67.455025	1.011 -0.019 -1.066
ttt_random_ammo	30.338682 -343.559296 67.358810	0.318 0.003 0.250
ttt_random_ammo	21.281410 -339.240326 67.350342	0.334 0.003 0.269
ttt_random_ammo	20.237949 -327.790100 67.461273	-0.845 -0.011 1.137
ttt_random_ammo	20.163464 -311.037994 67.450813	-1.076 -0.020 2.150
ttt_random_ammo	19.915339 -297.890656 67.464508	-0.229 0.052 1.118
ttt_random_ammo	20.923250 -280.149750 67.512512	-2.074 0.027 2.515
ttt_random_ammo	25.678648 -257.987091 67.509819	-1.770 0.187 2.146
ttt_random_ammo	20.363956 -227.586487 67.364494	-0.205 0.001 -0.157
ttt_random_ammo	19.887093 -215.633667 67.500114	-1.465 0.018 1.960
ttt_random_ammo	75.712555 -346.555664 67.408295	-0.465 -0.003 -0.135
ttt_random_ammo	56.672672 -346.528748 67.352509	0.330 0.003 0.265
ttt_random_ammo	44.131500 -338.958405 67.431114	1.616 -0.026 -1.704
ttt_random_ammo	36.737514 -327.272461 67.394867	0.348 0.003 0.041
ttt_random_ammo	31.082287 -315.914948 67.339005	0.359 0.003 0.293
ttt_random_ammo	28.847881 -304.675018 67.429153	1.665 -0.027 -1.756
ttt_random_ammo	31.455198 -289.747284 67.362846	0.310 0.003 0.240
ttt_random_ammo	33.672253 -274.676178 67.345917	0.344 0.003 0.279
ttt_random_ammo	37.714207 -261.503571 67.379471	0.293 0.003 0.183
ttt_random_ammo	33.749592 -242.036041 67.488892	0.033 1.458 -0.188
ttt_random_ammo	37.418205 -246.888840 67.499458	-0.533 2.068 0.646
ttt_random_ammo	20.779900 -245.900879 67.368668	0.301 0.003 0.224
ttt_random_ammo	274.293427 -408.873199 45.324799	-0.412 155.253 93.200
ttt_random_ammo	282.251648 -441.887909 44.898933	-0.926 -3.362 -91.503
ttt_random_ammo	292.166107 -437.983948 44.344906	-1.169 -161.772 -91.183
ttt_random_ammo	334.538147 -458.163788 44.567284	-3.287 -17.511 90.506
ttt_random_ammo	323.000305 -443.497833 44.706360	-3.873 -53.219 -91.515
ttt_random_ammo	343.175201 -433.738708 44.126125	0.190 133.007 -90.685
ttt_random_ammo	336.295959 -396.744629 44.938377	-6.364 165.439 -89.171
ttt_random_ammo	315.332733 -372.195343 44.989605	3.288 -93.933 -90.715
ttt_random_ammo	295.622498 -463.103394 44.576645	3.040 -150.503 87.935
ttt_random_ammo	288.664673 -423.017456 44.932693	-3.487 98.584 89.424
ttt_random_ammo	273.304810 -421.802826 44.267403	5.175 -93.766 -90.056
ttt_random_ammo	294.514801 -361.775024 44.524403	7.797 -134.880 90.220
ttt_random_ammo	314.110168 -387.758514 44.817799	-0.798 80.884 88.102
ttt_random_ammo	324.352997 -417.143280 44.724915	-2.883 -88.831 91.069
ttt_random_ammo	330.931885 -375.708374 44.801132	-7.268 -121.238 -90.841
ttt_random_ammo	1578.455688 -68.492973 40.934841	-0.248 -0.191 0.869
ttt_random_ammo	1618.061890 -77.455948 41.099560	-0.615 0.110 0.258
ttt_random_ammo	1627.204346 -145.542007 40.910389	-0.862 0.121 0.311
ttt_random_ammo	1628.308594 -183.710312 40.565750	-0.192 -0.147 0.737
ttt_random_ammo	1596.748657 -117.835381 43.074692	89.397 20.694 24.925
ttt_random_ammo	1575.001221 -143.305099 40.416359	-1.201 -0.062 0.286
ttt_random_ammo	1590.101074 -208.925735 40.083775	-0.179 0.113 1.014
ttt_random_ammo	1621.557739 -186.495056 43.676964	-89.435 -165.254 -163.193
ttt_random_ammo	1585.554565 -212.124985 43.162506	-89.902 86.395 -46.437
ttt_random_ammo	1582.726929 -225.451950 42.333595	89.432 -71.634 -116.757
ttt_random_ammo	1603.752563 -308.106598 41.307251	-0.013 -0.147 -2.780
ttt_random_ammo	1594.792725 -326.173065 42.112759	0.041 -0.190 -2.429
ttt_random_ammo	1620.047241 -408.051147 44.562149	0.240 -0.035 -2.558
ttt_random_ammo	1616.423096 -468.692902 45.930069	0.158 3.969 -2.009
ttt_random_ammo	1604.697754 -495.811218 46.386349	-0.015 -0.088 -1.193
ttt_random_ammo	1611.279419 -566.333862 47.625401	0.017 0.998 -1.231
ttt_random_ammo	1601.019165 -577.887634 47.752728	0.002 0.258 -1.272
ttt_random_ammo	1582.559814 -650.140808 48.840271	0.017 -0.264 -1.058
ttt_random_ammo	1241.512817 -1002.148438 54.732143	0.345 -0.064 -0.722
ttt_random_ammo	1140.481079 -981.327881 54.809441	-0.048 0.042 -0.889
ttt_random_ammo	1108.278564 -987.619202 54.711349	-0.510 -1.184 -0.670
ttt_random_ammo	1059.318237 -961.055176 53.896198	0.190 -0.183 -1.038
ttt_random_ammo	1034.538452 -965.564880 54.006844	0.249 -0.111 -1.236
ttt_random_ammo	932.779968 -965.611450 54.713726	-0.053 0.172 -0.859
ttt_random_ammo	920.307739 -948.151062 54.453342	-0.036 0.041 -0.932
ttt_random_ammo	845.855896 -991.615723 54.751987	-0.433 0.208 -0.979
ttt_random_ammo	827.676208 -982.870178 54.427483	-0.908 -0.070 -0.576
ttt_random_ammo	815.444580 -955.616821 54.093960	-0.437 0.207 -0.917
ttt_random_ammo	802.982788 -947.025208 53.820744	-1.042 -0.001 -0.662
ttt_random_ammo	767.877747 -937.194275 53.704300	0.190 -0.129 -1.221
ttt_random_ammo	788.125732 -963.301270 53.892319	0.111 -0.079 -0.785
ttt_random_ammo	933.321289 -1002.823669 55.075470	-0.074 -0.342 -1.143
ttt_random_ammo	988.569397 -1001.800781 54.643322	0.329 -0.072 -1.028
ttt_random_ammo	1065.664429 -984.261169 54.137157	-1.832 -0.051 0.726
ttt_random_ammo	1101.903564 -988.988586 57.872131	-88.227 116.542 -106.544
ttt_random_ammo	735.442627 1236.135986 11.376185	0.124 0.000 0.088
ttt_random_ammo	784.817017 1257.590820 11.454474	-0.999 0.204 -1.163
ttt_random_ammo	823.701416 1249.544800 11.457516	-0.255 0.684 -0.451
ttt_random_ammo	816.619324 1247.793823 14.516166	-88.761 45.216 -37.942
ttt_random_ammo	789.806396 1255.988159 13.646187	88.883 -57.647 -44.126
ttt_random_ammo	898.728943 1248.994141 11.357435	0.057 0.000 -0.003
ttt_random_ammo	948.106445 1261.726563 11.367264	0.077 0.000 0.027
ttt_random_ammo	963.099243 1252.466064 11.367183	0.069 0.000 0.016
ttt_random_ammo	1001.217468 1219.344482 11.385464	0.252 0.001 0.248
ttt_random_ammo	1074.862549 1223.496948 11.377855	0.136 0.000 0.104
ttt_random_ammo	1130.010376 1255.536987 11.345058	-0.218 0.010 -0.354
ttt_random_ammo	1158.970093 1264.169312 11.420447	1.712 0.036 2.081
ttt_random_ammo	1211.994995 1251.475220 11.444282	1.195 0.030 1.456
ttt_random_ammo	1247.818604 1245.962402 11.348944	0.050 0.000 -0.016
ttt_random_ammo	1270.838501 1249.854126 11.395726	1.312 0.021 1.543
ttt_random_ammo	1535.264404 1161.639404 40.378189	-0.128 -0.000 0.093
ttt_random_ammo	1546.823608 1102.630859 40.382561	0.198 0.001 0.181
ttt_random_ammo	1551.811035 1013.324158 40.454483	0.581 -5.962 -0.216
ttt_random_ammo	1530.479004 965.879272 40.417217	1.572 0.041 1.890
ttt_random_ammo	1515.574097 942.122620 40.337475	0.046 0.000 -0.027
ttt_random_ammo	1551.992676 887.303894 40.418839	0.001 0.027 -0.102
ttt_random_ammo	1547.492432 850.752808 40.390724	0.392 0.002 0.421
ttt_random_ammo	1572.382813 800.340637 40.413540	-0.019 -0.125 -0.305
ttt_random_ammo	1578.304443 722.191589 41.315220	1.108 0.084 0.073
ttt_random_ammo	1576.847412 698.720398 41.329750	1.098 0.576 0.002
ttt_random_ammo	1595.270630 627.122437 41.058475	1.062 0.121 0.070
ttt_random_ammo	1582.639771 629.702759 41.255829	1.062 0.120 0.070
ttt_random_ammo	1588.395996 634.490295 41.127068	1.071 0.371 0.137
ttt_random_ammo	1621.595581 814.385498 40.207539	-0.841 0.012 -1.333
ttt_random_ammo	1594.404297 870.118896 40.339832	0.047 0.000 -0.026
ttt_random_ammo	1551.766724 1008.338501 40.391598	0.828 -1.494 0.058
ttt_random_ammo	1563.723999 1067.113525 40.342209	0.047 0.000 -0.023
ttt_random_ammo	-112.523560 501.768127 11.409322	0.304 -0.571 0.472
ttt_random_ammo	-132.561859 494.413635 11.366489	-0.272 -0.095 -0.359
ttt_random_ammo	-153.736069 492.142212 11.391728	0.085 -0.067 -0.150
ttt_random_ammo	-176.191833 499.677246 11.378634	-0.012 -0.122 -0.107
ttt_random_ammo	-200.714142 504.178497 11.458757	-0.205 -1.228 -0.242
ttt_random_ammo	-233.369385 506.085175 11.365324	0.069 0.000 0.016
ttt_random_ammo	-226.738403 505.698578 11.368098	1.000 0.003 0.613
ttt_random_ammo	-150.158112 500.194519 13.623797	-1.336 -1.309 -89.488
ttt_random_ammo	-118.864090 497.400574 11.355272	0.052 0.000 -0.011
ttt_random_ammo	-106.169571 506.588623 11.459693	-0.470 -1.372 -1.386
ttt_random_ammo	-149.290115 512.342529 13.603087	0.294 -0.406 -89.316
ttt_random_ammo	-194.813950 506.205292 13.589697	0.294 8.470 -89.239
ttt_random_ammo	217.389252 819.082825 11.359345	0.300 0.003 0.243
ttt_random_ammo	213.475388 811.460754 11.406044	0.367 0.003 -0.053
ttt_random_ammo	266.004089 803.368713 20.235893	3.285 -17.087 -135.269
ttt_random_ammo	284.558197 817.015564 14.767563	-22.723 62.476 89.779
ttt_random_ammo	301.815186 817.164307 13.753955	-0.110 15.076 89.999
ttt_random_ammo	256.427704 805.620544 16.376745	2.255 -2.418 2.405
ttt_random_ammo	225.477646 806.221436 14.637325	-89.419 162.572 90.857
ttt_random_ammo	292.025299 838.944214 18.537687	58.769 -115.871 -177.937
ttt_random_ammo	310.136719 834.786072 11.407153	0.388 0.003 -0.085
ttt_random_ammo	281.070953 807.583679 14.377992	65.377 166.626 62.023
ttt_random_ammo	241.984314 811.546936 13.700448	1.044 -75.552 90.000
ttt_random_ammo	286.733521 807.249939 13.745454	89.710 -101.317 -90.000
ttt_random_ammo	298.278656 816.954285 15.668096	-7.874 62.770 -86.219
ttt_random_ammo	409.892975 210.138702 59.426231	-0.998 0.002 -0.856
ttt_random_ammo	389.176727 206.415375 59.385826	-0.276 -0.003 0.182
ttt_random_ammo	373.231140 209.797928 59.462372	-1.623 0.027 -1.741
ttt_random_ammo	432.499573 208.931091 59.436638	0.172 -0.264 0.173
ttt_random_ammo	450.986938 193.453766 59.353642	-0.330 -0.003 0.269
ttt_random_ammo	449.518097 131.709259 59.389133	-0.275 -0.003 0.167
ttt_random_ammo	451.370209 142.007614 59.418892	-0.655 -0.002 -0.417
ttt_random_ammo	458.218750 147.885727 59.349300	-0.339 -0.003 0.277
ttt_random_ammo	417.415558 111.261795 59.457794	-1.713 0.028 -1.830
ttt_random_ammo	429.717682 112.511398 59.387493	-0.276 -0.003 0.175
ttt_random_ammo	367.896759 112.888550 59.364292	-0.710 0.057 -0.364
ttt_random_ammo	375.114960 110.711029 59.483955	1.500 -0.111 1.818
ttt_random_ammo	351.747864 148.475922 59.471153	-1.052 0.020 -1.120
ttt_random_ammo	356.232086 137.000931 59.361946	-0.312 -0.003 0.251
ttt_random_ammo	351.010071 199.404007 59.357857	-0.321 -0.003 0.260
ttt_random_ammo	347.320160 189.752731 59.415585	-0.545 -0.003 -0.273
item_ammo_revolver_ttt	-783.836975 167.817001 45.786598	0.000 315.000 -1.000
item_ammo_revolver_ttt	-548.000000 306.000000 180.735001	0.000 270.000 -1.000
item_ammo_revolver_ttt	-3222.419922 -232.108002 110.438004	0.000 90.000 -1.000
item_ammo_revolver_ttt	-3210.419922 -232.108002 110.438004	0.000 90.000 -1.000
item_ammo_revolver_ttt	-3088.120117 425.670990 111.787003	0.000 0.000 -1.000
item_ammo_revolver_ttt	-3087.770020 437.768005 111.787003	0.000 0.000 -1.000
item_ammo_revolver_ttt	-612.958984 373.014008 48.690701	0.000 90.000 -1.000
item_ammo_revolver_ttt	-624.958984 373.014008 48.690701	0.000 90.000 -1.000
weapon_ttt_g3sg1	-3397.651855 372.204712 86.684013	40.884 8.793 -155.657
weapon_ttt_g3sg1	-3386.619141 410.670959 70.133301	0.032 -3.229 89.076
weapon_ttt_g3sg1	-3367.190674 399.174774 70.005074	-0.773 19.908 87.643
weapon_ttt_g3sg1	-3366.530029 384.888702 70.052116	-0.550 8.342 88.079
weapon_ttt_g3sg1	-3398.163330 391.277527 77.164108	30.382 -5.877 81.750
weapon_ttt_g3sg1	-104.227592 49.033470 167.845505	30.416 14.495 -179.663
weapon_ttt_g3sg1	-104.408104 45.623417 149.745850	20.624 16.301 -4.023
weapon_ttt_g3sg1	-87.924065 42.376690 150.930984	-2.758 9.151 -22.296
weapon_ttt_g3sg1	-91.934624 39.814407 150.656036	22.420 -1.404 -17.844
weapon_ttt_g3sg1	-86.813118 38.349548 149.964066	6.947 0.191 -6.708
weapon_ttt_g3sg1	-76.349388 77.242165 154.069199	-0.175 27.815 83.318
weapon_ttt_g3sg1	-80.852951 76.311897 151.844513	-0.353 18.575 85.580
weapon_ttt_g3sg1	-101.424271 75.054985 151.205612	2.083 29.511 70.220
weapon_ttt_g3sg1	-113.770958 55.973534 158.060120	43.156 7.046 32.907
weapon_zm_revolver	-773.622986 160.897003 44.954102	0.000 45.000 -91.000
weapon_zm_revolver	-561.000000 294.000000 179.903000	0.000 0.000 -91.000
weapon_zm_revolver	-3212.750000 -219.990997 110.606003	0.000 180.000 -91.000
weapon_zm_revolver	-3076.000000 428.000000 110.954002	0.000 90.000 -91.000
weapon_zm_revolver	-615.288025 385.130005 47.858200	0.000 180.000 -91.000
