# Trouble in Terrorist Town weapon/ammo placement overrides
# For map: ttt_cryptic_keep_v6
# Exported by: Ahbiga
setting:	replacespawns 1
ttt_random_weapon	-428.000000 192.000000 -143.000000	0.000 90.000 0.000
ttt_random_weapon	-428.000000 260.000000 -143.000000	0.000 90.000 0.000
ttt_random_weapon	-568.000000 44.000000 -134.626999	0.000 0.000 0.000
ttt_random_weapon	-628.000000 44.000000 -134.626999	0.000 0.000 0.000
ttt_random_weapon	-372.000000 260.000000 -134.626999	0.000 270.000 0.000
ttt_random_weapon	-372.000000 200.000000 -134.626999	0.000 270.000 0.000
ttt_random_weapon	-756.000000 -90.000000 -134.626999	0.000 270.000 0.000
ttt_random_weapon	-756.000000 -150.000000 -134.626999	0.000 270.000 0.000
ttt_random_weapon	-314.000000 -406.000000 -134.626999	0.000 180.000 0.000
ttt_random_weapon	-254.000000 -406.000000 -134.626999	0.000 180.000 0.000
ttt_random_weapon	-560.000000 -400.000000 -134.626999	0.000 180.000 0.000
ttt_random_weapon	-500.000000 -400.000000 -134.626999	0.000 180.000 0.000
ttt_random_weapon	-274.000000 160.000000 153.373001	0.000 180.000 0.000
ttt_random_weapon	-334.000000 160.000000 153.373001	0.000 180.000 0.000
ttt_random_weapon	-430.000000 160.000000 153.373001	0.000 180.000 0.000
ttt_random_weapon	-596.000000 34.000000 161.373001	0.000 180.000 0.000
ttt_random_weapon	-656.000000 34.000000 161.373001	0.000 180.000 0.000
ttt_random_weapon	-754.000000 250.000000 161.373001	0.000 270.000 0.000
ttt_random_weapon	-754.000000 190.000000 161.373001	0.000 270.000 0.000
ttt_random_weapon	-242.000000 -142.000000 305.372986	0.000 180.000 0.000
ttt_random_weapon	-302.000000 -142.000000 305.372986	0.000 180.000 0.000
ttt_random_weapon	-140.000000 -164.000000 297.372986	0.000 270.000 0.000
ttt_random_weapon	-140.000000 -214.000000 297.372986	0.000 270.000 0.000
ttt_random_weapon	-754.000000 224.000000 297.372986	0.000 270.000 0.000
ttt_random_weapon	-754.000000 274.000000 297.372986	0.000 270.000 0.000
ttt_random_weapon	-750.000000 -270.000000 297.372986	0.000 270.000 0.000
ttt_random_weapon	-750.000000 -220.000000 297.372986	0.000 270.000 0.000
ttt_random_weapon	-114.000000 282.000000 17.372900	0.000 270.000 0.000
ttt_random_weapon	-112.000000 -332.000000 17.372900	0.000 270.000 0.000
ttt_random_weapon	-112.000000 -282.000000 17.372900	0.000 270.000 0.000
ttt_random_weapon	-294.000000 -270.000000 25.372900	0.000 180.000 0.000
ttt_random_weapon	-244.000000 -270.000000 25.372900	0.000 180.000 0.000
ttt_random_weapon	-462.000000 -268.000000 25.372900	0.000 180.000 0.000
ttt_random_weapon	-412.000000 -268.000000 25.372900	0.000 180.000 0.000
ttt_random_weapon	-157.565994 -355.355011 -142.626999	0.000 225.000 0.000
ttt_random_weapon	-122.210999 -320.000000 -142.626999	0.000 225.000 0.000
ttt_random_weapon	-168.000000 160.000000 297.372986	0.000 0.000 0.000
ttt_random_weapon	-118.000000 160.000000 297.372986	0.000 0.000 0.000
ttt_random_weapon	-244.000000 -48.000000 297.372986	0.000 180.000 0.000
ttt_random_weapon	-294.000000 -48.000000 297.372986	0.000 180.000 0.000
ttt_random_weapon	-152.000000 178.000000 17.372900	0.000 180.000 0.000
ttt_random_weapon	-102.000000 178.000000 17.372900	0.000 180.000 0.000
ttt_random_weapon	-448.000000 328.000000 -142.626999	0.000 270.000 0.000
ttt_random_weapon	-1028.000000 -228.000000 -78.627098	0.000 270.000 0.000
ttt_random_weapon	-1056.000000 -216.000000 -78.627098	0.000 270.000 0.000
ttt_random_weapon	-1028.000000 224.000000 -78.627098	0.000 270.000 0.000
ttt_random_weapon	-1056.000000 244.000000 -78.627098	0.000 270.000 0.000
ttt_random_weapon	-1072.000000 204.000000 -78.627098	0.000 270.000 0.000
ttt_random_weapon	-576.000000 1452.000000 -86.627098	0.000 180.000 0.000
ttt_random_weapon	-568.000000 1556.000000 -86.627098	0.000 270.000 0.000
ttt_random_weapon	-568.000000 1640.000000 -86.627098	0.000 270.000 0.000
ttt_random_weapon	-240.000000 400.000000 17.372900	0.000 180.000 0.000
ttt_random_weapon	-288.000000 400.000000 17.372900	0.000 180.000 0.000
ttt_random_weapon	-688.000000 -208.000000 17.372900	0.000 180.000 0.000
ttt_random_weapon	-176.000000 -16.000000 153.373001	0.000 90.000 0.000
ttt_random_weapon	-176.000000 32.000000 153.373001	0.000 90.000 0.000
ttt_random_weapon	-1040.000000 -408.000000 -78.627098	0.000 0.000 0.000
ttt_random_weapon	-1080.000000 -368.000000 -78.627098	0.000 270.000 0.000
ttt_random_weapon	-368.000000 -40.000000 193.373001	0.000 180.000 0.000
ttt_random_weapon	-368.000000 -56.000000 193.373001	0.000 180.000 0.000
ttt_random_weapon	-256.000000 -56.000000 153.373001	0.000 180.000 0.000
ttt_random_weapon	-728.000000 -192.000000 153.373001	0.000 180.000 0.000
ttt_random_weapon	-584.000000 104.000000 153.373001	0.000 180.000 0.000
ttt_random_weapon	-664.000000 104.000000 153.373001	0.000 180.000 0.000
ttt_random_weapon	-480.000000 256.000000 153.373001	0.000 180.000 0.000
ttt_random_weapon	-216.000000 256.000000 153.373001	0.000 180.000 0.000
ttt_random_weapon	-320.000000 400.000000 153.373001	0.000 180.000 0.000
ttt_random_weapon	-536.000000 400.000000 153.373001	0.000 180.000 0.000
ttt_random_weapon	-632.000000 -352.000000 153.373001	0.000 180.000 0.000
ttt_random_weapon	-632.000000 -384.000000 153.373001	0.000 180.000 0.000
ttt_random_weapon	-264.000000 400.000000 297.372986	0.000 180.000 0.000
ttt_random_weapon	-488.000000 -128.000000 297.372986	0.000 270.000 0.000
ttt_random_weapon	-424.000000 208.000000 17.372900	0.000 180.000 0.000
ttt_random_weapon	-374.000000 208.000000 17.372900	0.000 180.000 0.000
ttt_random_weapon	-1096.000000 -224.000000 -78.627098	0.000 180.000 0.000
ttt_random_weapon	-1096.000000 -192.000000 -78.627098	0.000 180.000 0.000
ttt_random_weapon	-672.000000 1384.000000 -86.627098	0.000 180.000 0.000
ttt_random_weapon	-672.000000 1416.000000 -86.627098	0.000 180.000 0.000
ttt_random_weapon	-704.000000 2224.000000 -86.627098	0.000 180.000 0.000
ttt_random_weapon	-704.000000 2256.000000 -86.627098	0.000 180.000 0.000
ttt_random_weapon	-576.000000 2216.000000 -86.627098	0.000 180.000 0.000
ttt_random_weapon	-576.000000 2248.000000 -86.627098	0.000 180.000 0.000
ttt_random_weapon	-576.000000 2048.000000 -86.627098	0.000 180.000 0.000
ttt_random_weapon	-576.000000 2080.000000 -86.627098	0.000 180.000 0.000
ttt_random_weapon	-360.000000 2132.000000 -86.627098	0.000 180.000 0.000
ttt_random_weapon	-360.000000 2164.000000 -86.627098	0.000 180.000 0.000
ttt_random_weapon	192.000000 2096.000000 -86.627098	0.000 180.000 0.000
ttt_random_weapon	192.000000 2128.000000 -86.627098	0.000 180.000 0.000
ttt_random_weapon	608.000000 2032.000000 -86.627098	0.000 180.000 0.000
ttt_random_weapon	608.000000 2064.000000 -86.627098	0.000 180.000 0.000
ttt_random_weapon	728.000000 1936.000000 -86.627098	0.000 180.000 0.000
ttt_random_weapon	728.000000 1968.000000 -86.627098	0.000 180.000 0.000
ttt_random_weapon	736.000000 1840.000000 -86.627098	0.000 180.000 0.000
ttt_random_weapon	736.000000 1872.000000 -86.627098	0.000 180.000 0.000
ttt_random_weapon	-368.000000 1624.000000 -86.627098	0.000 270.000 0.000
ttt_random_weapon	-400.000000 1624.000000 -86.627098	0.000 270.000 0.000
ttt_random_weapon	-576.000000 1392.000000 -86.627098	0.000 180.000 0.000
ttt_random_weapon	-576.000000 1424.000000 -86.627098	0.000 180.000 0.000
ttt_random_weapon	312.000000 -352.000000 137.373001	0.000 90.000 0.000
ttt_random_weapon	832.000000 -248.000000 -158.626999	0.000 180.000 0.000
ttt_random_weapon	832.000000 -216.000000 -158.626999	0.000 180.000 0.000
ttt_random_weapon	488.000000 -16.000000 -158.626999	0.000 180.000 0.000
ttt_random_weapon	488.000000 16.000000 -158.626999	0.000 180.000 0.000
ttt_random_weapon	264.000000 -16.000000 -30.627100	0.000 180.000 0.000
ttt_random_weapon	264.000000 16.000000 -30.627100	0.000 180.000 0.000
ttt_random_weapon	-1144.000000 272.000000 -78.627098	0.000 180.000 0.000
ttt_random_weapon	-1216.000000 328.000000 -78.627098	0.000 180.000 0.000
ttt_random_weapon	840.000000 296.000000 -158.626999	0.000 180.000 0.000
ttt_random_weapon	576.000000 -400.000000 -158.626999	0.000 270.000 0.000
ttt_random_weapon	544.000000 -400.000000 -158.626999	0.000 270.000 0.000
ttt_random_weapon	640.000000 -400.000000 -158.626999	0.000 270.000 0.000
ttt_random_weapon	608.000000 -400.000000 -158.626999	0.000 270.000 0.000
ttt_random_weapon	544.000000 403.118011 -160.000000	0.000 90.000 0.000
ttt_random_weapon	576.000000 403.118011 -160.000000	0.000 90.000 0.000
ttt_random_weapon	608.000000 403.118011 -160.000000	0.000 90.000 0.000
ttt_random_weapon	640.000000 403.118011 -160.000000	0.000 90.000 0.000
ttt_random_weapon	-172.000000 196.000000 -142.626999	0.000 0.000 0.000
ttt_random_weapon	-172.000000 212.000000 -142.626999	0.000 0.000 0.000
ttt_random_weapon	-684.299622 -381.733887 -150.783554	1.690 4.608 -93.022
ttt_random_weapon	-707.896729 -346.222626 -150.790283	1.766 4.708 -92.848
ttt_random_weapon	-689.584839 -38.565933 -150.792694	1.793 4.710 -92.786
ttt_random_weapon	-1192.513794 291.088562 -86.798645	1.860 4.715 -92.632
ttt_random_weapon	-572.579224 1587.584717 -94.798645	1.860 4.715 -92.632
ttt_random_weapon	-61.995350 2168.792969 -94.791832	1.783 4.392 -92.808
ttt_random_weapon	-65.524773 2197.241455 -94.788963	1.751 4.262 -92.882
ttt_random_weapon	734.841553 2259.906250 -94.763733	1.465 4.670 -93.535
ttt_random_weapon	729.946899 2242.316895 -94.809692	1.984 4.720 -92.347
ttt_random_weapon	92.181839 1594.002075 -94.792686	1.793 4.710 -92.786
ttt_random_weapon	94.990532 1624.144897 -94.785400	1.711 4.703 -92.974
ttt_random_weapon	97.060051 1654.601807 -94.775208	1.595 4.689 -93.238
ttt_random_weapon	93.536270 1687.072144 -94.784897	1.705 4.702 -92.987
ttt_random_weapon	-277.488434 1738.818115 -94.782959	1.683 4.700 -93.037
ttt_random_weapon	-277.968048 1767.718628 -94.800087	1.876 4.716 -92.595
ttt_random_weapon	-290.452484 1686.082031 -94.772873	1.569 4.686 -93.298
ttt_random_weapon	-106.061539 1714.416748 -94.803093	1.910 4.718 -92.517
ttt_random_weapon	-399.751007 1886.675171 -94.777542	1.622 3.376 -93.177
ttt_random_weapon	-393.952240 1830.710205 -94.773842	1.580 4.687 -93.273
ttt_random_weapon	-397.261658 1863.256958 -94.782959	1.683 4.700 -93.037
ttt_random_weapon	-495.337372 2043.750732 -94.805473	1.937 4.719 -92.456
ttt_random_weapon	-489.266296 1466.802979 -94.785370	1.710 4.678 -92.975
ttt_random_weapon	-489.107971 1498.833252 -94.788033	1.740 4.705 -92.906
ttt_random_weapon	-602.775146 1224.843384 -30.772245	1.562 4.515 -93.314
ttt_random_weapon	-347.421753 1139.479248 -93.673592	5.651 1.532 -101.107
ttt_random_weapon	-345.879883 1121.154785 -91.436852	8.710 8.003 -100.135
ttt_random_weapon	-345.769684 1102.842163 -88.806900	8.710 8.003 -100.135
ttt_random_weapon	-962.075378 86.771584 9.216086	1.694 4.700 -93.012
ttt_random_weapon	-912.933594 81.418091 9.216567	1.688 4.700 -93.025
ttt_random_weapon	-915.182495 47.665546 9.211967	1.740 4.705 -92.906
ttt_random_weapon	-958.453064 55.654671 9.209127	1.772 4.708 -92.832
ttt_random_weapon	-551.275208 -473.992950 -86.783913	1.694 4.700 -93.012
ttt_random_weapon	-502.537811 -474.872681 -86.772003	1.531 3.382 -93.353
ttt_random_weapon	-507.401245 -504.577850 -86.776283	1.608 4.691 -93.210
ttt_random_weapon	-549.821960 -502.007111 -86.797249	1.844 4.714 -92.668
ttt_random_weapon	234.745407 -422.681030 -86.773186	1.573 4.686 -93.290
ttt_random_weapon	242.151016 -445.220215 -86.803093	1.910 4.718 -92.517
ttt_random_weapon	193.136047 -433.640717 -86.794579	1.814 4.712 -92.737
ttt_random_weapon	103.242249 362.443909 -94.786957	1.728 4.704 -92.934
ttt_random_weapon	103.888168 391.582947 -94.788582	1.747 4.706 -92.892
ttt_random_weapon	100.952484 422.718445 -94.779007	1.638 4.694 -93.139
ttt_random_weapon	104.211723 448.508911 -94.804672	1.928 4.718 -92.476
ttt_random_weapon	-487.792603 327.385376 -150.792068	1.786 4.709 -92.802
ttt_random_weapon	-661.890076 -354.111115 9.199183	1.884 4.716 -92.576
ttt_random_weapon	-665.804443 -333.886993 9.225486	1.588 4.688 -93.256
ttt_random_weapon	-661.781921 -307.611176 9.226810	1.573 4.686 -93.290
ttt_random_weapon	-425.129883 -104.273872 9.209712	1.766 4.708 -92.848
ttt_random_weapon	-472.992462 -97.849602 9.202061	1.852 4.715 -92.650
ttt_random_weapon	-449.276154 -129.157745 9.229514	1.542 4.682 -93.360
ttt_random_weapon	-393.480103 -427.568817 145.208771	1.776 5.346 -92.823
ttt_random_weapon	-387.827728 -406.198151 145.208527	1.779 4.709 -92.817
ttt_random_weapon	-519.209290 -428.319458 145.206696	1.800 4.711 -92.770
ttt_random_weapon	-512.879089 -402.069458 145.188568	1.855 4.933 -92.473
ttt_random_weapon	-257.047699 -431.131042 145.173935	2.168 2.790 -91.926
ttt_random_weapon	-258.554108 -406.857178 145.228058	1.558 4.684 -93.322
ttt_random_weapon	-225.421478 398.814056 289.228943	1.549 4.757 -93.345
ttt_random_weapon	-166.409210 405.707520 289.209106	1.773 4.773 -92.832
ttt_random_weapon	-14.782132 44.967628 289.203430	1.836 4.714 -92.686
ttt_random_weapon	14.297478 32.851707 289.232361	1.510 4.677 -93.434
ttt_random_weapon	46.648243 14.376712 289.217041	1.683 4.700 -93.037
ttt_random_weapon	-691.328491 369.637238 9.231376	1.521 4.679 -93.408
ttt_random_weapon	-665.618164 394.061462 9.198436	1.893 4.717 -92.557
ttt_random_weapon	-645.526611 368.848480 9.195331	1.928 4.718 -92.476
ttt_random_weapon	-669.977661 350.701904 9.238937	1.435 4.665 -93.604
ttt_random_weapon	-684.696655 297.652252 9.214090	1.716 4.703 -92.961
ttt_random_weapon	-682.693420 323.784027 9.211417	1.747 4.706 -92.892
ttt_random_weapon	-137.790085 -362.609161 9.220578	1.643 4.694 -93.129
ttt_random_weapon	-165.485840 -392.983490 9.212510	1.734 4.705 -92.920
ttt_random_weapon	-175.429565 -369.483856 9.235347	1.476 4.672 -93.511
ttt_random_weapon	-741.764526 -152.029510 145.207901	1.786 4.774 -92.801
ttt_random_weapon	-737.968628 -121.395538 145.207291	1.793 4.774 -92.785
ttt_random_weapon	-354.218475 395.395721 145.207901	1.786 4.774 -92.801
ttt_random_weapon	-393.969757 395.092163 145.206665	1.800 4.775 -92.769
ttt_random_weapon	-428.124512 390.713867 145.215088	1.705 4.768 -92.986
ttt_random_weapon	-203.732162 526.036133 145.207306	1.793 4.710 -92.786
ttt_random_weapon	-182.540375 477.051819 145.191177	1.975 4.719 -92.369
ttt_random_weapon	-460.234589 -411.678772 289.159302	2.265 3.225 -91.974
ttt_random_weapon	-411.971558 -411.741821 289.223297	1.075 5.869 -93.815
ttt_random_weapon	-370.262146 -411.810425 289.172363	2.159 3.782 -91.916
ttt_random_weapon	-392.151123 -400.792969 289.207306	1.793 4.774 -92.785
ttt_random_weapon	-435.876740 -401.281647 289.196808	1.911 5.808 -92.515
ttt_random_weapon	-524.218262 711.655029 289.221802	1.629 4.694 -93.160
ttt_random_weapon	-522.822571 674.381165 289.226166	1.580 4.687 -93.273
ttt_random_weapon	-524.589905 645.004517 289.203430	1.836 4.714 -92.686
ttt_random_weapon	-528.224731 600.377380 289.203430	1.836 4.714 -92.686
ttt_random_weapon	-527.564758 572.971375 289.213562	1.722 4.703 -92.947
ttt_random_weapon	-624.165955 95.565582 145.220978	1.639 4.764 -93.139
ttt_random_weapon	-171.061859 -307.167969 -150.790283	1.766 4.708 -92.848
ttt_random_weapon	-130.347153 -276.861450 -150.805481	1.937 4.719 -92.456
ttt_random_weapon	-469.950348 292.559326 -150.821320	1.456 4.823 -92.801
item_ammo_pistol_ttt	-269.646332 -457.557587 -87.645035	-0.632 0.058 -0.197
item_ammo_pistol_ttt	-257.417725 -457.635742 -87.560104	-0.310 0.250 -0.474
item_ammo_pistol_ttt	-938.355042 -117.523506 8.370753	0.112 0.020 -0.034
item_ammo_pistol_ttt	-936.863037 -92.245766 8.396704	0.089 0.020 -0.027
item_ammo_pistol_ttt	-901.896790 -118.815285 8.464069	0.266 -0.450 -0.311
item_ammo_pistol_ttt	-380.852142 1302.194092 -95.563232	-0.054 -0.020 -0.016
item_ammo_pistol_ttt	-402.815918 1302.257690 -95.541222	-0.614 0.103 -0.459
weapon_ttt_confgrenade	226.389557 1908.965942 -92.482635	1.740 0.233 1.514
weapon_ttt_confgrenade	227.053757 1897.013306 -92.495293	1.905 0.279 1.658
weapon_ttt_confgrenade	247.796600 1902.003784 -92.435699	1.122 0.210 0.976
weapon_ttt_confgrenade	26.394032 1944.411987 -92.460617	1.451 0.223 1.263
weapon_ttt_confgrenade	24.319454 1957.509766 -92.413673	0.830 0.201 0.722
weapon_ttt_confgrenade	23.464540 1968.201416 -92.478668	1.688 0.232 1.469
weapon_ttt_confgrenade	-403.344727 2169.984619 -92.483490	1.934 0.226 -0.805
weapon_ttt_confgrenade	-402.877686 2127.059326 -92.498367	2.152 0.243 -0.897
weapon_ttt_confgrenade	-276.067657 1998.445923 -60.440277	1.306 0.224 -0.545
weapon_ttt_confgrenade	-270.497375 1990.403809 -60.500633	2.184 0.215 -0.911
weapon_ttt_confgrenade	-591.261597 1959.723267 -92.477524	1.850 0.221 -0.771
weapon_ttt_confgrenade	-600.479431 1958.032593 -92.482635	1.740 0.233 1.514
weapon_ttt_confgrenade	-903.509155 544.651062 -84.506798	2.055 0.237 1.788
weapon_ttt_confgrenade	-905.988770 532.440369 -84.445168	1.248 0.215 1.085
weapon_ttt_confgrenade	-1042.302246 -87.374130 11.516562	1.935 0.226 -0.807
weapon_ttt_confgrenade	-1028.377686 -84.991135 11.548244	1.474 0.227 -0.615
weapon_ttt_confgrenade	-1015.557556 -85.221542 11.536963	1.639 0.228 -0.683
weapon_ttt_confgrenade	-382.051086 -482.918671 -84.505280	2.251 0.179 -0.939
weapon_ttt_confgrenade	-369.174774 -483.884644 -84.473732	1.795 0.230 -0.748
weapon_ttt_confgrenade	-358.084778 -485.830750 -84.464752	1.664 0.232 -0.694
weapon_ttt_confgrenade	757.629761 -399.489532 -164.477127	1.850 -0.221 0.771
weapon_ttt_confgrenade	746.629822 -399.110779 -164.489197	2.025 -0.259 0.845
weapon_ttt_confgrenade	735.095642 -400.078918 -164.457336	0.317 -0.888 -1.057
weapon_ttt_confgrenade	-606.681702 108.703552 -148.453293	1.497 0.225 -0.624
weapon_ttt_confgrenade	-616.874207 109.121254 -148.441635	1.326 0.225 -0.553
weapon_ttt_confgrenade	-627.439880 109.681015 -148.479462	1.878 0.217 -0.783
weapon_ttt_confgrenade	-186.109146 -140.351944 291.527222	1.629 0.255 1.358
weapon_ttt_confgrenade	-176.620010 -137.549271 291.566925	1.100 0.230 0.916
weapon_ttt_confgrenade	-167.153183 -128.924683 291.544403	1.400 0.240 1.167
weapon_ttt_confgrenade	-163.161346 -138.467133 291.537842	1.488 0.245 1.240
weapon_ttt_confgrenade	-169.152863 -150.527405 291.549072	1.338 0.242 1.115
weapon_ttt_confgrenade	-182.322937 -151.293091 291.542816	1.422 0.242 1.185
weapon_ttt_confgrenade	-642.123352 -16.018295 147.541885	1.701 0.225 -0.506
weapon_ttt_confgrenade	-650.102478 -20.128664 147.512344	2.167 0.247 -0.644
weapon_ttt_confgrenade	-644.329407 -28.322500 147.514420	2.134 0.239 -0.635
weapon_ttt_confgrenade	-635.711487 -27.420229 147.593796	0.875 0.219 -0.260
weapon_zm_shotgun	-370.000000 160.000000 153.373001	0.000 0.000 0.000
weapon_zm_shotgun	-114.000000 332.000000 17.372900	0.000 0.000 0.000
weapon_zm_shotgun	-580.000000 1608.000000 -86.627098	0.000 0.000 0.000
weapon_zm_shotgun	-608.000000 400.000000 297.372986	0.000 0.000 0.000
weapon_zm_shotgun	392.000000 -352.000000 137.373001	0.000 0.000 0.000
weapon_zm_shotgun	-728.000000 -176.000000 153.373001	0.000 0.000 0.000
weapon_zm_shotgun	840.000000 264.000000 -158.626999	0.000 0.000 0.000
weapon_ttt_ak47	-1107.262451 -71.164284 8.889622	0.134 11.253 -87.523
weapon_ttt_ak47	-459.713135 -486.295593 -87.091949	0.109 11.254 -87.726
weapon_ttt_ak47	-664.272705 -389.295319 8.840968	0.202 11.252 -86.986
weapon_ttt_ak47	-248.888077 -400.503204 288.903961	0.115 13.136 -87.687
weapon_ttt_ak47	396.595154 235.875824 -39.109470	0.133 11.253 -87.533
weapon_ttt_ak47	-341.830078 1078.824341 -86.048233	6.922 6.626 80.433
weapon_ttt_smokegrenade	715.875916 1796.343384 -91.468536	0.999 0.012 -0.787
weapon_ttt_smokegrenade	717.640564 1785.730957 -91.481392	0.423 0.004 -0.131
weapon_ttt_smokegrenade	560.499390 1822.623901 -91.390434	2.110 -0.121 -2.185
weapon_ttt_smokegrenade	558.346069 1810.198730 -91.410202	2.692 -0.132 -2.798
weapon_ttt_smokegrenade	-598.186401 1970.833984 -91.463501	1.991 0.003 -1.889
weapon_ttt_smokegrenade	-587.340332 1972.840332 -91.464195	1.676 0.008 -1.539
weapon_ttt_smokegrenade	-889.015442 542.533264 -83.493675	0.272 0.003 0.059
weapon_ttt_smokegrenade	-888.708984 528.985535 -83.466759	1.164 0.012 -0.971
weapon_ttt_smokegrenade	-1042.765991 -102.166489 12.533258	1.155 0.012 -0.962
weapon_ttt_smokegrenade	-1028.474487 -100.424355 12.535510	2.850 -0.017 -2.837
weapon_ttt_smokegrenade	-1014.044006 -99.107124 12.580137	2.938 -0.132 -3.051
weapon_ttt_smokegrenade	-381.078400 -467.744720 -83.408524	2.657 -0.129 -2.763
weapon_ttt_smokegrenade	-367.098846 -469.942261 -83.407120	2.617 -0.134 -2.721
weapon_ttt_smokegrenade	-357.118378 -471.282196 -83.429459	3.229 -0.144 -3.362
weapon_ttt_smokegrenade	758.999634 -418.265533 -163.407120	2.617 -0.134 -2.721
weapon_ttt_smokegrenade	746.339050 -417.426270 -163.415939	2.865 -0.129 -2.981
weapon_ttt_smokegrenade	733.786011 -418.468475 -163.412903	2.779 -0.136 -2.891
weapon_ttt_smokegrenade	-603.918213 89.939377 -147.491135	0.292 0.002 0.032
weapon_ttt_smokegrenade	-615.258179 91.832176 -147.412567	2.716 -0.133 -2.815
weapon_ttt_smokegrenade	-625.530762 92.536522 -147.463577	2.007 0.003 -1.906
weapon_ttt_smokegrenade	-358.893219 -137.460587 292.584839	2.805 -0.136 -2.906
weapon_ttt_smokegrenade	-357.342865 -152.408554 292.588196	2.728 -0.133 -2.830
weapon_ttt_smokegrenade	-375.063354 -146.007156 292.500549	0.253 0.002 0.103
weapon_ttt_smokegrenade	-374.849487 -129.590454 292.531036	0.992 0.012 -0.769
weapon_ttt_smokegrenade	-371.417084 -162.665039 292.508331	0.297 0.002 0.039
weapon_ttt_smokegrenade	-650.386780 -6.423262 148.609146	2.746 0.135 -3.991
weapon_ttt_smokegrenade	-637.934875 -1.705822 148.572021	3.172 -0.138 -3.294
weapon_ttt_smokegrenade	-625.715454 -4.133820 148.505783	0.278 0.003 0.065
weapon_ttt_smokegrenade	-627.613831 -19.384968 148.554398	3.628 -0.107 -3.769
ttt_playerspawn	166.020370 1749.279785 -92.551514	-0.205 0.318 -0.124
ttt_playerspawn	235.224594 1717.112549 -91.422173	-0.080 0.396 0.080
ttt_playerspawn	232.721085 1619.015015 -92.516212	-0.029 -0.137 0.014
ttt_playerspawn	177.024353 1658.715820 -92.244492	-0.080 -0.132 0.080
ttt_playerspawn	167.751862 1574.787109 -92.703568	-0.037 0.000 0.035
ttt_playerspawn	633.162109 -175.597122 -162.516068	-0.079 0.000 -0.079
ttt_playerspawn	555.728516 -107.555252 -163.160858	-0.066 -0.000 0.066
ttt_playerspawn	532.691650 20.634090 -163.172882	-0.062 -0.000 0.062
ttt_playerspawn	580.723450 131.070007 -163.348831	-0.131 -0.126 0.104
ttt_playerspawn	652.971680 186.492462 -163.383743	-0.098 0.262 0.098
ttt_playerspawn	656.009766 65.346649 -161.059601	-0.050 -0.000 -0.050
ttt_playerspawn	618.442017 -37.639046 -164.181366	-0.213 -0.615 0.000
ttt_playerspawn	699.545837 -108.584152 -164.102554	-0.059 -0.000 0.059
ttt_playerspawn	695.976807 22.369888 -163.729584	0.035 0.000 0.035
ttt_playerspawn	741.042603 124.220436 -163.707748	0.016 0.214 0.108
ttt_playerspawn	-774.045349 30.919941 15.248832	-0.146 -0.188 0.045
ttt_playerspawn	-640.481384 53.353867 14.869134	-0.076 0.132 -0.077
ttt_playerspawn	-708.403076 -29.181273 14.286566	-0.072 -0.132 -0.072
ttt_playerspawn	-613.021851 -47.740322 13.484868	-0.068 0.000 -0.068
ttt_playerspawn	-443.471893 287.868256 293.297852	-0.046 -0.000 0.046
ttt_playerspawn	-384.489746 186.472031 292.859467	-0.037 0.127 0.037
ttt_playerspawn	-454.399628 90.410339 293.267700	-0.054 0.197 0.054
ttt_playerspawn	-457.655975 193.945984 292.970520	-0.045 -0.000 0.045
ttt_playerspawn	-551.576294 284.646881 291.190765	-0.044 -0.000 0.044
ttt_playerspawn	-577.109131 164.243652 290.883453	-0.041 0.207 0.041
ttt_playerspawn	-512.468933 320.864685 147.651611	-0.018 0.264 0.019
ttt_playerspawn	-405.145325 319.536163 148.302383	-0.028 0.660 0.028
ttt_playerspawn	-308.118805 316.813080 148.067291	-0.023 -0.132 0.023
ttt_playerspawn	-652.263916 373.033936 150.204300	-0.013 -0.132 0.013
ttt_playerspawn	-634.705627 258.738525 147.845535	-0.047 -0.132 0.047
ttt_playerspawn	-373.944244 -277.218842 -146.196152	-0.065 -0.259 0.065
ttt_playerspawn	-241.918106 -233.589371 -144.975266	-0.061 -0.527 0.061
ttt_playerspawn	-388.508820 -151.792068 -146.566284	-0.059 0.528 0.059
ttt_playerspawn	-279.982483 -130.472839 -147.768173	-0.056 0.132 0.055
ttt_playerspawn	-219.694031 -47.642769 -146.951141	-0.074 -0.132 0.074
weapon_zm_molotov	-270.594971 2006.711548 -59.384724	1.966 -0.119 -2.039
weapon_zm_molotov	-262.178040 1996.985596 -59.472462	0.723 0.010 -0.477
weapon_zm_molotov	-902.627502 519.078796 -83.470421	0.843 0.012 -0.613
weapon_zm_molotov	-916.267517 521.813538 -83.466782	1.172 0.012 -0.981
weapon_zm_molotov	-1042.134033 -72.659332 12.534709	1.393 0.011 -1.226
weapon_zm_molotov	-1028.804932 -71.464111 12.612720	2.016 -0.121 -2.087
weapon_zm_molotov	-1013.304810 -71.418472 12.568032	3.265 -0.145 -3.393
weapon_zm_molotov	-380.650085 -498.379028 -83.464195	1.676 0.008 -1.540
weapon_zm_molotov	-366.778290 -498.284790 -83.418442	2.890 -0.130 -2.999
weapon_zm_molotov	-356.945404 -499.428802 -83.486176	0.343 0.002 -0.033
weapon_zm_molotov	759.234619 -379.558319 -163.415253	2.805 -0.136 -2.911
weapon_zm_molotov	744.918762 -379.557404 -163.476791	0.831 0.011 -0.380
weapon_zm_molotov	734.926270 -380.694824 -163.466812	1.181 0.012 -0.990
weapon_zm_molotov	-616.147034 -7.195484 148.593735	2.566 -0.131 -2.658
weapon_zm_molotov	-658.512329 -9.039967 148.524918	0.629 0.009 -0.359
weapon_zm_molotov	-665.701965 -23.072128 148.535248	2.832 -0.016 -2.808
item_ammo_smg1_ttt	-1143.885986 -49.423561 8.428565	0.670 -0.003 0.438
item_ammo_smg1_ttt	-1158.298828 -79.710846 8.432595	0.851 -0.001 0.559
item_ammo_smg1_ttt	-420.013794 -460.607819 -87.605751	0.123 -0.005 0.070
item_ammo_smg1_ttt	-420.480042 -486.121033 -87.579849	-0.422 0.004 0.271
item_ammo_smg1_ttt	-640.688538 -402.019684 8.404167	0.192 -0.005 0.117
item_ammo_smg1_ttt	-619.146118 -406.001648 8.403786	0.132 -0.004 0.075
item_ammo_smg1_ttt	-280.591888 -400.901123 288.430603	-0.751 0.002 0.492
item_ammo_smg1_ttt	-311.682281 -400.401215 288.512634	0.289 -0.012 -0.243
item_ammo_smg1_ttt	-342.391479 -399.124908 288.426514	-0.600 0.003 0.391
item_ammo_smg1_ttt	429.730408 267.359131 -39.521698	0.210 0.000 0.027
item_ammo_smg1_ttt	425.627563 237.733414 -39.495083	-0.661 0.012 -0.505
item_ammo_smg1_ttt	-276.336823 1071.071533 -92.029350	5.665 0.470 -8.129
item_ammo_smg1_ttt	-302.218018 1066.444702 -88.703262	5.706 0.460 -8.128
item_ammo_smg1_ttt	181.833923 -455.931763 -87.588776	-0.265 0.005 0.166
item_ammo_smg1_ttt	168.243195 -500.511414 -87.520599	0.510 -0.001 0.217
item_ammo_smg1_ttt	149.595993 -471.328339 -87.579849	-0.421 0.004 0.271
item_ammo_smg1_ttt	158.523651 -448.711060 -87.573486	-0.593 0.003 0.386
item_ammo_smg1_ttt	-244.106171 -458.027008 -87.541351	-0.118 0.089 0.465
item_ammo_smg1_ttt	-220.242981 -458.198944 -87.492798	0.484 -0.223 0.061
item_ammo_smg1_ttt	-226.879425 -486.693359 -87.521500	-0.505 0.001 0.217
item_ammo_smg1_ttt	-377.297668 1280.141602 -95.468285	-0.189 0.020 -0.167
item_ammo_smg1_ttt	-396.729767 1279.295410 -95.595909	0.195 -0.006 0.118
weapon_zm_rifle	312.000000 352.000000 137.373001	0.000 270.000 0.000
weapon_ttt_glock	-924.000000 0.000000 9.931700	0.000 0.000 0.000
weapon_ttt_glock	-296.473206 -464.276764 -86.888260	-0.744 25.618 91.447
weapon_ttt_glock	-299.409149 -480.094238 -86.888397	-0.736 25.618 91.430
weapon_ttt_glock	-979.772949 -108.751572 9.112173	-0.770 25.609 91.501
weapon_ttt_glock	-972.070679 -89.770081 9.107036	-0.463 25.641 90.866
weapon_ttt_glock	-364.135376 1302.958130 -94.886734	-0.835 25.595 91.636
ttt_random_ammo	-276.000000 -142.000000 296.001007	0.000 270.000 0.000
ttt_random_ammo	-264.000000 -142.000000 296.001007	0.000 270.000 0.000
ttt_random_ammo	-632.000000 34.000000 152.001007	0.000 270.000 0.000
ttt_random_ammo	-620.000000 34.000000 152.001007	0.000 270.000 0.000
ttt_random_ammo	-756.000000 224.000000 152.001007	0.000 180.000 0.000
ttt_random_ammo	-756.000000 212.000000 152.001007	0.000 180.000 0.000
ttt_random_ammo	-276.000000 -270.000000 16.000601	0.000 270.000 0.000
ttt_random_ammo	-264.000000 -270.000000 16.000601	0.000 270.000 0.000
ttt_random_ammo	-444.000000 -268.000000 16.000601	0.000 270.000 0.000
ttt_random_ammo	-432.000000 -268.000000 16.000601	0.000 270.000 0.000
ttt_random_ammo	-428.000000 230.000000 -143.998993	0.000 180.000 0.000
ttt_random_ammo	-428.000000 218.000000 -143.998993	0.000 180.000 0.000
ttt_random_ammo	-606.000000 44.000000 -143.998993	0.000 270.000 0.000
ttt_random_ammo	-594.000000 44.000000 -143.998993	0.000 270.000 0.000
ttt_random_ammo	-372.000000 234.000000 -143.998993	0.000 180.000 0.000
ttt_random_ammo	-372.000000 222.000000 -143.998993	0.000 180.000 0.000
ttt_random_ammo	-292.000000 -404.000000 -143.998993	0.000 270.000 0.000
ttt_random_ammo	-280.000000 -404.000000 -143.998993	0.000 270.000 0.000
ttt_random_ammo	-538.000000 -404.000000 -143.998993	0.000 270.000 0.000
ttt_random_ammo	-526.000000 -404.000000 -143.998993	0.000 270.000 0.000
ttt_random_ammo	-756.000000 -124.000000 -143.998993	0.000 0.000 0.000
ttt_random_ammo	-756.000000 -112.000000 -143.998993	0.000 0.000 0.000
ttt_random_ammo	-668.000000 2224.000000 -95.999397	0.000 270.000 0.000
ttt_random_ammo	-656.000000 2224.000000 -95.999397	0.000 270.000 0.000
ttt_random_ammo	-388.000000 2140.000000 -95.999397	0.000 0.000 0.000
ttt_random_ammo	-388.000000 2152.000000 -95.999397	0.000 0.000 0.000
ttt_random_ammo	-196.000000 2192.000000 -95.999397	0.000 270.000 0.000
ttt_random_ammo	-184.000000 2192.000000 -95.999397	0.000 270.000 0.000
ttt_random_ammo	684.000000 2192.000000 -95.999397	0.000 270.000 0.000
ttt_random_ammo	696.000000 2192.000000 -95.999397	0.000 270.000 0.000
ttt_random_ammo	632.000000 1956.000000 -95.999397	0.000 270.000 0.000
ttt_random_ammo	644.000000 1956.000000 -95.999397	0.000 270.000 0.000
ttt_random_ammo	188.000000 1920.000000 -95.999298	0.000 270.000 0.000
ttt_random_ammo	200.000000 1920.000000 -95.999298	0.000 270.000 0.000
ttt_random_ammo	-390.000000 1648.000000 -95.999397	0.000 270.000 0.000
ttt_random_ammo	-378.000000 1648.000000 -95.999397	0.000 270.000 0.000
ttt_random_ammo	-582.000000 1476.000000 -95.999397	0.000 270.000 0.000
ttt_random_ammo	-570.000000 1476.000000 -95.999397	0.000 270.000 0.000
ttt_random_ammo	844.000000 220.000000 -167.998993	0.000 270.000 0.000
ttt_random_ammo	856.000000 220.000000 -167.998993	0.000 270.000 0.000
ttt_random_ammo	-672.000000 -280.000000 8.000610	0.000 270.000 0.000
ttt_random_ammo	-660.000000 -280.000000 8.000610	0.000 270.000 0.000
ttt_random_ammo	-736.000000 292.000000 8.000600	0.000 180.000 0.000
ttt_random_ammo	-736.000000 280.000000 8.000600	0.000 180.000 0.000
ttt_random_ammo	-352.000000 200.000000 8.000600	0.000 270.000 0.000
ttt_random_ammo	-340.000000 200.000000 8.000600	0.000 270.000 0.000
ttt_random_ammo	-448.000000 396.000000 8.000600	0.000 270.000 0.000
ttt_random_ammo	-436.000000 396.000000 8.000600	0.000 270.000 0.000
ttt_random_ammo	-364.000000 396.000000 8.000600	0.000 270.000 0.000
ttt_random_ammo	-352.000000 396.000000 8.000600	0.000 270.000 0.000
ttt_random_ammo	-748.000000 -196.000000 8.000600	0.000 270.000 0.000
ttt_random_ammo	-736.000000 -196.000000 8.000600	0.000 270.000 0.000
ttt_random_ammo	-260.000000 -84.000000 144.001007	0.000 270.000 0.000
ttt_random_ammo	-248.000000 -84.000000 144.001007	0.000 270.000 0.000
ttt_random_ammo	-372.000000 -96.000000 184.001007	0.000 270.000 0.000
ttt_random_ammo	-360.000000 -96.000000 184.001007	0.000 270.000 0.000
ttt_random_ammo	-744.000000 116.000000 144.001007	0.000 180.000 0.000
ttt_random_ammo	-744.000000 104.000000 144.001007	0.000 180.000 0.000
ttt_random_ammo	-528.000000 24.000000 144.001007	0.000 270.000 0.000
ttt_random_ammo	-516.000000 24.000000 144.001007	0.000 270.000 0.000
ttt_random_ammo	-736.000000 20.000000 144.001007	0.000 270.000 0.000
ttt_random_ammo	-724.000000 20.000000 144.001007	0.000 270.000 0.000
ttt_random_ammo	-680.000000 -360.000000 144.001007	0.000 180.000 0.000
ttt_random_ammo	-680.000000 -372.000000 144.001007	0.000 180.000 0.000
ttt_random_ammo	-300.000000 152.000000 288.001007	0.000 270.000 0.000
ttt_random_ammo	-288.000000 152.000000 288.001007	0.000 270.000 0.000
ttt_random_ammo	-496.000000 -216.000000 288.001007	0.000 270.000 0.000
ttt_random_ammo	-484.000000 -216.000000 288.001007	0.000 270.000 0.000
ttt_random_ammo	-84.000000 -336.000000 144.001007	0.000 0.000 0.000
ttt_random_ammo	-84.000000 -324.000000 144.001007	0.000 0.000 0.000
ttt_random_ammo	-84.000000 -308.000000 144.001007	0.000 0.000 0.000
ttt_random_ammo	-84.000000 -296.000000 144.001007	0.000 0.000 0.000
ttt_random_ammo	-132.000000 64.000000 288.001007	0.000 270.000 0.000
ttt_random_ammo	-120.000000 64.000000 288.001007	0.000 270.000 0.000
ttt_random_ammo	-132.000000 -64.000000 288.001007	0.000 270.000 0.000
ttt_random_ammo	-120.000000 -64.000000 288.001007	0.000 270.000 0.000
ttt_random_ammo	-12.000000 320.000000 0.000601	0.000 0.000 0.000
ttt_random_ammo	-12.000000 332.000000 0.000601	0.000 0.000 0.000
ttt_random_ammo	-8.000000 -320.000000 0.000600	0.000 0.000 0.000
ttt_random_ammo	-8.000000 -308.000000 0.000600	0.000 0.000 0.000
ttt_random_ammo	-752.000000 316.000000 144.001007	0.000 0.000 0.000
ttt_random_ammo	-752.000000 328.000000 144.001007	0.000 0.000 0.000
ttt_random_ammo	-84.000000 -300.000000 -151.998993	0.000 0.000 0.000
ttt_random_ammo	-84.000000 -288.000000 -151.998993	0.000 0.000 0.000
ttt_random_ammo	-182.106995 -388.321014 -151.998993	0.000 90.000 0.000
ttt_random_ammo	-194.106995 -388.321014 -151.998993	0.000 90.000 0.000
ttt_random_ammo	-404.000000 -392.000000 -151.998993	0.000 90.000 0.000
ttt_random_ammo	-416.000000 -392.000000 -151.998993	0.000 90.000 0.000
ttt_random_ammo	-648.000000 -396.000000 -151.998993	0.000 90.000 0.000
ttt_random_ammo	-660.000000 -396.000000 -151.998993	0.000 90.000 0.000
ttt_random_ammo	-364.000000 132.000000 -151.998993	0.000 180.000 0.000
ttt_random_ammo	-364.000000 120.000000 -151.998993	0.000 180.000 0.000
ttt_random_ammo	-252.000000 -400.000000 8.000600	0.000 270.000 0.000
ttt_random_ammo	-240.000000 -400.000000 8.000600	0.000 270.000 0.000
ttt_random_ammo	-492.000000 -400.000000 8.000600	0.000 270.000 0.000
ttt_random_ammo	-480.000000 -400.000000 8.000600	0.000 270.000 0.000
ttt_random_ammo	-516.000000 -400.000000 8.000600	0.000 270.000 0.000
ttt_random_ammo	-504.000000 -400.000000 8.000600	0.000 270.000 0.000
ttt_random_ammo	-540.000000 -400.000000 8.000600	0.000 270.000 0.000
ttt_random_ammo	-528.000000 -400.000000 8.000600	0.000 270.000 0.000
ttt_random_ammo	-460.000000 200.000000 8.000600	0.000 270.000 0.000
ttt_random_ammo	-448.000000 200.000000 8.000600	0.000 270.000 0.000
ttt_random_ammo	-656.000000 2256.000000 -95.999397	0.000 270.000 0.000
ttt_random_ammo	-668.000000 2256.000000 -95.999397	0.000 270.000 0.000
ttt_random_ammo	-96.000000 324.000000 144.001007	0.000 0.000 0.000
ttt_random_ammo	-96.000000 336.000000 144.001007	0.000 0.000 0.000
ttt_random_ammo	-96.000000 300.000000 144.001007	0.000 0.000 0.000
ttt_random_ammo	-96.000000 312.000000 144.001007	0.000 0.000 0.000
ttt_random_ammo	744.000000 1632.000000 -95.999397	0.000 0.000 0.000
ttt_random_ammo	744.000000 1644.000000 -95.999397	0.000 0.000 0.000
ttt_random_ammo	152.000000 2096.000000 -95.999397	0.000 0.000 0.000
ttt_random_ammo	152.000000 2108.000000 -95.999397	0.000 0.000 0.000
ttt_random_ammo	152.000000 2120.000000 -95.999397	0.000 0.000 0.000
ttt_random_ammo	152.000000 2132.000000 -95.999397	0.000 0.000 0.000
ttt_random_ammo	-688.000000 1812.000000 -95.999397	0.000 0.000 0.000
ttt_random_ammo	-688.000000 1824.000000 -95.999397	0.000 0.000 0.000
ttt_random_ammo	-688.000000 1836.000000 -95.999397	0.000 0.000 0.000
ttt_random_ammo	-688.000000 1848.000000 -95.999397	0.000 0.000 0.000
ttt_random_ammo	-616.000000 1630.000000 -95.999397	0.000 0.000 0.000
ttt_random_ammo	-616.000000 1642.000000 -95.999397	0.000 0.000 0.000
ttt_random_ammo	-616.000000 1606.000000 -95.999397	0.000 0.000 0.000
ttt_random_ammo	-616.000000 1618.000000 -95.999397	0.000 0.000 0.000
ttt_random_ammo	-616.000000 1582.000000 -95.999397	0.000 0.000 0.000
ttt_random_ammo	-616.000000 1594.000000 -95.999397	0.000 0.000 0.000
ttt_random_ammo	-616.000000 1558.000000 -95.999397	0.000 0.000 0.000
ttt_random_ammo	-616.000000 1570.000000 -95.999397	0.000 0.000 0.000
ttt_random_ammo	-408.000000 1356.000000 -95.999397	0.000 0.000 0.000
ttt_random_ammo	-408.000000 1368.000000 -95.999397	0.000 0.000 0.000
ttt_random_ammo	-472.000000 1804.000000 -95.999397	0.000 0.000 0.000
ttt_random_ammo	-472.000000 1816.000000 -95.999397	0.000 0.000 0.000
ttt_random_ammo	44.000000 2000.000000 -95.999397	0.000 270.000 0.000
ttt_random_ammo	56.000000 2000.000000 -95.999397	0.000 270.000 0.000
ttt_random_ammo	136.000000 1968.000000 -95.999397	0.000 270.000 0.000
ttt_random_ammo	148.000000 1968.000000 -95.999397	0.000 270.000 0.000
ttt_random_ammo	472.000000 408.000000 -167.998993	0.000 90.000 0.000
ttt_random_ammo	460.000000 408.000000 -167.998993	0.000 90.000 0.000
ttt_random_ammo	496.000000 408.000000 -167.998993	0.000 90.000 0.000
ttt_random_ammo	484.000000 408.000000 -167.998993	0.000 90.000 0.000
ttt_random_ammo	496.000000 -416.000000 -168.000000	0.000 90.000 0.000
ttt_random_ammo	484.000000 -416.000000 -168.000000	0.000 90.000 0.000
ttt_random_ammo	460.000000 -416.000000 -168.000000	0.000 90.000 0.000
ttt_random_ammo	472.000000 -416.000000 -168.000000	0.000 90.000 0.000
ttt_random_ammo	840.000000 -268.000000 -167.998993	0.000 180.000 0.000
ttt_random_ammo	840.000000 -280.000000 -167.998993	0.000 180.000 0.000
ttt_random_ammo	840.000000 -304.000000 -167.998993	0.000 180.000 0.000
ttt_random_ammo	840.000000 -292.000000 -167.998993	0.000 180.000 0.000
ttt_random_ammo	832.000000 220.000000 -167.998993	0.000 270.000 0.000
ttt_random_ammo	820.000000 220.000000 -167.998993	0.000 270.000 0.000
ttt_random_ammo	-168.000000 232.000000 -151.998993	0.000 0.000 0.000
ttt_random_ammo	-168.000000 244.000000 -151.998993	0.000 0.000 0.000
ttt_random_ammo	-168.000000 256.000000 -151.998993	0.000 0.000 0.000
ttt_random_ammo	-168.000000 268.000000 -151.998993	0.000 0.000 0.000
ttt_random_ammo	-386.957855 -390.595428 -151.619019	0.192 0.001 0.174
ttt_random_ammo	-368.815125 -391.239105 -151.634583	0.077 0.000 0.026
ttt_random_ammo	-432.510712 -391.351227 -151.625580	0.122 -0.000 -0.085
ttt_random_ammo	-450.111084 -393.561493 -151.625519	0.122 0.000 0.085
ttt_random_ammo	-631.860657 -396.140076 -151.627258	0.110 0.000 0.070
ttt_random_ammo	-613.609741 -395.870239 -151.607025	0.716 0.007 0.817
ttt_random_ammo	-662.074707 -17.246387 -151.627258	0.110 0.000 0.070
ttt_random_ammo	-632.346191 -13.629697 -151.627258	0.110 0.000 0.070
ttt_random_ammo	-632.783569 -44.171276 -151.627258	0.110 0.000 0.070
ttt_random_ammo	-661.352112 -46.191540 -151.634583	0.077 0.000 0.026
ttt_random_ammo	-560.439392 403.243317 -151.643646	-0.057 -0.000 -0.003
ttt_random_ammo	-534.252747 392.041748 -151.621674	-0.137 -0.000 0.105
ttt_random_ammo	-537.370667 362.325256 -151.621674	-0.137 -0.000 0.105
ttt_random_ammo	-561.080505 365.967010 -151.614059	-0.221 -0.001 0.210
ttt_random_ammo	-1213.727539 130.056931 -87.657669	0.048 -0.000 0.021
ttt_random_ammo	-1246.361938 144.245789 -87.627243	0.110 0.000 0.070
ttt_random_ammo	-1235.315552 178.987045 -87.620560	0.170 0.001 0.147
ttt_random_ammo	-1218.011353 161.076843 -87.620682	0.170 -0.001 -0.146
ttt_random_ammo	-1182.236694 154.295746 -87.632713	0.084 -0.000 -0.035
ttt_random_ammo	-1189.053589 181.672867 -87.629066	0.100 -0.000 -0.057
ttt_random_ammo	-1215.810059 191.387314 -87.642487	0.060 0.000 0.001
ttt_random_ammo	-460.090393 2121.385498 -95.623833	0.137 0.000 0.104
ttt_random_ammo	-481.691376 2118.256836 -95.662338	0.047 -0.000 0.025
ttt_random_ammo	-482.526306 2153.426758 -95.653168	0.050 0.000 -0.017
ttt_random_ammo	-460.483978 2152.329346 -95.660011	0.047 0.000 -0.023
ttt_random_ammo	434.348602 2122.904053 -95.635361	-0.073 -0.000 0.020
ttt_random_ammo	415.090546 2121.135498 -95.639458	-0.064 -0.000 0.006
ttt_random_ammo	392.902985 2118.921143 -95.671410	-0.047 -0.000 -0.031
ttt_random_ammo	413.419830 2141.004639 -95.581947	-1.497 -0.026 1.768
ttt_random_ammo	437.147919 2145.281494 -95.595711	-0.721 -0.007 0.823
ttt_random_ammo	688.468262 2135.346436 -95.657692	0.048 0.000 -0.022
ttt_random_ammo	691.614624 2114.512451 -95.662338	0.047 -0.000 0.025
ttt_random_ammo	689.494629 2096.462402 -95.644554	0.057 0.000 -0.003
ttt_random_ammo	76.863358 1707.991089 -95.548218	-1.480 -0.035 1.798
ttt_random_ammo	76.184349 1729.722290 -95.652382	-0.050 -0.000 -0.017
ttt_random_ammo	75.157211 1753.553345 -95.637398	-0.067 -0.000 0.012
ttt_random_ammo	75.013481 1777.840698 -95.614059	-0.221 -0.001 0.210
ttt_random_ammo	103.716995 1776.301514 -95.553452	-1.643 -0.037 1.995
ttt_random_ammo	101.296104 1755.399780 -95.585182	-1.284 -0.020 1.508
ttt_random_ammo	99.654167 1730.962891 -95.654640	-0.049 -0.000 -0.019
ttt_random_ammo	98.000061 1708.192383 -95.666443	-0.047 -0.000 -0.028
ttt_random_ammo	73.686478 1804.862183 -95.557510	-1.624 -0.036 1.961
ttt_random_ammo	101.900024 1803.220459 -95.645790	-0.055 -0.000 -0.007
ttt_random_ammo	183.298996 1899.715088 -95.543388	-1.223 -0.030 1.479
ttt_random_ammo	201.592316 1900.491943 -95.637398	-0.068 -0.000 0.012
ttt_random_ammo	-311.617676 1671.938721 -95.598022	-0.623 -0.005 0.704
ttt_random_ammo	-314.596893 1653.281738 -95.545418	-1.443 -0.034 1.756
ttt_random_ammo	-123.648109 1696.256714 -95.610359	1.086 0.007 0.794
ttt_random_ammo	-123.640617 1668.360474 -95.605339	1.551 0.024 1.463
ttt_random_ammo	-106.605972 1682.100098 -95.664726	0.047 -0.000 0.027
ttt_random_ammo	762.290894 1734.100098 -95.664749	0.047 0.000 -0.027
ttt_random_ammo	763.910217 1719.228760 -95.630836	0.091 0.000 0.045
ttt_random_ammo	763.689270 1701.468872 -95.657692	0.048 0.000 -0.021
ttt_random_ammo	736.964844 1713.307129 -95.650948	0.051 -0.000 0.014
ttt_random_ammo	740.236816 1725.741455 -95.636513	0.072 -0.000 -0.019
ttt_random_ammo	-361.327301 1839.963989 -95.685242	0.048 0.000 -0.036
ttt_random_ammo	-362.337616 1864.473145 -95.629021	0.100 0.000 0.056
ttt_random_ammo	-362.836243 1886.293457 -95.653152	0.050 -0.000 0.017
ttt_random_ammo	-362.940216 1911.972290 -95.672142	0.047 0.000 -0.031
ttt_random_ammo	-502.103088 2068.545166 -95.638458	0.067 0.000 0.012
ttt_random_ammo	-486.838959 2070.335205 -95.662338	0.047 -0.000 0.025
ttt_random_ammo	-471.241364 2071.109619 -95.568108	1.390 0.033 1.687
ttt_random_ammo	-299.520050 1486.262085 -95.630836	0.091 0.000 0.045
ttt_random_ammo	-264.469482 1491.238892 -95.622177	0.152 0.001 0.123
ttt_random_ammo	-282.336792 1474.117310 -95.615761	-0.258 0.051 -0.260
ttt_random_ammo	-266.531036 1459.403076 -95.606598	0.651 0.006 0.737
ttt_random_ammo	-248.748550 1134.756714 -95.644615	0.055 0.000 -0.006
ttt_random_ammo	-244.668945 1118.047729 -95.660088	0.047 0.000 -0.024
ttt_random_ammo	-241.839264 1098.495117 -95.605995	0.769 0.008 0.881
ttt_random_ammo	-263.639374 1095.476685 -95.648857	0.052 0.000 -0.013
ttt_random_ammo	-267.149475 1116.927979 -95.632721	0.079 0.000 0.029
ttt_random_ammo	-275.093597 1134.470581 -95.582001	1.428 0.033 1.705
ttt_random_ammo	-294.038940 1132.267944 -95.615936	0.221 0.001 0.211
ttt_random_ammo	-291.955078 1114.244751 -95.657768	0.047 0.000 -0.023
ttt_random_ammo	-1100.727417 91.675247 8.344587	0.049 0.000 -0.019
ttt_random_ammo	-1071.595825 94.559113 8.346830	0.050 0.000 -0.017
ttt_random_ammo	-1071.107910 63.558880 8.337641	0.047 0.000 -0.025
ttt_random_ammo	-1105.912842 64.695877 8.394860	1.250 0.019 1.467
ttt_random_ammo	-1106.776855 33.002754 8.363504	0.071 0.000 0.018
ttt_random_ammo	-1034.222534 94.691261 8.386688	0.316 0.002 0.328
ttt_random_ammo	-1035.140869 64.711235 8.376181	0.136 0.000 0.103
ttt_random_ammo	-998.060730 65.337822 8.361540	0.067 0.000 0.012
ttt_random_ammo	-999.708435 95.656967 8.431327	1.414 0.033 1.717
ttt_random_ammo	-1059.378174 -432.809021 -87.648773	0.053 -0.000 0.011
ttt_random_ammo	-1075.270874 -449.079102 -87.682510	0.047 -0.000 0.035
ttt_random_ammo	-1099.777710 -437.125458 -87.659981	0.047 -0.000 0.023
ttt_random_ammo	-1099.526978 -413.026520 -87.630867	0.091 -0.000 -0.045
ttt_random_ammo	-1068.414551 -410.203125 -87.653152	0.050 -0.000 0.017
ttt_random_ammo	-1203.011719 -160.967072 -87.625580	0.122 -0.000 -0.085
ttt_random_ammo	-1173.865845 -167.418945 -87.632713	0.084 -0.000 -0.035
ttt_random_ammo	-1180.512939 -194.506805 -87.530472	0.554 -0.020 -0.672
ttt_random_ammo	-1200.823608 -196.193649 -87.655396	0.049 -0.000 0.019
ttt_random_ammo	-1225.739624 -191.113312 -87.627304	0.111 -0.000 -0.071
ttt_random_ammo	-1223.259521 -153.741486 -87.679848	0.047 -0.000 0.034
ttt_random_ammo	-682.087097 -475.519684 -87.630836	0.092 0.000 0.046
ttt_random_ammo	-655.750305 -475.001190 -87.612045	0.361 0.002 0.382
ttt_random_ammo	-625.718750 -476.405884 -87.672142	0.047 0.000 -0.031
ttt_random_ammo	-629.293579 -505.396423 -87.674683	0.047 0.000 -0.032
ttt_random_ammo	-654.142090 -502.722321 -87.657692	0.048 0.000 -0.021
ttt_random_ammo	-685.868896 -500.156952 -87.667175	0.047 0.000 -0.028
ttt_random_ammo	-601.369019 -470.745728 -87.612022	0.358 0.002 0.379
ttt_random_ammo	-602.107422 -501.565308 -87.646652	0.055 0.000 -0.008
ttt_random_ammo	-574.969604 -467.303558 -87.619003	0.192 0.001 0.174
ttt_random_ammo	-576.848083 -497.378479 -87.636497	0.072 0.000 0.019
ttt_random_ammo	242.981796 -362.937256 -87.672142	0.047 0.000 -0.031
ttt_random_ammo	245.980774 -383.848389 -87.567673	1.292 0.032 1.559
ttt_random_ammo	244.258469 -405.580597 -87.679878	0.047 0.000 -0.034
ttt_random_ammo	222.204834 -405.990814 -87.605156	1.253 0.019 1.471
ttt_random_ammo	222.746216 -384.731506 -87.664742	0.047 0.000 -0.027
ttt_random_ammo	219.742310 -359.675110 -87.638451	0.067 0.000 0.012
ttt_random_ammo	206.733871 -374.336426 -87.660004	0.047 0.000 -0.023
ttt_random_ammo	204.017349 -394.357544 -87.634575	0.078 0.000 0.027
ttt_random_ammo	323.383575 45.600899 -39.657696	0.048 0.000 -0.022
ttt_random_ammo	322.783997 18.015615 -39.674286	-0.083 -0.183 -0.192
ttt_random_ammo	325.095337 -5.844334 -39.630840	0.092 0.000 0.046
ttt_random_ammo	321.808441 -29.561394 -39.598530	0.008 -0.083 -0.112
ttt_random_ammo	267.078186 455.868896 -95.609734	0.470 0.003 0.516
ttt_random_ammo	274.742371 442.146210 -95.621689	-0.135 -0.000 0.103
ttt_random_ammo	276.312439 422.654297 -95.662361	0.047 0.000 -0.025
ttt_random_ammo	259.044739 410.542847 -95.608383	0.621 -0.005 -0.701
ttt_random_ammo	243.977524 425.401154 -95.639458	-0.063 -0.000 0.006
ttt_random_ammo	257.832092 438.983948 -95.639458	-0.063 -0.000 0.006
ttt_random_ammo	246.580734 450.653290 -95.638458	0.067 0.000 0.012
ttt_random_ammo	280.591217 477.346039 -95.648796	0.053 0.000 -0.011
ttt_random_ammo	254.925858 472.025574 -95.648781	0.053 -0.000 0.011
ttt_random_ammo	-464.386810 123.003532 8.383941	0.247 0.001 0.242
ttt_random_ammo	-445.917999 125.735680 8.389091	0.420 0.003 0.455
ttt_random_ammo	-424.346741 129.277420 8.449932	0.979 0.026 1.187
ttt_random_ammo	-402.419464 128.223770 8.380980	0.193 0.001 0.175
ttt_random_ammo	-380.580566 127.785980 8.351211	0.053 0.000 -0.011
ttt_random_ammo	-357.132111 129.039078 8.351210	0.053 0.000 -0.011
ttt_random_ammo	-487.880341 126.257141 8.344587	0.049 0.000 -0.019
ttt_random_ammo	-285.131866 -435.846466 144.314758	0.048 0.000 -0.036
ttt_random_ammo	-303.726807 -437.767578 144.379425	0.170 0.001 0.147
ttt_random_ammo	-307.477264 -415.057068 144.367142	-0.191 -0.094 -0.331
ttt_random_ammo	-284.775482 -414.944794 144.382599	-0.178 -0.092 -0.297
ttt_random_ammo	-426.350494 -434.514893 144.344589	0.049 0.000 -0.019
ttt_random_ammo	-449.748322 -434.924377 144.383942	0.247 0.001 0.242
ttt_random_ammo	-447.496552 -412.500397 144.364639	-0.072 -0.000 0.019
ttt_random_ammo	-424.964172 -415.462982 144.463242	-0.038 -0.099 -0.078
ttt_random_ammo	-550.265015 -437.379791 144.351212	0.053 0.000 -0.011
ttt_random_ammo	-578.241089 -436.875641 144.351212	0.053 0.000 -0.011
ttt_random_ammo	-576.661560 -414.563995 144.421143	-0.137 -0.093 -0.192
ttt_random_ammo	-549.062988 -414.353394 144.376587	-0.240 -0.093 -0.314
ttt_random_ammo	-549.291992 -105.880997 312.365417	0.077 -0.000 -0.026
ttt_random_ammo	-546.937805 -129.963501 312.481018	1.792 0.050 2.192
ttt_random_ammo	-547.006958 -154.570938 312.479431	1.590 -1.529 -1.985
ttt_random_ammo	-546.792236 -176.691589 312.502045	-0.844 -0.946 1.023
ttt_random_ammo	-546.880066 -199.155304 312.483612	0.995 1.084 -1.145
ttt_random_ammo	-546.734924 -219.854172 312.455231	-0.256 -0.551 -0.845
ttt_random_ammo	-793.703247 -43.071930 288.382507	0.209 0.001 0.197
ttt_random_ammo	-795.613831 -15.045761 288.412018	1.641 0.011 1.452
ttt_random_ammo	-763.477417 -16.550365 288.320068	0.046 0.000 -0.034
ttt_random_ammo	-767.774658 -45.664791 288.381104	0.176 0.069 -0.120
ttt_random_ammo	-795.245361 15.612865 288.474609	0.390 -0.055 0.927
ttt_random_ammo	-771.788879 16.674706 288.361511	0.066 0.000 0.011
ttt_random_ammo	-672.464417 408.105530 288.370972	0.097 0.000 0.054
ttt_random_ammo	-643.019592 410.512451 288.355408	0.056 0.000 -0.004
ttt_random_ammo	-644.172668 384.144775 288.361511	0.066 0.000 0.011
ttt_random_ammo	-674.151062 386.009766 288.387970	0.356 0.002 0.377
ttt_random_ammo	-112.365906 -335.048431 288.361511	0.066 0.000 0.011
ttt_random_ammo	-126.153465 -353.572052 288.348999	0.050 0.000 -0.014
ttt_random_ammo	-144.642776 -377.691956 288.353302	0.054 0.000 -0.008
ttt_random_ammo	-156.659042 -362.748138 288.372742	0.107 0.000 0.067
ttt_random_ammo	-145.400543 -343.918427 288.367279	0.082 0.000 0.034
ttt_random_ammo	-135.465683 -330.176361 288.391327	0.530 0.004 0.591
ttt_random_ammo	-266.133240 151.674271 288.327820	0.046 0.000 -0.030
ttt_random_ammo	-246.774246 149.319260 288.351166	0.052 0.000 -0.011
ttt_random_ammo	-225.278351 147.644302 288.376160	0.132 0.000 0.099
ttt_random_ammo	-305.211060 178.659912 288.372742	0.107 0.000 0.067
ttt_random_ammo	-282.226929 180.796967 288.386719	0.308 0.002 0.319
ttt_random_ammo	-261.066010 181.085999 288.320068	0.046 0.000 -0.034
ttt_random_ammo	-237.531891 179.540314 288.363464	0.070 0.000 0.018
ttt_random_ammo	-101.922081 -69.541924 288.353302	0.053 0.000 -0.008
ttt_random_ammo	-152.731049 68.728447 288.374420	-0.108 -0.000 0.068
ttt_random_ammo	-98.858734 70.664124 288.482239	-1.159 -0.006 1.987
ttt_random_ammo	-753.155640 215.616333 48.355446	0.057 0.000 -0.003
ttt_random_ammo	-757.753174 235.667618 48.361542	0.067 0.000 0.012
ttt_random_ammo	-737.541260 226.970078 48.325317	0.047 0.000 -0.032
ttt_random_ammo	-740.402832 245.837708 48.339993	0.047 0.000 -0.023
ttt_random_ammo	-745.675598 322.621552 48.317459	0.047 0.000 -0.035
ttt_random_ammo	-740.556213 337.215851 48.361542	0.067 0.000 0.012
ttt_random_ammo	-740.038635 351.690247 48.466984	-1.004 -0.026 1.223
ttt_random_ammo	-721.628662 344.645294 48.376415	-0.123 -0.000 0.086
ttt_random_ammo	-727.904114 326.025055 48.363503	0.072 0.000 0.018
ttt_random_ammo	-149.417801 388.320343 8.314757	0.048 0.000 -0.036
ttt_random_ammo	-116.615562 371.367584 8.423108	1.595 0.043 1.937
ttt_random_ammo	-122.438576 343.041199 8.337641	0.047 0.000 -0.025
ttt_random_ammo	-136.904236 374.711914 8.344587	0.049 0.000 -0.019
ttt_random_ammo	-147.989548 347.803070 8.353347	0.055 0.000 -0.008
ttt_random_ammo	-159.788132 365.708496 8.351210	0.053 0.000 -0.011
ttt_random_ammo	-174.858673 390.981140 8.349038	0.051 0.000 -0.014
ttt_random_ammo	-744.892395 3.821319 144.382538	0.208 0.001 0.195
ttt_random_ammo	-717.159973 -3.141832 144.363480	0.070 0.000 0.017
ttt_random_ammo	-729.650574 -17.235128 144.349030	0.050 -0.000 0.014
ttt_random_ammo	-700.159424 -3.971652 144.369141	0.089 0.000 0.044
ttt_random_ammo	-276.575684 469.537750 144.374496	-0.112 -0.000 0.072
ttt_random_ammo	-273.628326 492.969269 144.374481	-0.110 -0.000 0.070
ttt_random_ammo	-267.631195 511.708862 144.388046	0.556 0.050 0.299
ttt_random_ammo	-256.467041 532.157104 144.379318	0.170 -0.001 -0.146
ttt_random_ammo	-239.489090 510.785889 144.335983	-0.047 -0.000 -0.027
ttt_random_ammo	-249.049637 488.385651 144.358459	-0.060 -0.000 0.001
ttt_random_ammo	-253.350708 470.976898 144.366638	-0.078 -0.000 0.027
ttt_random_ammo	-281.727234 242.686859 168.437851	-0.349 0.062 -0.199
ttt_random_ammo	-295.041412 243.011200 168.503983	-1.653 0.009 2.103
ttt_random_ammo	-312.123840 242.991470 168.498413	-1.498 0.055 2.026
ttt_random_ammo	-326.497467 243.021484 168.508698	-1.764 -0.005 2.111
ttt_random_ammo	-358.821930 243.310791 168.508957	-1.668 0.067 2.022
ttt_random_ammo	-343.255371 243.526108 168.502991	-0.955 0.052 1.157
ttt_random_ammo	-373.327942 243.506287 168.506027	-1.317 0.051 1.596
ttt_random_ammo	-390.983734 243.470718 168.507172	-1.881 0.045 2.190
ttt_random_ammo	-418.972717 243.526611 168.508499	-1.612 0.054 1.954
ttt_random_ammo	-404.271820 243.527176 168.505066	-1.203 0.047 1.458
ttt_random_ammo	-155.646149 -70.143158 288.353638	0.380 -0.000 0.080
ttt_random_ammo	-638.824036 -401.796783 288.447845	0.035 -22.946 1.257
ttt_random_ammo	-607.407471 -402.828430 288.395599	-0.410 -0.003 0.444
ttt_random_ammo	-580.304993 -402.979279 288.340698	-0.047 -0.000 -0.023
ttt_random_ammo	-556.056946 -404.320679 288.404144	-0.708 -0.007 0.808
ttt_random_ammo	-529.302490 -405.770264 288.417450	-1.430 -0.024 1.687
ttt_random_ammo	-498.329590 -406.959198 288.323425	-0.046 -0.000 -0.033
ttt_random_ammo	-420.528198 726.059998 288.444244	1.127 0.029 1.368
ttt_random_ammo	-420.376007 698.879211 288.330353	0.047 0.000 -0.029
ttt_random_ammo	-420.679169 671.324097 288.353333	0.055 0.000 -0.008
ttt_random_ammo	-421.364960 650.558960 288.385345	0.279 0.001 0.281
ttt_random_ammo	-422.677582 625.650818 288.339996	0.047 -0.000 0.023
ttt_random_ammo	-423.345428 598.505188 288.372681	0.110 -0.000 -0.070
ttt_random_ammo	-79.924103 -274.587463 -151.630829	0.091 0.000 0.045
ttt_random_ammo	-205.063889 -369.549561 -151.660004	0.047 0.000 -0.023
ttt_random_ammo	-194.277084 -352.869690 -151.648788	0.053 0.000 -0.011
ttt_random_ammo	-369.405792 101.355110 -151.644547	0.057 -0.000 0.004
ttt_random_ammo	-549.134094 338.456177 -151.643646	-0.057 -0.000 -0.003
ttt_random_ammo	-557.009033 83.039482 -151.623596	-0.123 -0.000 0.086
ttt_random_ammo	-587.449219 78.772163 -151.553375	-1.615 -0.037 1.960
ttt_random_ammo	-583.540894 115.339119 -151.643646	-0.057 -0.000 -0.003
ttt_random_ammo	-551.787354 112.629852 -151.629639	-0.082 -0.160 0.087
ttt_random_ammo	-528.607422 78.757889 -151.615952	-0.196 -0.001 0.178
ttt_random_ammo	-772.517395 1125.522095 -95.625511	0.113 0.000 0.073
ttt_random_ammo	-776.533569 1106.500854 -95.586975	1.516 0.038 1.809
ttt_random_ammo	-773.285461 1085.312988 -95.609589	0.442 0.003 0.483
ttt_random_ammo	-754.580261 1097.271851 -95.609573	0.440 0.003 0.480
ttt_random_ammo	-749.293457 1117.173340 -95.608536	0.507 0.004 0.561
weapon_ttt_dual_elites	197.782684 -486.805054 -88.008087	1.911 0.154 -0.191
weapon_ttt_dual_elites	206.594040 -463.696747 -88.009857	1.913 0.157 -0.192
weapon_ttt_dual_elites	-319.690338 -479.175903 -87.894142	1.709 0.142 -0.101
weapon_ttt_dual_elites	-338.868744 -459.087250 -87.967972	1.869 0.149 -0.157
weapon_ttt_dual_elites	-1136.839478 -178.666336 -87.993301	1.895 0.153 -0.178
weapon_ttt_dual_elites	-1145.097778 -209.141876 -88.035477	1.939 0.164 -0.214
weapon_ttt_dual_elites	-357.897675 1275.588989 -95.944473	2.199 0.495 -0.859
weapon_ttt_revolver	-345.244415 -486.084473 -86.027374	9.047 26.794 74.421
weapon_ttt_revolver	-314.170410 -461.904510 -86.035271	8.771 26.933 75.127
weapon_ttt_revolver	-1008.765137 -399.035736 -86.025185	9.125 26.751 74.220
weapon_ttt_revolver	-1010.205505 -431.435791 -86.029457	8.855 24.508 75.023
weapon_ttt_revolver	-911.728333 -89.508942 9.962490	8.694 26.967 75.323
weapon_ttt_revolver	-625.407593 1192.313477 -62.018368	9.371 26.603 73.587
item_ammo_revolver_ttt	-170.769333 156.130722 8.346301	0.453 0.061 0.050
item_ammo_revolver_ttt	-168.129135 137.848572 8.385307	0.461 0.055 0.034
item_ammo_revolver_ttt	-172.109192 116.122581 8.431549	0.470 0.053 0.016
item_ammo_revolver_ttt	-155.493393 118.180702 8.314758	0.447 0.072 0.062
item_ammo_revolver_ttt	43.164433 -301.374878 0.390291	0.462 0.055 0.032
item_ammo_revolver_ttt	25.926367 -294.127197 0.342497	0.452 0.061 0.051
item_ammo_revolver_ttt	-278.762695 -491.712860 -87.637932	0.456 0.058 0.043
item_ammo_revolver_ttt	-264.821930 -486.561676 -87.542908	0.379 -0.275 -0.114
item_ammo_revolver_ttt	-246.516388 -486.321228 -87.569794	0.247 1.612 -0.292
item_ammo_revolver_ttt	-258.072662 -505.047791 -87.667526	0.450 0.064 0.055
item_ammo_revolver_ttt	-192.983246 -454.189697 -87.664421	1.007 -0.077 0.002
item_ammo_revolver_ttt	-172.235886 -477.774963 -87.585381	0.467 0.053 0.022
item_ammo_revolver_ttt	-195.273880 -486.822784 -87.646423	0.454 0.059 0.047
item_ammo_revolver_ttt	-207.430481 -474.145691 -87.653694	0.453 0.061 0.050
item_ammo_revolver_ttt	-1006.851685 -374.516968 -87.659447	0.452 0.064 0.052
item_ammo_revolver_ttt	-1023.230042 -380.185059 -87.661423	0.451 0.064 0.053
item_ammo_revolver_ttt	-1022.504578 -355.559845 -87.599533	0.464 0.054 0.028
item_ammo_revolver_ttt	-1003.236389 -357.666046 -87.676117	0.448 0.068 0.059
item_ammo_revolver_ttt	-918.590088 -122.044792 8.464392	1.547 -0.721 -0.844
item_ammo_revolver_ttt	-919.598145 -99.801170 8.414621	0.467 0.053 0.022
item_ammo_revolver_ttt	-920.769836 -82.680931 8.323880	0.448 0.068 0.059
item_ammo_revolver_ttt	-615.305542 1209.713501 -63.545597	0.958 0.272 -0.564
item_ammo_revolver_ttt	-628.326294 1209.805054 -63.635441	0.680 0.078 -0.023
weapon_zm_revolver	-155.207016 160.295212 8.816104	2.208 -18.320 -83.741
weapon_zm_revolver	-150.796661 148.539093 8.971289	2.259 -15.452 -85.376
weapon_zm_revolver	21.625668 -316.572693 0.876943	2.232 -18.490 -84.364
weapon_zm_revolver	-328.286194 -501.068420 -87.117538	2.234 -18.490 -84.421
weapon_zm_revolver	-307.594208 -506.459930 -87.164177	2.216 -18.398 -83.943
