# Trouble in Terrorist Town weapon/ammo placement overrides
# For map: ttt_favela
# Exported by: Donato Dias
setting:	replacespawns 1
ttt_playerspawn	1915.243042 1441.033691 -1215.440186	-0.039 -0.000 0.039
ttt_playerspawn	2037.052490 1444.373047 -1215.462036	-0.061 -0.000 0.061
ttt_playerspawn	2137.201904 1441.148560 -1215.464966	-0.063 -0.000 0.063
ttt_playerspawn	2250.928467 1441.091797 -1215.448120	-0.047 -0.000 0.047
ttt_playerspawn	2250.474609 1544.665405 -1215.477783	-0.076 -0.000 0.076
ttt_playerspawn	2144.637695 1545.001587 -1215.427612	-0.027 -0.000 0.027
ttt_playerspawn	2039.484009 1544.775757 -1215.443970	-0.043 -0.000 0.043
ttt_playerspawn	1912.382324 1541.969116 -1215.434570	-0.034 -0.000 0.034
ttt_playerspawn	-2379.488525 1477.368408 -30.282152	1.992 0.480 -1.896
ttt_playerspawn	-2272.967773 1483.319458 -34.840141	2.197 0.731 -0.545
ttt_playerspawn	-2151.225098 1491.333862 -39.291695	2.212 0.385 2.094
ttt_playerspawn	-1993.725464 1505.583740 -41.030258	-2.606 -2.365 1.333
ttt_playerspawn	-2004.108032 1644.093628 -44.250683	-1.948 2.127 -5.839
ttt_playerspawn	-2166.307129 1633.128296 -44.700768	0.804 -0.943 -4.305
ttt_playerspawn	-2285.854980 1625.326172 -42.010181	0.993 -0.109 -4.109
ttt_playerspawn	-2393.004395 1622.319702 -39.816761	0.850 -1.466 -4.060
ttt_playerspawn	-2394.168701 1754.176636 -47.102619	0.959 -0.009 -2.149
ttt_playerspawn	-2276.086426 1757.643066 -49.540890	1.401 -0.249 -2.344
ttt_playerspawn	-2156.119629 1752.944458 -52.219753	1.406 0.036 -2.580
ttt_playerspawn	-1996.687988 1755.106934 -55.125721	-0.788 -0.354 -5.307
ttt_playerspawn	-1994.534912 1893.489868 -61.218445	0.279 -0.123 -0.707
ttt_playerspawn	-2153.657471 1892.719116 -55.975151	1.510 0.350 -0.845
ttt_playerspawn	-2288.780029 1898.596436 -52.932098	1.497 -0.057 -0.636
ttt_playerspawn	-2399.756348 1900.678345 -51.273602	0.818 -0.314 -1.307
ttt_playerspawn	-1829.366455 1891.218262 -60.862808	-1.371 0.008 -1.400
ttt_playerspawn	-1831.742554 1753.272705 -50.503555	-1.605 6.555 -8.819
ttt_playerspawn	-2366.090332 1349.136108 -29.747698	3.953 0.327 0.435
ttt_playerspawn	-2270.292236 1358.514648 -36.299530	4.141 -0.286 1.551
ttt_playerspawn	-2119.947266 1372.156982 -44.917274	3.157 0.292 2.830
ttt_playerspawn	-1971.578369 1387.998047 -49.331745	0.469 0.301 4.855
ttt_playerspawn	1906.232056 1651.545532 -1215.468994	-0.067 -0.000 0.067
ttt_playerspawn	2045.005737 1657.907715 -1215.438354	-0.037 -0.000 0.037
ttt_playerspawn	2139.617920 1319.270020 -1215.481445	-0.080 -0.000 0.080
ttt_playerspawn	2253.861084 1321.491333 -1215.457520	-0.056 -0.000 0.056
weapon_ttt_ak47	215.809021 837.274170 -742.698181	-3.305 -16.704 81.717
item_box_buckshot_ttt	2115.624268 1698.986328 -1215.614136	-1.234 -0.015 1.082
item_box_buckshot_ttt	2116.291504 1684.460449 -1215.609985	-0.996 0.018 0.882
item_box_buckshot_ttt	2128.032715 1698.681396 -1215.542480	-0.433 -0.006 0.385
item_box_buckshot_ttt	2129.120361 1685.780884 -1215.658936	0.527 0.003 -0.416
item_box_buckshot_ttt	1942.396851 1322.559814 -1215.622314	0.305 0.003 -0.162
item_box_buckshot_ttt	1930.671021 1322.906860 -1215.610107	-0.996 0.018 0.882
item_box_buckshot_ttt	1919.820801 1322.531372 -1215.565308	-0.614 -0.007 0.545
item_box_buckshot_ttt	1720.230713 1038.681152 -1199.588135	-0.781 -0.005 0.698
item_box_buckshot_ttt	1709.719727 1039.101929 -1199.560547	-0.578 -0.007 0.513
item_box_buckshot_ttt	1696.085327 1039.812012 -1199.607178	-0.964 -0.003 0.857
item_box_buckshot_ttt	1723.501221 1237.362061 -1199.624634	0.672 -0.001 -0.458
item_box_buckshot_ttt	1710.615845 1236.936768 -1199.574097	-0.684 -0.007 0.607
item_box_buckshot_ttt	1699.471436 1236.735718 -1199.624268	0.667 -0.001 -0.453
item_box_buckshot_ttt	1687.781982 1235.328735 -1199.665039	0.389 0.004 -0.303
item_box_buckshot_ttt	1454.590576 943.880127 -1199.581177	-0.776 -0.012 0.619
item_box_buckshot_ttt	1441.599976 941.801453 -1199.621948	0.289 0.003 -0.146
item_box_buckshot_ttt	1441.317261 969.505615 -1199.579346	0.125 1.345 0.176
item_box_buckshot_ttt	1456.951050 969.743774 -1199.523315	0.632 0.160 -1.086
item_box_buckshot_ttt	1320.688599 789.503113 -1199.558228	1.570 -0.683 -0.309
item_box_buckshot_ttt	1294.680420 789.437134 -1199.567261	0.689 -0.006 -0.330
item_box_buckshot_ttt	1306.198730 789.458191 -1199.571045	0.928 -0.134 -0.279
item_box_buckshot_ttt	996.360718 -395.695923 -793.614990	-0.968 -0.010 0.868
item_box_buckshot_ttt	1012.431396 -395.426544 -793.624634	0.672 -0.001 -0.458
item_box_buckshot_ttt	860.605408 -1803.433716 136.427155	-0.710 -0.001 0.559
item_box_buckshot_ttt	874.561707 -1801.655029 136.334976	0.388 0.004 -0.303
item_box_buckshot_ttt	877.837708 -1827.259155 136.428543	-0.651 -0.007 0.582
item_box_buckshot_ttt	860.977112 -1826.507813 136.396149	-0.601 -0.005 0.534
item_box_buckshot_ttt	-1472.296753 1468.030762 37.391544	0.372 -0.007 0.360
item_box_buckshot_ttt	-1456.495361 1472.729980 37.371761	0.674 -0.001 0.616
item_box_buckshot_ttt	-1140.067505 1044.151611 72.235817	0.109 0.008 -0.148
item_box_buckshot_ttt	-1153.782715 1045.522705 72.180763	0.240 0.001 -0.242
item_box_buckshot_ttt	-1060.170898 1041.867188 72.367065	-0.163 -0.017 -0.110
item_box_buckshot_ttt	-1073.334351 1042.106079 72.344032	-0.180 -0.012 -0.094
item_box_buckshot_ttt	-1072.495850 1054.493530 72.301697	-0.233 -0.013 -0.045
item_box_buckshot_ttt	-1061.317017 1055.170288 72.304596	-0.357 -0.015 0.071
item_box_buckshot_ttt	-1498.937134 1040.931641 72.185562	0.207 0.001 -0.230
item_box_buckshot_ttt	-1498.756592 1054.984009 72.108810	0.434 -0.003 -0.401
item_box_buckshot_ttt	-1389.512817 1046.937744 97.410439	0.087 0.315 0.192
item_box_buckshot_ttt	-1401.769165 1047.460693 97.414337	0.019 0.587 0.178
item_box_buckshot_ttt	-1414.073242 1046.888062 97.439316	0.065 0.314 0.337
item_box_buckshot_ttt	-1426.650513 1045.239258 97.394897	-0.129 0.309 0.991
item_box_buckshot_ttt	-1073.559326 1041.085693 11.778400	-0.762 -0.002 0.347
item_box_buckshot_ttt	-1073.699097 1054.505249 11.620302	0.274 0.004 -0.496
item_box_buckshot_ttt	-1104.546021 1210.258179 0.397148	-0.938 -0.004 0.830
item_box_buckshot_ttt	-1117.763184 1210.315796 0.375190	0.675 -0.001 -0.462
item_box_buckshot_ttt	-293.417511 786.357300 -255.573776	-0.403 0.030 -1.194
item_box_buckshot_ttt	-313.458008 786.442017 -255.548965	-0.658 0.030 -1.191
item_box_buckshot_ttt	496.620178 537.386475 -762.612305	-1.010 -0.011 0.896
item_box_buckshot_ttt	482.712830 538.268860 -762.556519	-0.544 -0.007 0.483
item_box_buckshot_ttt	497.425171 551.856750 -762.649536	0.833 0.002 -0.667
item_box_buckshot_ttt	485.653229 552.906860 -762.517151	-0.198 -3.742 0.190
item_box_buckshot_ttt	485.940704 1380.363281 -975.510071	-0.178 -0.005 0.158
item_box_buckshot_ttt	467.963531 1380.173462 -975.575256	-0.692 -0.007 0.614
item_box_buckshot_ttt	-1166.536499 1671.947632 -31.652700	0.720 0.003 -0.574
item_box_buckshot_ttt	-1179.077881 1671.144531 -31.603043	-0.937 -0.003 0.830
item_box_buckshot_ttt	-1178.317749 1687.972656 -31.568892	-0.642 -0.007 0.570
item_box_buckshot_ttt	-1165.106812 1688.057861 -31.586550	-0.781 -0.006 0.693
weapon_ttt_smokegrenade	1063.320313 -422.390900 -792.364929	21.364 -99.623 -89.522
weapon_ttt_smokegrenade	1081.304321 -419.504913 -793.840271	-0.703 -1.707 -1.071
weapon_ttt_smokegrenade	-1947.401367 -1003.429688 -107.088737	-47.584 -21.021 108.530
weapon_ttt_smokegrenade	-1942.504272 -1007.821716 -108.001884	24.907 160.805 -104.789
weapon_ttt_smokegrenade	338.293732 2109.232178 -735.838318	-1.459 -1.457 -1.484
weapon_ttt_smokegrenade	317.503723 2105.296631 -735.819885	-1.064 -1.538 -1.082
item_ammo_357_ttt	2207.083984 1702.085449 -1215.644653	0.455 0.060 0.046
item_ammo_357_ttt	2207.542480 1684.664917 -1215.644653	0.455 0.060 0.046
item_ammo_357_ttt	2207.951416 1669.666260 -1215.694946	0.445 0.080 0.066
item_ammo_357_ttt	2282.421631 1696.361206 -1215.641235	0.456 0.060 0.045
item_ammo_357_ttt	2283.317139 1681.956909 -1215.637939	0.456 0.058 0.043
item_ammo_357_ttt	2283.401855 1664.746948 -1215.653687	0.453 0.062 0.050
item_ammo_357_ttt	1942.894531 1350.049683 -1215.621338	0.460 0.056 0.037
item_ammo_357_ttt	1931.819824 1350.475098 -1215.659424	0.452 0.065 0.052
item_ammo_357_ttt	1920.428589 1351.357544 -1215.665405	0.451 0.065 0.054
item_ammo_357_ttt	1723.177246 1251.358765 -1199.663452	0.451 0.063 0.054
item_ammo_357_ttt	1709.597900 1251.896851 -1199.690063	0.446 0.071 0.065
item_ammo_357_ttt	1697.718018 1251.868042 -1199.624146	0.459 0.055 0.038
item_ammo_357_ttt	1687.936157 1251.767700 -1199.637939	0.456 0.057 0.044
item_ammo_357_ttt	1364.428223 1068.985474 -1199.673950	0.449 0.067 0.058
item_ammo_357_ttt	1364.494263 1053.256958 -1199.650024	0.454 0.061 0.049
item_ammo_357_ttt	1328.120239 1028.350342 -1199.607300	0.462 0.054 0.031
item_ammo_357_ttt	1327.075562 1006.643433 -1199.678345	0.448 0.067 0.060
item_ammo_357_ttt	1226.492920 789.991150 -1199.565552	1.367 -0.432 -1.137
item_ammo_357_ttt	1211.415039 790.080566 -1199.560303	0.802 -0.363 -0.659
item_ammo_357_ttt	1196.413696 790.424438 -1199.574707	1.390 1.150 -0.013
item_ammo_357_ttt	1475.918335 995.030273 -1199.637939	0.456 0.057 0.044
item_ammo_357_ttt	1454.611328 993.246277 -1199.639526	0.456 0.057 0.044
item_ammo_357_ttt	886.504028 -627.569031 -729.667419	0.451 0.066 0.054
item_ammo_357_ttt	886.870239 -650.337097 -729.663330	0.452 0.066 0.053
item_ammo_357_ttt	911.594116 -1803.960449 136.398315	0.463 0.054 0.029
item_ammo_357_ttt	898.446716 -1801.530273 136.348145	0.453 0.061 0.049
item_ammo_357_ttt	898.545715 -1825.451050 136.378632	0.459 0.055 0.037
item_ammo_357_ttt	912.968140 -1826.105835 136.386566	0.461 0.054 0.034
item_ammo_357_ttt	280.968414 -1811.013062 136.408401	0.465 0.053 0.025
item_ammo_357_ttt	299.112305 -1809.141479 136.400452	0.464 0.053 0.028
item_ammo_357_ttt	-797.197693 -2018.192627 256.380005	0.460 0.055 0.036
item_ammo_357_ttt	-817.910278 -2017.384033 256.307526	0.445 0.078 0.066
item_ammo_357_ttt	-1480.438354 1687.299194 5.327692	0.174 1.989 -0.098
item_ammo_357_ttt	-1468.920776 1687.403320 5.327909	1.035 -0.502 0.162
item_ammo_357_ttt	-1037.223633 1046.390747 11.823194	0.391 0.070 -0.179
item_ammo_357_ttt	-1046.837402 1046.710083 11.806752	0.392 0.070 -0.179
item_ammo_357_ttt	-1055.581177 1047.482178 11.788891	0.394 0.073 -0.179
item_ammo_357_ttt	-1113.244629 1041.297119 72.226540	0.467 -0.033 -0.057
item_ammo_357_ttt	-1124.098877 1040.947021 72.224777	0.467 -0.033 -0.057
item_ammo_357_ttt	-1124.903564 1053.469604 72.212151	0.467 -0.033 -0.057
item_ammo_357_ttt	-1113.359253 1054.364746 72.213264	0.467 -0.033 -0.057
item_ammo_357_ttt	-1407.848755 1039.728882 72.307144	0.572 0.038 0.144
item_ammo_357_ttt	-1407.711548 1051.832520 72.337265	0.572 0.038 0.144
item_ammo_357_ttt	-1395.261353 1041.025391 72.289467	0.573 0.038 0.144
item_ammo_357_ttt	-1394.971069 1054.742554 72.323273	0.573 0.038 0.144
item_ammo_357_ttt	-1482.334595 1043.570801 33.377628	0.465 -0.031 -0.064
item_ammo_357_ttt	-1482.594849 1056.630371 33.361980	0.464 -0.031 -0.064
item_ammo_357_ttt	-1493.125854 1042.280273 33.371670	0.462 -0.031 -0.065
item_ammo_357_ttt	-1493.896118 1055.725952 33.353035	0.461 -0.031 -0.066
item_ammo_357_ttt	-1143.167603 1043.681885 97.292252	0.466 -0.033 -0.057
item_ammo_357_ttt	-1156.382080 1043.795776 97.287567	0.464 -0.033 -0.058
item_ammo_357_ttt	-1156.113892 1056.375854 97.272987	0.463 -0.033 -0.058
item_ammo_357_ttt	-1144.051392 1057.074829 97.268417	0.460 -0.035 -0.059
item_ammo_357_ttt	-294.864929 834.315125 -255.647247	0.479 -0.189 0.056
item_ammo_357_ttt	-316.551086 835.371948 -255.655609	0.452 0.061 0.051
item_ammo_357_ttt	499.045044 653.903625 -762.673889	0.449 0.068 0.058
item_ammo_357_ttt	489.510681 653.586731 -762.636597	0.435 0.246 0.068
item_ammo_357_ttt	478.927185 653.253113 -762.673889	0.449 0.068 0.058
item_ammo_357_ttt	499.804016 628.557983 -762.644653	0.455 0.060 0.046
item_ammo_357_ttt	492.156616 628.402283 -762.613403	0.461 0.056 0.034
item_ammo_357_ttt	483.565796 628.714783 -762.613403	0.461 0.056 0.034
item_ammo_357_ttt	466.688049 2108.310059 -749.572449	0.451 0.065 0.054
item_ammo_357_ttt	447.207214 2106.141357 -749.551697	0.455 0.060 0.046
item_ammo_357_ttt	-1192.317627 1675.221436 -31.680590	0.448 0.073 0.060
item_ammo_357_ttt	-1202.742554 1674.782471 -31.634697	0.457 0.058 0.042
item_ammo_357_ttt	-1204.663330 1690.614990 -31.687588	0.447 0.073 0.063
item_ammo_357_ttt	-1193.157593 1693.077637 -31.634697	0.457 0.058 0.042
item_ammo_357_ttt	619.809937 112.463272 -814.571289	0.979 -0.014 -0.940
item_ammo_357_ttt	620.364929 87.411049 -813.607910	7.335 -1.011 8.734
item_ammo_revolver_ttt	2295.381348 1697.065552 -1215.667480	0.451 0.065 0.055
item_ammo_revolver_ttt	2295.188232 1681.664063 -1215.650024	0.454 0.062 0.048
item_ammo_revolver_ttt	2294.523682 1668.433960 -1215.682861	0.448 0.073 0.061
item_ammo_revolver_ttt	2116.620117 1669.003784 -1215.590698	0.466 0.054 0.024
item_ammo_revolver_ttt	2133.449463 1669.117920 -1215.659424	0.452 0.065 0.052
item_ammo_revolver_ttt	1943.193237 1334.967773 -1215.576904	0.468 0.054 0.019
item_ammo_revolver_ttt	1931.381592 1335.310913 -1215.602783	0.463 0.055 0.029
item_ammo_revolver_ttt	1919.983887 1335.185791 -1215.665405	0.451 0.065 0.054
item_ammo_revolver_ttt	1278.924194 789.980896 -1199.571045	1.375 -0.264 -1.224
item_ammo_revolver_ttt	1262.274658 790.009827 -1199.570068	1.168 -0.279 -1.057
item_ammo_revolver_ttt	1244.810425 790.077637 -1199.588989	0.659 -0.344 -0.961
item_ammo_revolver_ttt	1364.290405 1097.374878 -1199.630005	0.458 0.056 0.041
item_ammo_revolver_ttt	1363.799194 1083.543579 -1199.628540	0.458 0.056 0.040
item_ammo_revolver_ttt	1678.225586 1059.100708 -1199.690063	0.446 0.071 0.065
item_ammo_revolver_ttt	1678.083008 1040.344238 -1199.588013	0.466 0.053 0.024
item_ammo_revolver_ttt	1106.896118 -417.413605 -793.543884	0.760 0.959 -0.002
item_ammo_revolver_ttt	1115.648682 -413.626038 -793.538757	1.484 0.307 -0.843
item_ammo_revolver_ttt	939.457275 -1806.221191 136.344391	0.452 0.061 0.051
item_ammo_revolver_ttt	927.126404 -1805.676147 136.326050	0.449 0.067 0.058
item_ammo_revolver_ttt	927.066284 -1826.706543 136.377228	0.459 0.055 0.038
item_ammo_revolver_ttt	940.520447 -1828.590698 136.404556	0.464 0.053 0.027
item_ammo_revolver_ttt	-38.985611 -2423.986328 24.405552	0.465 0.054 0.026
item_ammo_revolver_ttt	-51.776611 -2423.539551 24.406523	0.465 0.054 0.025
item_ammo_revolver_ttt	-1074.186523 1041.050293 33.488064	0.389 0.070 -0.179
item_ammo_revolver_ttt	-1074.950684 1054.764893 33.444164	0.390 0.070 -0.178
item_ammo_revolver_ttt	-1458.396118 1039.914429 33.388107	0.465 -0.031 -0.064
item_ammo_revolver_ttt	-1471.290283 1040.332275 33.384750	0.465 -0.031 -0.064
item_ammo_revolver_ttt	-1471.855835 1053.730225 33.369518	0.465 -0.031 -0.064
item_ammo_revolver_ttt	-1458.243042 1053.509033 33.372391	0.465 -0.032 -0.064
item_ammo_revolver_ttt	-1417.798462 1040.014282 72.324341	0.572 0.038 0.144
item_ammo_revolver_ttt	-1428.372681 1039.874878 72.341347	0.572 0.037 0.144
item_ammo_revolver_ttt	-1428.242065 1053.737183 72.375984	0.572 0.038 0.144
item_ammo_revolver_ttt	-1418.640869 1054.362427 72.361771	0.572 0.038 0.144
item_ammo_revolver_ttt	-1036.556885 1048.074219 72.348289	0.390 0.070 -0.179
item_ammo_revolver_ttt	-1045.114502 1048.400024 72.333229	0.391 0.071 -0.179
item_ammo_revolver_ttt	500.355194 670.332397 -762.694885	0.445 0.080 0.066
item_ammo_revolver_ttt	490.897705 670.861145 -762.665405	0.451 0.065 0.054
item_ammo_revolver_ttt	481.666870 672.245789 -762.673889	0.449 0.068 0.058
item_ammo_revolver_ttt	501.278534 609.757080 -762.578247	0.468 0.054 0.019
item_ammo_revolver_ttt	490.851196 610.825012 -762.628540	0.458 0.057 0.040
item_ammo_revolver_ttt	480.303558 610.520386 -762.651794	0.454 0.062 0.049
item_ammo_revolver_ttt	671.621826 1033.802979 -1119.651855	0.454 0.062 0.049
item_ammo_revolver_ttt	672.027283 1045.652832 -1119.659424	0.452 0.065 0.052
item_ammo_revolver_ttt	997.834045 1646.317871 -1135.615967	0.461 0.056 0.035
item_ammo_revolver_ttt	997.567566 1661.129395 -1135.625488	0.459 0.057 0.038
item_ammo_revolver_ttt	-1141.518799 1672.771362 -31.678328	0.448 0.068 0.059
item_ammo_revolver_ttt	-1152.425415 1673.287964 -31.651821	0.454 0.062 0.049
item_ammo_revolver_ttt	-1153.040894 1686.450317 -31.619974	0.460 0.056 0.036
item_ammo_revolver_ttt	-1142.731201 1687.126221 -31.665445	0.451 0.065 0.054
item_ammo_smg1_ttt	2149.308594 1702.979858 -1215.487305	-0.292 0.012 -0.248
item_ammo_smg1_ttt	2166.737793 1703.955322 -1215.579834	0.422 -0.004 0.271
item_ammo_smg1_ttt	2166.824463 1679.618042 -1215.573486	0.601 -0.003 0.391
item_ammo_smg1_ttt	2150.455078 1680.876831 -1215.503296	-0.862 -0.013 -0.639
item_ammo_smg1_ttt	2224.479492 1695.095459 -1215.499268	-0.827 0.011 -0.617
item_ammo_smg1_ttt	2243.530518 1693.044678 -1215.490479	-0.336 0.010 -0.277
item_ammo_smg1_ttt	2245.158936 1672.311646 -1215.593506	0.214 -0.005 0.132
item_ammo_smg1_ttt	2223.784180 1672.925293 -1215.516846	-0.790 0.003 -0.635
item_ammo_smg1_ttt	2051.356445 1814.839355 -1215.567383	0.850 -0.001 0.558
item_ammo_smg1_ttt	2070.282959 1815.401123 -1215.582031	0.376 -0.005 0.241
item_ammo_smg1_ttt	2070.214600 1785.644043 -1215.600708	0.152 -0.005 0.090
item_ammo_smg1_ttt	2049.385010 1785.934082 -1215.573486	0.598 -0.003 0.389
item_ammo_smg1_ttt	1879.201172 1325.283936 -1215.500244	-0.839 0.012 -0.627
item_ammo_smg1_ttt	1864.055542 1325.601196 -1215.571411	0.667 -0.003 0.436
item_ammo_smg1_ttt	1862.059448 1345.431641 -1215.475586	-0.697 0.204 -0.199
item_ammo_smg1_ttt	1879.285156 1345.234741 -1215.571411	0.665 -0.003 0.434
item_ammo_smg1_ttt	1991.829468 1330.046387 -1215.593506	0.212 -0.005 0.131
item_ammo_smg1_ttt	1977.355469 1330.078735 -1215.573486	0.592 -0.003 0.385
item_ammo_smg1_ttt	1977.645264 1350.268066 -1215.498779	-0.828 0.011 -0.619
item_ammo_smg1_ttt	1992.951782 1350.142456 -1215.522095	0.546 -0.083 0.240
item_ammo_smg1_ttt	1402.702637 794.170288 -1199.478882	0.748 -0.209 -0.210
item_ammo_smg1_ttt	1386.284912 794.155029 -1199.489746	0.930 -0.201 -0.257
item_ammo_smg1_ttt	1367.350220 794.208313 -1199.466064	0.906 -0.413 -0.403
item_ammo_smg1_ttt	1344.322632 794.179321 -1199.470459	0.604 -0.210 -0.171
item_ammo_smg1_ttt	1489.653198 944.638000 -1199.605713	0.122 -0.005 0.069
item_ammo_smg1_ttt	1472.555054 944.730896 -1199.600708	0.152 -0.005 0.090
item_ammo_smg1_ttt	1489.225708 971.138611 -1199.500610	-0.854 0.013 -0.639
item_ammo_smg1_ttt	1471.909302 970.732056 -1199.523560	0.556 -0.014 0.246
item_ammo_smg1_ttt	1586.519775 1291.171265 -1199.577637	-0.472 0.004 0.305
item_ammo_smg1_ttt	1606.649780 1290.259766 -1199.586426	-0.297 0.005 0.188
item_ammo_smg1_ttt	1606.438843 1268.880127 -1199.582031	-0.379 0.005 0.243
item_ammo_smg1_ttt	1586.967407 1269.707886 -1199.565430	-0.951 0.000 0.625
item_ammo_smg1_ttt	1577.152710 941.347534 -1199.575562	0.533 -0.004 0.346
item_ammo_smg1_ttt	1590.438721 942.870789 -1199.504272	-0.314 2.168 -0.210
item_ammo_smg1_ttt	1603.381592 943.008362 -1199.444336	-0.081 -1.430 -0.005
item_ammo_smg1_ttt	1617.133911 942.675659 -1199.492920	-0.482 0.012 -0.381
item_ammo_smg1_ttt	1365.380493 1140.238770 -1199.469849	0.189 -0.017 -0.162
item_ammo_smg1_ttt	1365.794800 1119.758179 -1199.464600	0.142 -0.016 -0.121
item_ammo_smg1_ttt	897.234070 -398.396515 -793.603271	0.135 -0.005 0.079
item_ammo_smg1_ttt	876.569702 -399.014923 -793.477417	-0.212 0.015 -0.185
item_ammo_smg1_ttt	923.267151 -595.824097 -729.485474	-0.254 0.012 -0.221
item_ammo_smg1_ttt	906.720154 -596.753235 -729.539734	0.356 -1.208 0.216
item_ammo_smg1_ttt	894.758911 -598.457764 -729.496948	-0.380 0.115 0.159
item_ammo_smg1_ttt	882.742676 -598.913818 -729.498230	-0.673 0.051 -0.172
item_ammo_smg1_ttt	394.943024 -2252.367920 256.496796	-0.862 -0.013 -0.640
item_ammo_smg1_ttt	414.067993 -2251.260010 256.408905	0.238 -0.005 0.148
item_ammo_smg1_ttt	970.562927 -1811.613525 136.522980	0.234 -0.016 -0.201
item_ammo_smg1_ttt	956.361389 -1811.330688 136.517120	0.262 -0.013 -0.220
item_ammo_smg1_ttt	956.191345 -1835.002808 136.422302	-0.475 0.004 0.307
item_ammo_smg1_ttt	972.895874 -1833.856567 136.480652	0.213 0.001 0.022
item_ammo_smg1_ttt	828.751526 -1805.358398 136.383728	-0.079 0.005 0.040
item_ammo_smg1_ttt	845.801758 -1806.872925 136.509583	0.320 -0.012 -0.265
item_ammo_smg1_ttt	845.010620 -1829.369385 136.434570	-0.942 0.000 0.620
item_ammo_smg1_ttt	828.847229 -1829.602173 136.500336	0.841 -0.012 -0.629
item_ammo_smg1_ttt	-994.671509 -2072.110107 256.515900	0.274 -0.014 -0.235
item_ammo_smg1_ttt	-978.217468 -2072.626465 256.386414	-0.088 0.005 0.047
item_ammo_smg1_ttt	-990.886963 -2276.183350 256.399292	-0.153 0.005 0.091
item_ammo_smg1_ttt	-973.584961 -2277.041504 256.498413	-0.867 -0.013 -0.648
item_ammo_smg1_ttt	-1043.196777 -1737.412842 0.411226	0.267 -0.005 0.167
item_ammo_smg1_ttt	-1071.002563 -1737.107544 0.523293	-0.201 0.015 -0.172
item_ammo_smg1_ttt	-1361.936401 -1247.187744 -132.040451	-1.708 0.290 2.643
item_ammo_smg1_ttt	-1334.317383 -1248.096436 -131.228577	-1.576 0.105 3.638
item_ammo_smg1_ttt	-338.691010 -1992.576904 -126.073257	-4.555 -3.366 -21.940
item_ammo_smg1_ttt	-367.036438 -1989.670776 -128.370712	-0.504 0.955 -23.522
item_ammo_smg1_ttt	-1900.379761 -1244.795898 -47.519413	0.213 0.001 0.022
item_ammo_smg1_ttt	-1900.334229 -1222.317261 -47.471634	0.184 -0.016 -0.160
item_ammo_smg1_ttt	-2290.480225 615.937012 -127.562935	1.095 0.002 0.722
item_ammo_smg1_ttt	-2273.826660 616.550842 -127.608322	0.109 -0.005 0.061
item_ammo_smg1_ttt	-1422.835938 1043.478271 33.610275	0.087 2.750 0.148
item_ammo_smg1_ttt	-1410.115723 1042.075439 33.585857	0.097 -1.348 0.142
item_ammo_smg1_ttt	-1396.958008 1043.123901 33.566887	0.094 0.032 0.144
item_ammo_smg1_ttt	-1155.820313 1043.229370 33.485767	-0.011 -0.019 -0.057
item_ammo_smg1_ttt	-1143.743164 1045.801880 33.485500	-0.011 0.012 -0.057
item_ammo_smg1_ttt	-1130.962769 1041.815918 33.491856	-0.011 -0.036 -0.057
item_ammo_smg1_ttt	-1117.160767 1043.139893 33.493153	-0.011 -0.039 -0.057
item_ammo_smg1_ttt	-1358.891357 1034.048096 0.471258	-0.311 0.125 -0.273
item_ammo_smg1_ttt	-1345.343750 1034.008789 0.450899	0.228 0.030 0.280
item_ammo_smg1_ttt	-1332.360596 1034.069824 0.538521	-0.408 0.159 -0.278
item_ammo_smg1_ttt	-1319.223511 1034.010132 0.471241	-0.857 -0.017 -0.169
item_ammo_smg1_ttt	-1319.186157 1054.101929 0.430597	0.751 -0.002 0.492
item_ammo_smg1_ttt	-1332.438965 1053.935547 0.527938	0.120 -0.072 0.162
item_ammo_smg1_ttt	-1344.711304 1053.681030 0.537133	-0.411 0.052 -0.095
item_ammo_smg1_ttt	-1357.654175 1053.930786 0.518568	-0.675 0.070 -0.144
item_ammo_smg1_ttt	-1033.440796 1046.657837 97.527100	-0.088 0.007 -0.178
item_ammo_smg1_ttt	-1047.478027 1046.563843 97.505722	-0.088 0.038 -0.178
item_ammo_smg1_ttt	-1062.478271 1048.180420 97.477539	-0.088 0.038 -0.178
item_ammo_smg1_ttt	-1075.182617 1047.938965 97.458687	-0.088 0.038 -0.178
item_ammo_smg1_ttt	-1496.888062 1045.534546 97.367035	-0.011 0.663 -0.064
item_ammo_smg1_ttt	-1481.264282 1045.775513 97.370094	-0.012 0.318 -0.064
item_ammo_smg1_ttt	-1464.909424 1046.507568 97.372765	-0.012 0.149 -0.064
item_ammo_smg1_ttt	-1039.017822 1211.027954 0.508331	-0.428 0.011 -0.345
item_ammo_smg1_ttt	-1053.781860 1212.089600 0.483200	-0.807 -0.016 -0.058
item_ammo_smg1_ttt	-1068.757446 1212.067627 0.428815	0.450 -0.003 0.291
item_ammo_smg1_ttt	-1084.278198 1211.898438 0.555133	-0.655 -0.915 -0.381
item_ammo_smg1_ttt	495.464264 734.052734 -762.460632	-0.134 0.017 -0.113
item_ammo_smg1_ttt	480.869843 733.370422 -762.486938	-0.282 0.012 -0.237
item_ammo_smg1_ttt	497.039490 690.606201 -762.488831	-0.319 0.012 -0.267
item_ammo_smg1_ttt	481.916626 691.014587 -762.474426	-0.216 0.016 -0.185
item_ammo_smg1_ttt	496.576813 592.792908 -762.503296	-1.116 0.069 -0.260
item_ammo_smg1_ttt	482.391022 592.875732 -762.485779	-0.282 0.012 -0.241
item_ammo_smg1_ttt	494.269531 520.658691 -762.575562	0.534 -0.004 0.347
item_ammo_smg1_ttt	480.736725 521.546143 -762.502930	-0.863 -0.013 -0.640
item_ammo_smg1_ttt	210.871582 861.568237 -743.493835	0.534 -0.009 -0.413
item_ammo_smg1_ttt	232.437927 860.057434 -743.595825	0.189 -0.005 0.115
item_ammo_smg1_ttt	-160.568329 1039.205444 -743.493958	-0.480 0.011 -0.376
item_ammo_smg1_ttt	-140.712296 1039.707153 -743.477173	-0.228 0.014 -0.192
item_ammo_smg1_ttt	491.705109 1642.631470 -895.476746	-0.211 0.015 -0.184
item_ammo_smg1_ttt	474.767639 1641.699219 -895.565430	0.950 -0.000 0.625
item_ammo_smg1_ttt	333.271606 1903.265137 -895.502197	0.865 0.013 -0.645
item_ammo_smg1_ttt	356.462921 1904.923584 -895.591125	-0.240 0.005 0.149
item_ammo_smg1_ttt	386.602814 1901.908691 -895.591125	0.240 -0.005 0.149
item_ammo_smg1_ttt	406.173584 1903.173950 -895.584229	0.335 -0.005 0.213
item_ammo_smg1_ttt	858.106018 2101.100098 -923.406128	0.237 -0.005 0.148
item_ammo_smg1_ttt	877.164490 2105.123047 -923.313049	-0.963 0.053 -0.222
item_ammo_smg1_ttt	1192.423096 1356.306885 -1199.470093	-0.181 0.016 -0.157
item_ammo_smg1_ttt	1171.812866 1354.412598 -1199.588745	0.269 -0.005 0.169
item_ammo_smg1_ttt	-1086.972534 1681.861206 -31.494457	0.125 -0.004 -0.170
item_ammo_smg1_ttt	-1098.973877 1682.464722 -31.595493	0.071 -0.287 -0.029
item_ammo_smg1_ttt	-1113.175537 1681.596924 -31.603210	0.137 -0.005 0.080
item_ammo_smg1_ttt	-1126.863525 1682.510376 -31.579847	0.420 -0.004 0.270
item_ammo_pistol_ttt	2182.807617 1703.052124 -1215.603271	-0.089 -0.020 -0.027
item_ammo_pistol_ttt	2193.352051 1701.410767 -1215.643555	-0.124 -0.019 -0.038
item_ammo_pistol_ttt	2192.787842 1677.994385 -1215.616455	-0.101 -0.020 -0.030
item_ammo_pistol_ttt	2181.578857 1678.545410 -1215.674438	-0.151 -0.018 -0.046
item_ammo_pistol_ttt	2260.925537 1692.635254 -1215.629272	-0.112 -0.019 -0.034
item_ammo_pistol_ttt	2271.965332 1690.984985 -1215.608032	-0.093 -0.020 -0.028
item_ammo_pistol_ttt	2272.004639 1669.412964 -1215.555420	-0.047 -0.020 -0.014
item_ammo_pistol_ttt	2261.664795 1669.964722 -1215.650146	-0.130 -0.019 -0.039
item_ammo_pistol_ttt	1964.353394 1325.866821 -1215.625488	-0.108 -0.019 -0.033
item_ammo_pistol_ttt	1956.616699 1324.066895 -1215.621704	-0.105 -0.020 -0.032
item_ammo_pistol_ttt	1956.550659 1347.730225 -1215.639282	-0.121 -0.019 -0.036
item_ammo_pistol_ttt	1963.670776 1348.829834 -1215.627319	-0.110 -0.019 -0.033
item_ammo_pistol_ttt	1901.517700 1328.029053 -1215.645752	-0.126 -0.019 -0.038
item_ammo_pistol_ttt	1893.103638 1328.285645 -1215.679688	-0.156 -0.017 -0.047
item_ammo_pistol_ttt	1891.799805 1350.301270 -1215.603271	-0.089 -0.020 -0.027
item_ammo_pistol_ttt	1902.564453 1349.705566 -1215.679688	-0.156 -0.017 -0.047
item_ammo_pistol_ttt	1304.845703 1027.701538 -1199.558716	-0.050 -0.020 -0.015
item_ammo_pistol_ttt	1314.200073 1027.858276 -1199.629272	-0.112 -0.020 -0.034
item_ammo_pistol_ttt	1315.165894 1004.768250 -1199.645630	-0.126 -0.019 -0.038
item_ammo_pistol_ttt	1305.969116 1004.451904 -1199.572266	-0.062 -0.020 -0.019
item_ammo_pistol_ttt	1291.658203 1025.551758 -1199.594482	-0.081 -0.020 -0.025
item_ammo_pistol_ttt	1291.457275 1002.542542 -1199.627319	-0.110 -0.020 -0.033
item_ammo_pistol_ttt	1367.368652 1186.261475 -1199.619873	-0.104 -0.020 -0.031
item_ammo_pistol_ttt	1367.684082 1164.379883 -1199.612915	-0.098 -0.020 -0.030
item_ammo_pistol_ttt	1720.241089 1055.416504 -1199.549927	-0.043 -0.020 -0.013
item_ammo_pistol_ttt	1711.572144 1055.851318 -1199.623535	-0.107 -0.020 -0.032
item_ammo_pistol_ttt	1702.534790 1055.767822 -1199.677002	-0.154 -0.018 -0.047
item_ammo_pistol_ttt	1692.337036 1056.257813 -1199.578979	-0.068 -0.020 -0.021
item_ammo_pistol_ttt	1251.141602 373.559784 -1119.616455	-0.101 -0.020 -0.030
item_ammo_pistol_ttt	1233.621216 372.777893 -1119.609619	-0.095 -0.020 -0.029
item_ammo_pistol_ttt	593.643921 -596.505066 -767.629272	-0.112 -0.019 -0.034
item_ammo_pistol_ttt	580.055115 -595.188721 -767.623596	-0.107 -0.019 -0.032
item_ammo_pistol_ttt	578.572815 -572.626587 -767.666748	-0.145 -0.018 -0.044
item_ammo_pistol_ttt	593.525330 -569.789490 -767.639282	-0.121 -0.019 -0.036
item_ammo_pistol_ttt	796.513977 -1806.433716 136.451508	-0.041 -0.020 -0.013
item_ammo_pistol_ttt	810.742371 -1806.904663 136.458740	-0.035 -0.020 -0.011
item_ammo_pistol_ttt	811.417480 -1830.071899 136.452911	-0.040 -0.020 -0.012
item_ammo_pistol_ttt	796.180603 -1828.693970 136.412323	-0.076 -0.020 -0.023
item_ammo_pistol_ttt	995.855896 -1810.143066 136.362778	-0.119 -0.019 -0.036
item_ammo_pistol_ttt	984.005737 -1810.754272 136.362778	-0.119 -0.019 -0.036
item_ammo_pistol_ttt	984.900757 -1832.084473 136.450790	-0.042 -0.020 -0.013
item_ammo_pistol_ttt	997.036072 -1831.306274 136.372665	-0.110 -0.020 -0.033
item_ammo_pistol_ttt	-1618.838745 -1760.609009 0.436683	1.250 3.039 0.001
item_ammo_pistol_ttt	-1605.874146 -1760.253052 0.406941	-0.080 -0.020 -0.024
item_ammo_pistol_ttt	-2288.055908 -338.621033 -127.593056	-0.080 -0.020 -0.024
item_ammo_pistol_ttt	-2277.111816 -340.167297 -127.627327	-0.110 -0.019 -0.033
item_ammo_pistol_ttt	-2297.259766 -143.804138 -127.643524	-0.124 -0.019 -0.038
item_ammo_pistol_ttt	-2283.024658 -143.762756 -127.604851	-0.090 -0.020 -0.027
item_ammo_pistol_ttt	-779.858826 2386.409912 -191.608032	-0.093 -0.020 -0.028
item_ammo_pistol_ttt	-788.126282 2388.157715 -191.600266	-0.086 -0.020 -0.026
item_ammo_pistol_ttt	-1036.444336 1044.883545 33.562813	-0.088 0.019 -0.178
item_ammo_pistol_ttt	-1044.355957 1044.325562 33.552338	-0.088 0.019 -0.178
item_ammo_pistol_ttt	-1051.655884 1043.980225 33.542149	-0.088 0.019 -0.178
item_ammo_pistol_ttt	-1058.107910 1044.825073 33.529560	-0.088 0.019 -0.178
item_ammo_pistol_ttt	-1111.533569 1046.896484 97.326149	-0.011 0.063 -0.057
item_ammo_pistol_ttt	-1117.734375 1048.659180 97.323235	-0.011 0.063 -0.057
item_ammo_pistol_ttt	-1124.698975 1043.244751 97.327271	-0.011 0.014 -0.057
item_ammo_pistol_ttt	-1131.051147 1048.928589 97.320450	-0.011 0.014 -0.057
item_ammo_pistol_ttt	-1153.324585 1048.878418 11.712345	-0.011 0.014 -0.057
item_ammo_pistol_ttt	-1144.962891 1048.499023 11.714292	-0.011 0.014 -0.057
item_ammo_pistol_ttt	-1135.766724 1050.649292 11.713891	-0.011 0.014 -0.057
item_ammo_pistol_ttt	-1127.938477 1050.512695 11.715486	-0.011 0.014 -0.057
item_ammo_pistol_ttt	-1460.709961 1044.996582 72.234444	-0.012 0.014 -0.064
item_ammo_pistol_ttt	-1468.036621 1044.343628 72.233612	-0.012 0.014 -0.064
item_ammo_pistol_ttt	-1476.223511 1042.719360 72.233681	-0.012 0.011 -0.064
item_ammo_pistol_ttt	-1483.662354 1042.436523 72.232407	-0.012 -0.003 -0.064
item_ammo_pistol_ttt	-1460.114258 1044.524780 11.707459	-0.012 0.014 -0.064
item_ammo_pistol_ttt	-1469.586182 1043.732788 11.706323	-0.012 0.014 -0.064
item_ammo_pistol_ttt	-1481.251221 1042.766113 11.704909	-0.012 0.024 -0.064
item_ammo_pistol_ttt	-1494.279419 1045.610962 11.698949	-0.012 0.014 -0.064
item_ammo_pistol_ttt	-1389.448853 1048.191650 11.798921	0.094 0.034 0.144
item_ammo_pistol_ttt	-1402.671265 1047.795044 11.819637	0.094 0.034 0.144
item_ammo_pistol_ttt	-1412.849854 1047.605957 11.835876	0.094 0.035 0.144
item_ammo_pistol_ttt	-1425.692139 1049.436157 11.861569	0.094 0.034 0.144
item_ammo_pistol_ttt	502.788879 573.266113 -762.614685	-0.099 -0.020 -0.030
item_ammo_pistol_ttt	495.609650 572.784424 -762.590332	-0.078 -0.020 -0.024
item_ammo_pistol_ttt	489.425232 573.483093 -762.598755	-0.085 -0.020 -0.026
item_ammo_pistol_ttt	481.007874 572.590942 -762.641357	-0.122 -0.019 -0.037
item_ammo_pistol_ttt	498.960236 710.612305 -762.647888	-0.128 -0.019 -0.039
item_ammo_pistol_ttt	492.950684 709.966553 -762.583557	-0.248 0.249 -0.337
item_ammo_pistol_ttt	486.462738 710.391357 -762.637207	-0.119 -0.019 -0.036
item_ammo_pistol_ttt	478.183044 710.588684 -762.625427	-0.108 -0.019 -0.033
item_ammo_pistol_ttt	278.624359 1897.693359 -895.593079	-0.080 -0.020 -0.024
item_ammo_pistol_ttt	293.199738 1897.824585 -895.564209	-0.055 -0.020 -0.017
item_ammo_pistol_ttt	417.740875 2109.471924 -749.561707	-0.134 -0.019 -0.041
item_ammo_pistol_ttt	398.357056 2109.928223 -749.513428	-0.092 -0.020 -0.028
item_ammo_pistol_ttt	-1040.772949 1681.687866 -31.623577	-0.107 -0.019 -0.032
item_ammo_pistol_ttt	-1051.615967 1683.634644 -31.611303	-0.096 -0.020 -0.029
item_ammo_pistol_ttt	-1062.460449 1682.819946 -31.631197	-0.114 -0.019 -0.034
item_ammo_pistol_ttt	-1071.733887 1683.602539 -31.631197	-0.114 -0.019 -0.034
weapon_ttt_g3sg1	291.562805 -1829.413208 137.020905	-0.493 -0.487 85.558
weapon_ttt_g3sg1	588.200012 95.939613 -813.676941	1.655 0.007 84.789
ttt_random_weapon	2139.620605 1654.299438 -1214.773438	1.575 4.917 -93.284
ttt_random_weapon	2188.453857 1654.375732 -1214.802124	1.899 4.926 -92.542
ttt_random_weapon	2240.390137 1654.836548 -1214.795776	1.827 4.928 -92.708
ttt_random_weapon	2282.949707 1646.458618 -1214.807129	1.955 4.927 -92.414
ttt_random_weapon	2279.883545 1623.786865 -1214.793213	1.798 4.928 -92.774
ttt_random_weapon	2226.320313 1626.470215 -1214.786865	1.727 4.926 -92.937
ttt_random_weapon	2176.787598 1624.864258 -1214.778564	1.633 4.921 -93.153
ttt_random_weapon	2131.024170 1627.117310 -1214.794434	1.812 4.927 -92.741
ttt_random_weapon	2002.882202 1750.978271 -1214.791382	1.777 4.927 -92.821
ttt_random_weapon	2060.633789 1753.248657 -1214.800659	1.882 4.925 -92.581
ttt_random_weapon	2068.232422 1724.011475 -1214.788452	1.745 4.926 -92.896
ttt_random_weapon	2009.274658 1724.521606 -1214.791382	1.777 4.927 -92.821
ttt_random_weapon	1973.368774 1366.516724 -1214.762695	1.453 4.906 -93.563
ttt_random_weapon	1931.148682 1362.326538 -1214.807983	1.967 4.048 -94.496
ttt_random_weapon	1871.462891 1361.515503 -1214.798462	1.858 4.927 -92.637
ttt_random_weapon	1969.284912 1384.315674 -1214.799194	1.866 4.928 -92.619
ttt_random_weapon	1932.523560 1380.859741 -1214.780640	1.656 4.922 -93.099
ttt_random_weapon	1878.809570 1383.408325 -1214.797119	1.842 4.926 -92.673
ttt_random_weapon	1514.039307 1291.078979 -1165.768433	1.793 4.710 -92.785
ttt_random_weapon	1554.833252 1292.039917 -1165.767822	1.786 4.709 -92.801
ttt_random_weapon	1552.266235 1272.807861 -1165.744629	1.524 4.679 -93.402
ttt_random_weapon	1516.363770 1271.132446 -1165.764404	1.747 4.706 -92.891
ttt_random_weapon	1380.730591 787.171753 -1142.791870	1.784 4.927 -92.806
ttt_random_weapon	1339.507080 786.517456 -1142.790771	1.771 4.926 -92.837
ttt_random_weapon	1291.840698 787.163391 -1142.779785	1.647 4.921 -93.121
ttt_random_weapon	1231.858643 785.708984 -1142.783813	1.692 4.924 -93.016
ttt_random_weapon	1190.187500 785.603943 -1142.800659	1.882 4.925 -92.581
ttt_random_weapon	1480.353882 1037.804688 -1198.765259	1.483 4.973 -93.495
ttt_random_weapon	1482.484985 1063.057861 -1198.777100	1.617 4.987 -93.189
ttt_random_weapon	1482.065796 1084.195435 -1198.782593	1.679 4.988 -93.047
ttt_random_weapon	1483.154053 1018.316162 -1198.782959	1.683 5.005 -93.038
ttt_random_weapon	1170.311157 1263.408325 -1198.780762	1.658 4.987 -93.094
ttt_random_weapon	1228.584473 1270.193726 -1198.771362	1.552 4.982 -93.336
ttt_random_weapon	1175.138672 1232.729614 -1198.767212	1.505 4.977 -93.445
ttt_random_weapon	1229.611694 1237.125732 -1198.773926	1.581 4.985 -93.272
ttt_random_weapon	2196.305176 726.645935 -1221.074463	-5.591 45.874 93.301
ttt_random_weapon	2155.610352 703.418091 -1222.145142	4.075 -12.849 91.114
ttt_random_weapon	2185.382324 764.616943 -1214.703979	3.800 -12.954 91.755
ttt_random_weapon	2202.446289 801.548584 -1210.196289	4.051 -12.855 91.169
ttt_random_weapon	2236.615234 803.083557 -1212.100464	-4.909 40.894 92.419
ttt_random_weapon	2212.744873 771.375610 -1215.340698	3.648 -13.004 92.110
ttt_random_weapon	2159.212646 732.443542 -1217.960083	3.793 -12.960 91.772
ttt_random_weapon	2183.734375 783.930054 -1211.693970	3.767 -12.312 91.697
ttt_random_weapon	2206.563721 821.603821 -1207.407837	3.900 -12.921 91.523
ttt_random_weapon	1944.609131 1139.787231 -1232.313721	2.544 2.853 -95.125
ttt_random_weapon	1952.652954 1099.947632 -1231.750610	2.418 7.363 -96.333
ttt_random_weapon	1957.842773 1015.608704 -1227.511841	1.933 3.494 -96.709
ttt_random_weapon	1958.183105 1053.718750 -1230.150024	1.692 3.539 -94.202
ttt_random_weapon	1033.618286 -402.720642 -792.780029	1.603 7.242 -93.167
ttt_random_weapon	1072.254028 -383.807465 -792.800110	1.876 4.780 -92.594
ttt_random_weapon	805.575317 -1857.677368 137.216980	1.684 4.985 -93.035
ttt_random_weapon	868.429138 -1858.215332 137.228012	1.559 4.984 -93.321
ttt_random_weapon	919.215454 -1857.416382 137.220108	1.649 4.988 -93.116
ttt_random_weapon	971.247742 -1859.040405 137.219238	1.658 4.987 -93.094
ttt_random_weapon	978.388306 -1898.764404 137.148346	2.236 2.086 -92.643
ttt_random_weapon	922.642883 -1900.144165 137.222137	1.625 4.988 -93.169
ttt_random_weapon	860.719482 -1902.596680 137.236938	1.458 4.970 -93.553
ttt_random_weapon	807.245544 -1905.336304 137.239578	1.428 4.964 -93.621
ttt_random_weapon	-1302.498413 1458.862915 1.212677	1.732 4.927 -92.924
ttt_random_weapon	-1303.830444 1434.619751 1.200867	1.865 4.929 -92.619
ttt_random_weapon	-1302.084229 1412.882935 1.228745	1.551 4.915 -93.340
ttt_random_weapon	-1302.461426 1386.509766 1.219000	1.661 4.923 -93.088
ttt_random_weapon	-1302.043823 1371.230713 1.193135	1.952 4.926 -92.420
ttt_random_weapon	-1302.352539 1356.615723 1.244265	1.375 4.898 -93.743
ttt_random_weapon	-1248.921021 1555.984741 -30.777514	1.621 4.376 -93.178
ttt_random_weapon	-1248.872314 1582.925903 -30.781498	1.667 3.650 -93.075
ttt_random_weapon	-1250.964844 1608.083862 -30.776545	1.611 4.920 -93.203
ttt_random_weapon	-1252.445679 1624.774780 -30.806040	1.943 4.925 -92.441
ttt_random_weapon	-1251.065918 1647.945557 -30.786791	1.726 4.926 -92.938
ttt_random_weapon	-1595.946167 1513.230713 -30.766005	1.491 4.910 -93.476
ttt_random_weapon	-1594.559326 1481.300293 -30.799854	1.874 4.930 -92.601
ttt_random_weapon	-1594.724731 1447.487427 -30.790108	1.764 4.928 -92.852
ttt_random_weapon	-1593.239502 1416.099609 -30.768799	1.523 4.913 -93.404
ttt_random_weapon	-1593.305176 1384.158447 -30.765585	1.486 4.910 -93.487
ttt_random_weapon	-1592.535767 1348.685425 -30.800587	1.882 4.926 -92.582
ttt_random_weapon	-1588.569092 1315.765381 -30.782349	1.676 4.924 -93.053
ttt_random_weapon	-1591.445068 1548.957153 -30.795687	1.827 4.929 -92.708
ttt_random_weapon	-1056.275391 1709.411011 -30.791883	1.784 4.928 -92.806
ttt_random_weapon	-1088.353149 1709.987427 -30.784742	1.703 4.926 -92.991
ttt_random_weapon	-1122.817017 1706.250244 -30.754110	1.310 5.308 -93.838
ttt_random_weapon	-1170.725586 1702.876587 -30.785751	1.715 4.926 -92.965
ttt_random_weapon	-1279.250610 1230.913330 57.200867	1.865 4.929 -92.619
ttt_random_weapon	-1274.286377 1249.419067 57.206886	1.798 4.929 -92.775
ttt_random_weapon	-1277.851440 1264.552124 57.218105	1.671 4.924 -93.065
ttt_random_weapon	-1315.159912 1231.317749 57.175064	1.115 4.100 -93.248
ttt_random_weapon	-1315.440186 1245.660767 57.206886	1.798 4.929 -92.775
ttt_random_weapon	-1315.208862 1259.894531 57.219868	1.651 4.923 -93.110
ttt_random_weapon	-1358.621948 1233.825195 57.217651	1.676 4.924 -93.053
ttt_random_weapon	-1361.048950 1247.643311 57.242050	1.400 4.633 -93.685
ttt_random_weapon	-1364.193726 1256.995850 57.236267	1.353 3.864 -93.664
ttt_random_weapon	-1408.656250 1232.219360 57.208717	1.777 4.928 -92.822
ttt_random_weapon	-1414.185425 1249.479980 57.197914	1.899 4.927 -92.543
ttt_random_weapon	-1415.267822 1268.347778 57.197914	1.899 4.927 -92.543
ttt_random_weapon	-1120.683716 569.878784 -126.757416	1.394 4.957 -93.699
ttt_random_weapon	-1167.797852 574.170349 -126.780327	1.653 4.989 -93.105
ttt_random_weapon	-1208.352905 575.141602 -126.786484	1.723 4.982 -92.945
ttt_random_weapon	-1244.076660 575.004883 -126.781647	1.668 4.987 -93.071
ttt_random_weapon	-1123.932251 545.098877 -126.778259	1.630 4.989 -93.159
ttt_random_weapon	-1166.321411 545.028381 -126.771385	1.552 4.983 -93.337
ttt_random_weapon	-1214.146118 545.153931 -126.773560	1.577 4.985 -93.280
ttt_random_weapon	-1252.660400 541.416321 -126.771385	1.552 4.983 -93.337
ttt_random_weapon	-549.643799 1127.447021 -366.776703	1.612 4.987 -93.199
ttt_random_weapon	-593.365295 1123.416260 -366.856262	1.715 2.475 -92.053
ttt_random_weapon	450.209198 538.353638 -761.801331	1.890 4.927 -92.563
ttt_random_weapon	446.754822 567.879333 -761.793091	1.798 4.929 -92.775
ttt_random_weapon	449.742126 620.699890 -761.767822	1.512 4.912 -93.429
ttt_random_weapon	444.953552 666.199280 -761.768311	1.517 4.913 -93.417
ttt_random_weapon	444.088898 720.608765 -761.780518	1.656 4.923 -93.099
ttt_random_weapon	447.393158 698.098450 -761.796326	1.834 4.930 -92.691
ttt_random_weapon	442.386200 595.979614 -761.772766	1.568 4.917 -93.301
ttt_random_weapon	451.824341 646.280090 -761.796997	1.842 4.927 -92.673
ttt_random_weapon	409.768860 701.162964 -761.774719	1.590 4.919 -93.249
ttt_random_weapon	407.658356 665.926208 -761.799866	1.874 4.930 -92.601
ttt_random_weapon	408.293365 628.616638 -761.796997	1.842 4.927 -92.673
ttt_random_weapon	407.031342 591.627319 -761.802856	1.907 4.928 -92.523
ttt_random_weapon	407.516724 554.128845 -761.801331	1.890 4.927 -92.563
ttt_random_weapon	177.060257 845.542542 -854.494568	-5.761 -11.195 90.011
ttt_random_weapon	175.880127 762.842590 -857.066895	0.863 9.139 -98.735
ttt_random_weapon	212.689880 1499.449829 -766.845215	1.901 4.440 -92.253
ttt_random_weapon	39.453728 1495.240845 -758.790100	1.764 4.928 -92.852
ttt_random_weapon	77.341499 1496.004639 -758.788391	1.745 4.927 -92.896
ttt_random_weapon	98.281761 1480.450195 -758.807678	1.962 4.927 -92.398
ttt_random_weapon	51.537193 1477.755981 -758.802795	1.907 4.928 -92.523
ttt_random_weapon	-1645.376221 1507.143433 -30.786791	1.726 4.926 -92.938
ttt_random_weapon	-1645.297974 1481.730103 -30.781443	1.666 4.923 -93.076
ttt_random_weapon	-1642.168823 1442.742432 -30.764593	1.475 4.909 -93.513
ttt_random_weapon	-1645.192993 1410.643066 -30.809422	1.981 4.921 -92.354
ttt_random_weapon	-1645.795776 1379.384888 -30.801331	1.890 4.927 -92.563
ttt_random_weapon	-1644.608398 1357.535767 -30.758863	1.410 4.902 -93.662
ttt_random_weapon	-1342.070190 1462.394897 1.202277	1.850 4.928 -92.656
ttt_random_weapon	-1342.511353 1436.879883 1.200391	1.772 4.443 -92.720
ttt_random_weapon	-1341.571533 1411.386353 1.216715	1.687 4.924 -93.029
ttt_random_weapon	-1340.540527 1385.147827 1.216715	1.687 4.924 -93.029
ttt_random_weapon	-1339.718628 1357.677246 1.228450	1.554 4.916 -93.332
ttt_random_weapon	457.896973 541.785278 -957.806335	1.946 4.720 -92.435
weapon_zm_sledge	904.936523 -564.785828 -726.355042	-11.978 -1.124 0.554
weapon_zm_sledge	-1677.126587 532.562683 -124.359406	-11.970 -1.288 0.461
weapon_ttt_smg	-1630.654053 -1765.466187 0.299633	1.698 7.917 89.915
weapon_ttt_smg	-803.904785 2372.156738 -191.685165	1.333 7.407 89.461
weapon_ttt_m16	1247.557983 355.071442 -1118.771362	1.545 -11.175 83.091
weapon_ttt_m16	292.111603 1871.298828 -894.771301	1.545 -11.175 83.091
weapon_ttt_tmp	-978.511780 -2245.965820 256.631439	-0.074 19.629 85.240
weapon_ttt_tmp	-1873.314819 -1234.787354 -47.392433	-0.500 14.335 85.390
weapon_ttt_tmp	1185.607788 1406.120605 -1199.361328	0.179 19.041 84.863
weapon_ttt_mp5	891.596497 -419.851318 -792.868164	1.039 -13.190 84.956
weapon_ttt_mp5	-2277.890137 594.205444 -126.823280	1.143 -13.282 84.923
weapon_ttt_galil	-1057.232910 -1762.837402 1.111805	-1.922 2.512 88.863
weapon_zm_molotov	1523.302246 371.458588 -1142.176147	-36.769 82.926 -88.737
weapon_zm_molotov	1525.174683 367.076752 -1142.305420	10.275 -110.167 -87.808
weapon_zm_molotov	564.916748 -2293.453613 296.218719	76.308 67.706 89.826
weapon_zm_molotov	560.813782 -2288.201172 296.785339	-49.187 84.759 81.505
weapon_zm_molotov	-969.332703 -1712.425171 292.475311	17.074 139.352 -87.114
weapon_zm_molotov	-963.334045 -1712.408447 292.264923	65.423 22.878 89.331
weapon_zm_molotov	-1942.833862 -1027.469604 -112.078339	-8.455 -38.454 102.980
weapon_zm_molotov	-1941.922363 -1021.638062 -110.891006	59.233 -21.488 115.962
weapon_zm_molotov	-270.735504 856.997192 -254.049515	-87.242 -122.953 -66.511
weapon_zm_molotov	-271.437103 859.873596 -254.277618	-0.491 -106.178 -89.151
weapon_zm_molotov	-500.256439 1215.507568 -327.555573	56.587 -117.971 -91.171
weapon_zm_molotov	-500.377991 1212.073730 -327.467407	13.369 -118.114 -87.521
weapon_zm_molotov	1244.705078 1445.090942 -1198.565918	65.931 97.551 88.845
weapon_zm_molotov	1243.100952 1448.306274 -1198.001343	-74.829 103.600 66.357
weapon_ttt_sg550	-300.577423 861.291382 -254.538498	2.072 14.343 85.537
weapon_zm_rifle	-811.878113 -1985.114014 259.343353	1.167 -2.603 -83.383
weapon_zm_rifle	-1473.594360 1695.745850 8.253126	0.972 -5.865 -83.659
weapon_zm_rifle	458.674835 2141.615967 -746.643616	0.971 -6.272 -84.855
weapon_ttt_glock	-2289.309814 -163.898987 -127.361000	1.226 26.945 89.492
weapon_ttt_glock	402.172485 2145.000244 -749.266235	1.341 26.937 89.377
weapon_zm_mac10	483.787811 1676.222412 -894.701965	-0.086 -40.370 -88.803
weapon_zm_pistol	-2277.178467 -357.806061 -127.408813	1.036 15.617 87.216
weapon_ttt_revolver	688.326599 1034.947266 -1118.028320	8.834 26.339 75.134
weapon_ttt_dual_elites	-352.683685 983.401672 -219.059860	1.803 0.197 0.503
weapon_ttt_confgrenade	1055.955688 -402.746185 -792.452881	-23.666 -102.869 -103.318
weapon_ttt_confgrenade	1079.629761 -401.811127 -792.452454	-22.111 -96.375 -103.704
weapon_ttt_confgrenade	-589.764404 -1415.396484 -284.880371	-38.365 -4.048 91.416
weapon_ttt_confgrenade	-556.859802 -1418.867065 -286.068726	-20.390 10.747 -109.463
weapon_ttt_confgrenade	-569.603333 -1436.505371 -284.631165	-38.574 6.878 -92.617
weapon_ttt_confgrenade	-547.011902 -1451.328247 -282.205872	-33.191 7.957 -105.315
weapon_ttt_confgrenade	-275.957489 778.294434 -254.257477	-35.807 111.984 90.598
weapon_ttt_confgrenade	-268.299133 798.313904 -254.286423	-36.291 112.042 90.456
weapon_ttt_confgrenade	419.891266 529.880249 -761.250732	-36.182 117.614 91.389
weapon_ttt_confgrenade	403.030396 528.314697 -761.273865	-36.795 117.422 91.720
weapon_ttt_confgrenade	417.424927 726.979797 -761.260315	-36.436 117.535 91.525
weapon_ttt_confgrenade	399.123840 722.260010 -761.271606	-36.735 117.442 91.687
weapon_ttt_confgrenade	315.389832 2070.039795 -734.256653	-36.502 118.872 91.141
weapon_ttt_confgrenade	335.648163 2073.918457 -734.248413	-36.260 118.908 91.071
weapon_zm_shotgun	1002.483887 -418.441925 -792.585266	-0.817 9.410 90.861
weapon_zm_shotgun	-1474.575806 1460.613770 38.195869	-0.487 9.411 84.281
weapon_zm_shotgun	-302.915619 817.204834 -254.732635	-0.433 9.070 84.215
weapon_zm_shotgun	473.958618 1407.872681 -974.729675	-0.303 8.761 83.909
weapon_ttt_famas	410.676483 -2266.181396 257.479675	1.201 13.583 82.368
weapon_ttt_famas	-985.004944 -2094.470459 257.479614	1.207 13.584 82.379
weapon_ttt_famas	881.396057 2090.852783 -922.341675	1.517 15.146 81.425
weapon_zm_revolver	1101.885864 -425.713440 -793.285889	2.123 26.943 87.467
weapon_zm_revolver	-23.819738 -2422.601074 24.736078	1.757 26.702 88.597
weapon_zm_revolver	994.139099 1627.458862 -1135.267212	1.784 26.688 88.474
weapon_ttt_aug	-1341.688354 -1271.853394 -132.668503	-2.196 8.176 87.203
weapon_ttt_aug	-145.572769 1000.517151 -742.350586	-0.978 -7.357 -81.802
weapon_ttt_aug	348.764893 1868.820435 -894.334167	-0.869 -7.373 -81.599
weapon_ttt_sg552	-353.131592 -1959.293091 -137.085083	-16.090 -37.574 -101.658
weapon_ttt_sg552	399.053925 1861.597534 -894.812622	-2.184 1.051 86.307
