# Trouble in Terrorist Town weapon/ammo placement overrides
# For map: ttt_community_pool
# Exported by: Julianofloss
setting:	replacespawns 1
ttt_random_weapon	-551.000000 210.000000 110.000000	0.000 0.000 0.000
ttt_random_weapon	-541.771973 104.119003 117.916000	0.000 0.000 0.000
ttt_random_weapon	-597.982971 81.210297 124.700996	0.000 0.000 0.000
ttt_random_weapon	-749.229980 152.460999 141.026993	0.000 0.000 0.000
ttt_random_weapon	-732.000000 778.000000 97.000000	0.000 89.500 0.000
ttt_random_weapon	-634.000000 929.000000 97.540199	0.000 0.000 0.000
ttt_random_weapon	468.000000 101.000000 96.778198	0.000 0.000 0.000
ttt_random_weapon	551.000000 160.000000 96.542603	0.000 0.000 0.000
ttt_random_weapon	-284.000000 91.000000 101.000000	0.000 0.000 0.000
ttt_random_weapon	-361.000000 157.000000 99.193604	0.000 0.000 0.000
ttt_random_weapon	684.388977 850.797974 77.372902	0.000 0.000 0.000
ttt_random_weapon	665.150024 806.848999 77.372902	0.000 0.000 0.000
ttt_random_weapon	941.072998 762.492981 77.372902	0.000 0.000 0.000
ttt_random_weapon	934.476013 863.682007 77.372902	0.000 0.000 0.000
ttt_random_weapon	944.377014 959.869995 77.372902	0.000 0.000 0.000
ttt_random_weapon	946.418030 1056.939941 77.372902	0.000 0.000 0.000
ttt_random_weapon	945.906006 1168.709961 77.372902	0.000 0.000 0.000
ttt_random_weapon	199.501999 2436.000000 78.000000	0.000 0.000 0.000
ttt_random_weapon	455.824005 2437.879883 77.372902	0.000 0.000 0.000
ttt_random_weapon	-59.563499 2438.610107 77.372902	0.000 0.000 0.000
ttt_random_weapon	-318.520996 2440.459961 77.372902	0.000 0.000 0.000
ttt_random_weapon	-532.931030 2433.070068 77.372902	0.000 0.000 0.000
ttt_random_weapon	-820.953003 2429.530029 77.372902	0.000 0.000 0.000
ttt_random_weapon	-84.726402 2199.239990 104.373001	0.000 0.000 0.000
ttt_random_weapon	-868.434021 2141.030029 77.372902	0.000 0.000 0.000
ttt_random_weapon	-851.825989 1520.910034 77.372902	0.000 0.000 0.000
ttt_random_weapon	-659.247986 1159.599976 77.372902	0.000 0.000 0.000
ttt_random_weapon	-239.929993 1168.390015 77.372902	0.000 0.000 0.000
ttt_random_weapon	293.421997 1179.569946 77.372902	0.000 0.000 0.000
ttt_random_weapon	687.460999 1354.319946 77.372902	0.000 0.000 0.000
ttt_random_weapon	651.276978 2120.159912 77.372902	0.000 0.000 0.000
ttt_random_weapon	-1216.329956 1143.699951 77.372902	0.000 0.000 0.000
ttt_random_weapon	-1228.670044 1070.979980 77.372902	0.000 0.000 0.000
ttt_random_weapon	-1248.689941 961.344971 77.372902	0.000 0.000 0.000
ttt_random_weapon	-1223.520020 857.823975 77.372902	0.000 0.000 0.000
ttt_random_weapon	-1222.030029 768.742004 77.372902	0.000 0.000 0.000
ttt_random_weapon	-1233.680054 1284.449951 77.372902	0.000 0.000 0.000
ttt_random_weapon	-1233.569946 1625.449951 77.372902	0.000 0.000 0.000
ttt_random_weapon	-1242.880005 1475.689941 77.372902	0.000 0.000 0.000
ttt_random_weapon	366.000000 831.000000 109.671997	0.000 0.000 0.000
ttt_random_weapon	-278.572998 755.911011 77.372902	0.000 0.000 0.000
ttt_random_weapon	-175.520004 749.896973 77.372902	0.000 0.000 0.000
ttt_random_weapon	-400.734009 746.143982 77.372902	0.000 0.000 0.000
ttt_random_weapon	-209.248001 920.541016 77.372902	0.000 0.000 0.000
ttt_random_weapon	-344.802002 939.366028 77.372902	0.000 0.000 0.000
ttt_random_weapon	-73.143089 738.221802 77.402855	0.000 -30.316 0.000
ttt_random_weapon	10.920300 1041.750000 77.372902	0.000 0.000 0.000
ttt_random_weapon	254.000000 2137.000000 -488.580994	0.000 0.000 0.000
ttt_random_weapon	106.778000 2037.680054 -461.615997	0.000 0.000 0.000
ttt_random_weapon	112.866997 1949.560059 -461.615997	0.000 0.000 0.000
ttt_random_weapon	196.520996 1864.579956 -461.615997	0.000 0.000 0.000
ttt_random_weapon	271.898987 1898.079956 -461.615997	0.000 0.000 0.000
ttt_random_weapon	189.996994 1939.540039 -461.615997	0.000 0.000 0.000
ttt_random_weapon	195.664993 2034.560059 -481.441986	0.000 0.000 0.000
ttt_random_weapon	208.617996 2083.300049 -509.493988	0.000 0.000 0.000
ttt_random_weapon	263.303009 2088.649902 -462.817993	0.000 0.000 0.000
ttt_random_weapon	32.895000 1662.180054 -566.627014	0.000 0.000 0.000
ttt_random_weapon	-245.306000 1645.849976 -566.627014	0.000 0.000 0.000
ttt_random_weapon	-284.790985 1412.689941 -566.627014	0.000 0.000 0.000
ttt_random_weapon	-40.695900 1353.989990 -566.627014	0.000 0.000 0.000
ttt_random_weapon	607.180054 833.963318 69.242691	1.393 4.750 -93.702
ttt_random_weapon	583.500977 874.881531 69.241020	1.412 4.753 -93.658
ttt_random_weapon	704.401001 130.015915 69.241127	1.410 4.753 -93.661
ttt_random_weapon	642.584656 132.849503 69.248032	1.332 4.858 -93.841
ttt_random_weapon	-659.260559 845.936035 69.242081	1.399 4.752 -93.686
ttt_random_weapon	-586.424927 833.116089 69.241219	1.409 4.753 -93.664
ttt_random_weapon	-72.581345 999.727661 69.242599	1.394 4.750 -93.700
ttt_random_weapon	-75.222900 1067.010376 69.241898	1.402 4.752 -93.681
ttt_random_weapon	288.463043 758.638184 69.243706	1.381 4.744 -93.728
ttt_random_weapon	401.945496 772.140747 69.248268	1.289 5.312 -93.954
ttt_random_weapon	399.801178 731.526794 69.242996	1.389 4.748 -93.710
ttt_random_weapon	398.118744 944.852478 69.243286	1.386 4.748 -93.718
ttt_random_weapon	398.062164 900.515747 69.240112	1.422 4.752 -93.635
ttt_random_weapon	237.831100 932.181519 69.244583	1.371 4.739 -93.751
ttt_random_weapon	461.273651 161.553574 93.840668	1.455 10.986 -93.834
ttt_random_weapon	-619.591980 252.070038 109.213898	1.470 4.838 -93.582
ttt_random_weapon	-676.792725 252.346283 109.227333	1.332 8.273 -93.841
ttt_random_weapon	1127.056885 1683.729736 69.243935	1.378 4.744 -93.734
ttt_random_weapon	1170.550781 1679.813232 69.240654	1.416 4.753 -93.649
ttt_random_weapon	1190.215698 1607.501221 69.242409	1.396 4.751 -93.695
ttt_random_weapon	1185.823975 1555.949097 69.242577	1.394 4.749 -93.699
ttt_random_weapon	1182.030396 1520.280518 69.243271	1.386 4.747 -93.717
ttt_random_weapon	350.133087 90.608521 69.244965	1.367 4.737 -93.761
ttt_random_weapon	270.964661 93.603569 69.241020	1.411 4.753 -93.659
ttt_random_weapon	194.038162 92.373680 69.243294	1.386 4.748 -93.718
ttt_random_weapon	-617.086121 138.947159 69.243660	1.382 4.746 -93.727
ttt_random_weapon	-678.724243 143.262268 69.242363	1.396 4.751 -93.693
ttt_random_weapon	-722.694946 661.710083 69.244827	1.368 4.737 -93.758
ttt_random_weapon	-723.838562 707.649536 69.243958	1.378 4.744 -93.735
ttt_random_weapon	-1153.615356 439.197662 69.242859	1.391 4.750 -93.706
ttt_random_weapon	-1013.365173 1677.599365 69.241692	1.404 4.752 -93.676
ttt_random_weapon	-1014.744690 1621.022217 69.241295	1.408 4.753 -93.666
ttt_random_weapon	-1017.727295 1554.667114 69.242577	1.394 4.749 -93.699
ttt_random_weapon	-1017.930664 1479.664917 69.240433	1.418 4.751 -93.643
ttt_random_weapon	-635.609924 2417.657471 69.241318	1.408 4.753 -93.666
ttt_random_weapon	-716.370728 2422.703125 69.216240	1.389 4.883 -93.363
ttt_random_weapon	-771.579102 2433.382568 69.242744	1.392 4.749 -93.703
ttt_random_weapon	281.527222 2425.598633 69.244118	1.376 4.742 -93.739
ttt_random_weapon	352.405792 2427.961914 69.242348	1.396 4.751 -93.693
ttt_random_weapon	82.353394 2440.938232 69.244560	1.371 4.738 -93.751
ttt_random_weapon	-213.545334 2434.775879 69.246185	1.353 4.725 -93.793
ttt_random_weapon	0.052215 2430.305908 69.245171	1.364 4.734 -93.767
ttt_random_weapon	630.619202 2326.503906 69.243340	1.385 4.746 -93.719
ttt_random_weapon	634.816345 2271.347412 69.244286	1.374 4.740 -93.744
ttt_random_weapon	646.987915 2192.621094 69.242325	1.397 4.751 -93.693
ttt_random_weapon	560.535950 2463.732178 69.240364	1.419 4.752 -93.641
ttt_random_weapon	661.750427 1792.236572 69.241692	1.404 4.752 -93.676
ttt_random_weapon	650.200745 1603.220581 69.242149	1.399 4.751 -93.688
ttt_random_weapon	661.961670 1465.163818 69.242661	1.393 4.749 -93.701
ttt_random_weapon	580.561340 1178.067749 69.242439	1.395 4.751 -93.695
ttt_random_weapon	473.144897 1185.772949 69.242691	1.393 4.750 -93.702
ttt_random_weapon	378.240967 1191.768799 69.241989	1.400 4.752 -93.684
ttt_random_weapon	1186.885132 1434.395142 69.239601	1.428 4.749 -93.621
ttt_random_weapon	735.200745 549.743469 69.243591	1.382 4.746 -93.725
ttt_random_weapon	594.858704 128.753265 69.246162	1.353 4.726 -93.793
ttt_random_weapon	346.662537 602.854065 69.242104	1.399 4.752 -93.687
ttt_random_weapon	440.808624 610.714233 69.243004	1.389 4.748 -93.710
ttt_random_weapon	-718.381042 292.330353 69.242432	1.395 4.751 -93.695
ttt_random_weapon	-713.827698 325.341644 69.241638	1.405 4.753 -93.675
ttt_random_weapon	-631.757263 283.946838 69.240685	1.415 4.753 -93.650
ttt_random_weapon	-562.034668 291.646027 69.242424	1.396 4.751 -93.695
ttt_random_weapon	-376.188995 2225.795410 -275.272308	-1.801 -3.097 84.835
ttt_random_weapon	-679.110840 1652.840942 -275.260681	-1.937 -4.389 85.144
ttt_random_weapon	488.372314 1696.638794 -275.310760	-1.585 0.267 85.192
ttt_random_weapon	84.312851 2229.311279 -274.246216	-4.515 -0.424 -4.948
ttt_random_weapon	-328.727386 1728.568481 -275.788177	1.742 5.422 -92.902
ttt_random_weapon	166.888428 1819.007568 -275.779572	1.644 5.438 -93.125
ttt_random_weapon	353.745178 1011.143311 -574.782532	1.677 4.181 -93.050
ttt_random_weapon	300.164490 1009.185974 -574.765991	1.490 4.153 -93.479
ttt_random_weapon	241.204056 1011.553467 -574.792847	1.795 4.196 -92.782
ttt_random_weapon	111.777351 1179.994263 -574.788757	1.748 4.191 -92.888
ttt_random_weapon	40.444107 1190.326050 -574.792236	1.788 4.195 -92.797
ttt_random_weapon	-22.718878 1188.388794 -574.803284	1.912 4.209 -92.511
ttt_random_weapon	-67.186913 1193.636230 -574.780884	1.659 4.179 -93.093
ttt_random_weapon	-159.538681 1188.709351 -574.767151	1.503 4.155 -93.450
ttt_random_weapon	-217.737625 1185.961426 -574.787598	1.736 4.190 -92.916
ttt_random_weapon	-266.906342 1177.581665 -574.796814	1.838 4.203 -92.681
ttt_random_weapon	-328.354736 1179.224243 -574.783936	1.694 4.182 -93.013
ttt_random_weapon	-436.202911 2130.040039 -574.783569	1.689 4.183 -93.023
ttt_random_weapon	-6.924029 2124.020508 -574.800232	1.878 4.208 -92.591
ttt_random_weapon	-1444.917969 1431.975098 -574.756897	1.388 4.133 -93.713
ttt_random_weapon	-1437.339478 1504.116577 -574.780762	1.658 4.180 -93.094
ttt_random_weapon	-1439.623535 1571.530762 -574.765991	1.490 4.154 -93.479
ttt_random_weapon	-928.823242 1556.297241 -574.774658	1.588 4.170 -93.254
ttt_random_weapon	-927.305237 1496.214233 -574.793396	1.801 4.198 -92.767
ttt_random_weapon	-912.833923 1684.296265 -574.771606	1.417 4.496 -93.692
ttt_random_weapon	-925.262512 1767.488892 -574.790955	1.773 4.195 -92.830
ttt_random_weapon	-928.393677 1845.669189 -574.773987	1.580 4.168 -93.272
ttt_random_weapon	-988.015015 1880.453491 -574.799500	1.869 4.205 -92.610
ttt_random_weapon	-1070.148682 1890.694336 -574.764099	1.470 4.149 -93.525
ttt_random_weapon	-1202.962280 1881.182617 -574.791626	1.780 4.195 -92.815
ttt_random_weapon	-1127.612305 1442.552246 -574.787598	1.735 4.190 -92.918
ttt_random_weapon	-1194.142456 1445.524170 -574.799500	1.869 4.205 -92.610
ttt_random_weapon	367.177856 1118.323853 -574.760193	1.423 4.932 -93.633
ttt_random_weapon	366.030884 1063.732666 -574.789734	1.759 4.190 -92.863
ttt_random_weapon	-357.817657 722.555847 69.241615	1.405 4.753 -93.674
ttt_random_weapon	748.925049 171.272476 69.243500	1.383 4.746 -93.723
ttt_random_weapon	727.927979 662.374207 69.239632	1.428 4.749 -93.622
ttt_random_weapon	-855.903992 2431.777100 69.243813	1.380 4.744 -93.731
ttt_random_weapon	1064.456177 1870.073853 69.240196	1.421 4.751 -93.637
ttt_random_weapon	1013.579712 1785.260010 69.241180	1.410 4.753 -93.663
ttt_random_weapon	932.164063 1673.002930 69.243935	1.378 4.744 -93.734
ttt_random_weapon	932.634094 1572.937256 69.242401	1.396 4.751 -93.695
ttt_random_weapon	945.173706 1461.220581 69.242241	1.398 4.751 -93.690
ttt_random_weapon	-597.452454 1714.678955 -574.792786	1.794 4.196 -92.783
ttt_random_weapon	-596.803101 1791.029541 -574.779968	1.649 4.177 -93.116
ttt_random_weapon	-601.950500 1860.001831 -574.796753	1.838 4.203 -92.682
ttt_random_weapon	-176.145523 -1441.496948 69.215637	1.699 4.188 -93.001
ttt_random_weapon	171.889496 -1481.366699 69.210793	1.754 4.059 -92.876
ttt_random_weapon	117.839775 -1480.686523 69.210907	1.752 4.196 -92.878
ttt_random_weapon	78.978508 -1478.516113 69.207375	1.792 4.200 -92.787
ttt_random_weapon	38.343792 -1468.357300 69.236107	1.467 4.153 -93.531
ttt_random_weapon	-5.431596 -1467.151367 69.206749	1.799 4.203 -92.771
ttt_random_weapon	-57.478786 -1465.725952 69.216576	1.688 4.187 -93.025
ttt_random_weapon	-104.485741 -1452.650391 69.220604	1.643 4.181 -93.129
ttt_random_weapon	-167.398865 -1315.353394 69.193771	1.946 4.218 -92.433
ttt_random_weapon	-170.563248 -1248.009521 69.206581	1.801 4.199 -92.767
ttt_random_weapon	-173.128860 -1187.255859 69.213486	1.723 4.188 -92.945
ttt_random_weapon	-176.747147 -1092.724121 69.202614	1.846 4.204 -92.664
ttt_random_weapon	-172.485306 -988.186951 69.207809	1.787 4.196 -92.798
ttt_random_weapon	-175.300476 -940.368286 69.216484	1.689 4.184 -93.023
ttt_random_weapon	-169.555023 -877.418945 69.224976	1.593 4.165 -93.242
ttt_random_weapon	-171.131897 -796.835327 69.230286	1.533 4.161 -93.380
ttt_random_weapon	-175.082611 -738.675659 69.210747	1.754 4.192 -92.874
ttt_random_weapon	-181.620316 -665.872925 69.207443	1.643 4.980 -92.959
ttt_random_weapon	177.275711 -451.343384 69.202690	1.845 4.205 -92.666
ttt_random_weapon	174.657288 -384.436523 69.199127	1.885 4.210 -92.574
ttt_random_weapon	176.716827 -311.575073 69.208504	1.779 4.197 -92.816
ttt_random_weapon	176.273636 -254.547638 69.206070	1.807 4.202 -92.753
ttt_random_weapon	175.434387 -195.125244 69.204117	1.829 4.203 -92.703
ttt_random_weapon	181.072693 -136.050400 69.188126	2.009 -1.125 -92.291
ttt_random_weapon	166.829697 -9.438866 69.214073	1.717 4.190 -92.960
ttt_random_weapon	-174.483688 -31.364204 69.203995	1.830 4.067 -92.700
ttt_random_weapon	-172.541290 -101.511337 69.232315	1.510 4.023 -93.433
ttt_random_weapon	-172.644852 -170.437805 69.209137	1.772 4.198 -92.833
ttt_random_weapon	-167.959183 -331.543152 69.199860	1.877 4.210 -92.593
ttt_random_weapon	-169.005432 -426.673187 69.217461	1.678 4.185 -93.048
ttt_random_weapon	-163.763672 -505.405487 69.220535	1.643 4.179 -93.128
ttt_random_weapon	-166.936218 -277.031494 69.206696	1.800 4.201 -92.770
ttt_random_weapon	171.412247 -1006.084290 69.224007	1.604 4.172 -93.218
ttt_random_weapon	167.066971 -801.972473 69.215515	1.700 4.185 -92.998
ttt_random_weapon	172.595551 -893.241272 69.225761	1.584 4.169 -93.263
ttt_random_weapon	167.014297 -674.589539 69.201385	1.740 4.165 -92.769
ttt_random_weapon	169.680649 -735.991760 69.223274	1.613 4.174 -93.198
ttt_random_weapon	151.313644 -564.345154 69.210808	1.753 4.194 -92.876
ttt_random_weapon	159.124863 -608.021240 69.201996	1.853 4.206 -92.648
ttt_random_weapon	140.219269 -525.238831 69.206017	1.807 4.201 -92.752
ttt_random_weapon	1059.887085 454.312439 69.244598	1.371 4.739 -93.751
ttt_random_weapon	-187.863159 115.703583 69.242172	1.398 4.751 -93.689
weapon_ttt_sg550	1191.125244 1373.245850 69.613632	0.275 -13.790 -90.189
weapon_ttt_sg550	1191.239990 1303.966431 69.607498	0.253 -14.064 -90.158
weapon_ttt_m16	-1259.109985 746.299622 68.864853	2.110 -5.595 83.893
weapon_ttt_m16	-981.667969 780.746338 68.868393	2.066 -5.606 83.858
weapon_ttt_m16	-984.206299 736.566223 69.025330	-0.075 -9.639 82.288
weapon_ttt_m16	-930.982056 1431.897217 -575.142334	2.200 -5.788 83.964
weapon_ttt_m16	-1005.875854 1427.412964 -575.145203	2.236 -5.792 83.993
weapon_ttt_m16	155.080017 -70.260078 72.726563	1.952 0.478 111.834
weapon_ttt_m16	150.528076 -43.230751 68.965057	2.125 -6.691 84.693
weapon_ttt_galil	1192.634277 1098.307739 68.670609	1.303 -2.984 87.227
weapon_ttt_knife	1589.000000 2891.000000 2093.000000	0.000 90.000 0.000
item_ammo_pistol_ttt	-1250.449341 752.871643 68.352112	-0.128 -0.019 -0.039
item_ammo_pistol_ttt	-1266.872070 757.389648 68.364807	-0.117 -0.019 -0.035
item_ammo_pistol_ttt	-975.412415 713.938477 68.340599	-0.138 -0.019 -0.042
item_ammo_pistol_ttt	-1001.000671 722.378845 70.170059	-8.389 0.911 8.758
item_ammo_pistol_ttt	-978.503967 759.827271 68.365929	-0.188 -0.006 -0.155
item_ammo_pistol_ttt	-993.153137 758.261902 68.396698	-0.089 -0.020 -0.027
item_ammo_pistol_ttt	1193.027954 1229.050293 68.399734	-0.086 -0.020 -0.026
item_ammo_pistol_ttt	-969.934631 1425.520142 -575.654724	-0.134 -0.019 -0.040
item_ammo_pistol_ttt	-969.047119 1451.052734 -575.631226	-0.113 -0.019 -0.034
item_ammo_pistol_ttt	176.224899 -1398.063232 68.342972	-0.136 -0.019 -0.041
item_ammo_pistol_ttt	164.396606 -89.256592 68.774414	7.304 -0.427 -0.058
item_ammo_pistol_ttt	136.807129 -91.592583 68.404121	-0.083 -0.020 -0.025
item_ammo_pistol_ttt	174.255020 -46.762009 68.406937	-0.080 -0.020 -0.024
weapon_ttt_confgrenade	-1466.656372 1470.039429 -573.811829	-37.160 -48.360 -92.219
weapon_ttt_confgrenade	-1438.676758 1472.032837 -573.866211	-36.330 -49.214 -90.902
weapon_ttt_confgrenade	-1424.393555 1473.890503 -573.869202	-36.283 -49.745 -90.830
weapon_ttt_confgrenade	-1463.029663 1491.485107 -573.794006	-37.433 -48.057 -92.663
weapon_ttt_confgrenade	-1440.301025 1489.970947 -573.867004	-36.317 -49.713 -90.883
weapon_ttt_confgrenade	-1426.613159 1488.936157 -573.890625	-35.956 -49.556 -90.326
weapon_ttt_confgrenade	-638.105896 1250.990601 -510.828278	-36.684 -54.994 -91.418
weapon_ttt_confgrenade	-632.585571 1313.891724 -511.097961	-35.919 -46.738 -86.030
weapon_ttt_famas	1199.109253 999.813171 69.263924	-0.144 17.334 90.608
weapon_ttt_aug	1196.293091 911.031860 68.499931	0.135 9.602 86.541
weapon_ttt_ak47	920.752197 1173.339844 68.930077	0.097 11.267 -88.636
weapon_ttt_ak47	966.250610 1292.975220 68.885605	-0.037 11.141 -87.704
weapon_ttt_ak47	954.262268 1361.307007 68.875084	-0.051 11.140 -87.625
weapon_ttt_ak47	-556.338074 1190.284546 -575.119812	0.149 11.844 -87.435
weapon_ttt_ak47	-479.146027 1181.238159 -575.114624	0.142 11.844 -87.490
weapon_ttt_smokegrenade	-1387.914795 1811.625366 -465.407013	-0.420 -0.751 -0.293
weapon_ttt_smokegrenade	-1426.945923 1799.395752 -465.287964	-0.399 -1.245 -0.528
weapon_ttt_smokegrenade	-1419.938599 1841.733765 -465.321655	-1.149 -1.168 -1.533
weapon_ttt_smokegrenade	-1382.434570 1837.479126 -465.299744	-0.661 -1.235 -0.878
weapon_ttt_smokegrenade	-633.958618 1198.133545 -512.816650	-0.634 -1.723 -0.964
ttt_playerspawn	114.762001 -1311.586670 72.299149	1.598 27.115 -1.658
ttt_playerspawn	-21.828440 -1345.548584 72.613998	0.087 -21.035 -0.077
ttt_playerspawn	-68.724518 -1194.468140 72.588181	-0.071 -0.118 0.070
ttt_playerspawn	-141.783997 -921.849854 77.069649	-0.071 0.089 0.070
ttt_playerspawn	61.978985 -908.306702 73.495216	-0.091 1.744 0.091
ttt_playerspawn	-15.015666 -717.592834 81.133316	-0.080 0.520 0.080
ttt_playerspawn	-19.083107 -1045.107422 74.393959	-0.082 -0.490 0.082
ttt_playerspawn	100.552574 -1044.236328 71.459129	-0.070 0.148 0.069
ttt_playerspawn	-113.586693 -625.840210 74.171623	-0.081 -0.006 0.085
ttt_playerspawn	93.887962 -626.066101 75.749901	-0.083 1.246 0.083
ttt_playerspawn	-278.373322 274.727539 72.041695	-0.071 6.381 0.071
ttt_playerspawn	-643.682617 759.442993 73.691154	-0.073 -0.513 0.073
ttt_playerspawn	472.756531 439.493927 80.346039	-0.063 0.474 0.063
ttt_playerspawn	-460.857941 496.004883 77.455246	-0.061 -2.988 0.085
ttt_playerspawn	256.325775 167.913788 73.570107	-0.064 -1.050 0.064
ttt_playerspawn	100.143745 427.869019 74.721428	-0.064 5.524 0.064
ttt_playerspawn	-193.606400 409.918488 70.628883	-0.071 2.295 0.071
ttt_playerspawn	151.889450 262.978577 68.487534	0.011 -23.286 -0.020
ttt_playerspawn	314.258850 497.804382 74.504410	-0.061 -3.350 0.061
ttt_playerspawn	431.075348 297.844177 73.665619	-0.067 -1.618 0.067
ttt_playerspawn	-1150.302124 1889.594849 77.772942	-0.057 -6.051 0.057
ttt_playerspawn	-1071.985107 1370.978760 68.577278	0.001 0.562 0.073
ttt_playerspawn	-1014.891785 1027.048950 79.345169	-0.054 -1.106 0.054
ttt_playerspawn	-1067.540527 819.703674 81.050819	-0.057 -0.077 0.057
ttt_playerspawn	-357.762695 393.685028 76.590752	-0.056 7.483 0.056
ttt_playerspawn	-15.804218 -359.876190 74.281845	-0.064 -1.005 0.064
ttt_playerspawn	307.009064 857.812195 73.367355	-0.064 0.482 0.034
ttt_playerspawn	-1169.603638 1336.904663 72.209457	-0.062 -5.761 0.062
ttt_playerspawn	609.290283 712.502991 74.496078	-0.053 -2.598 0.053
ttt_playerspawn	-763.914185 2385.211670 78.691124	0.061 0.447 0.061
ttt_playerspawn	638.165039 2398.067383 74.612747	0.071 1.682 0.071
ttt_playerspawn	626.147095 1233.851807 81.480995	-0.060 1.939 0.060
ttt_playerspawn	176.479233 1234.968628 75.609825	-0.063 0.110 0.063
ttt_playerspawn	-831.885010 1223.686523 75.899666	-0.056 6.851 0.056
ttt_playerspawn	142.947525 2397.559082 76.407135	-0.068 6.281 0.068
ttt_playerspawn	652.517639 1657.855469 74.092827	-0.065 0.284 0.065
weapon_zm_mac10	-984.716187 821.085632 69.201637	-0.136 -47.522 -88.257
weapon_zm_mac10	-174.356491 -1349.887573 69.272881	-0.055 -50.680 -88.941
weapon_ttt_smg	1189.724976 1241.896973 73.627480	4.784 0.498 3.523
weapon_zm_molotov	1200.589722 1145.404785 68.174606	-1.789 -1.407 -1.290
weapon_zm_molotov	-900.909912 1906.231079 -573.951599	-69.155 38.167 -89.947
weapon_zm_molotov	-901.945801 1877.638306 -575.849365	-1.697 -1.374 -1.726
weapon_zm_molotov	-899.846252 1803.959839 -574.358032	19.065 59.328 -90.352
weapon_zm_molotov	-636.138611 1156.810669 -512.822693	-1.253 -1.567 -2.249
weapon_zm_molotov	-631.832947 1274.754150 -510.963196	-28.544 -151.897 87.685
item_ammo_357_ttt	-870.928589 2232.721191 68.323868	0.448 0.068 0.059
item_ammo_357_ttt	-846.036316 2232.802734 68.326065	0.449 0.021 0.058
item_ammo_357_ttt	-869.679871 2289.953125 68.321640	0.448 0.067 0.060
item_ammo_357_ttt	-840.809021 2286.627930 68.372925	0.458 0.056 0.039
item_ammo_357_ttt	1201.529419 1353.808716 68.321640	0.448 0.067 0.060
item_ammo_357_ttt	1177.422852 1358.638550 68.394981	0.463 0.054 0.030
item_ammo_357_ttt	1196.336792 1325.851563 68.360405	0.456 0.040 0.044
item_ammo_357_ttt	1180.272949 1325.610962 68.346291	0.453 0.060 0.050
item_ammo_smg1_ttt	918.831726 1151.926270 68.456635	0.839 0.337 0.809
item_ammo_smg1_ttt	940.839233 1143.701294 68.512383	-0.288 0.012 -0.247
item_ammo_smg1_ttt	948.549805 1323.168213 68.426506	0.598 -0.003 0.389
item_ammo_smg1_ttt	969.637451 1323.736572 68.413506	0.296 -0.005 0.187
item_ammo_smg1_ttt	948.870911 1389.349121 68.428566	0.671 -0.003 0.438
item_ammo_smg1_ttt	967.835388 1388.353394 68.404160	0.189 -0.005 0.115
item_ammo_smg1_ttt	-978.845947 803.860474 68.507103	-0.482 0.011 -0.379
item_ammo_smg1_ttt	1202.903564 931.927917 68.507080	-0.482 0.011 -0.378
item_ammo_smg1_ttt	1177.035034 933.649780 68.399284	0.152 -0.005 0.090
item_ammo_smg1_ttt	1200.441284 1012.731934 68.514244	-0.283 0.012 -0.242
item_ammo_smg1_ttt	1184.175415 1015.903748 68.498390	-0.867 -0.013 -0.648
item_ammo_smg1_ttt	1201.980103 1079.482666 69.288406	0.065 0.419 5.890
item_ammo_smg1_ttt	1185.001831 1073.253662 68.525650	-0.198 0.016 -0.172
item_ammo_smg1_ttt	1199.079712 1195.117065 68.399284	0.151 -0.005 0.090
item_ammo_smg1_ttt	1180.366699 1196.270142 68.424423	0.534 -0.004 0.347
item_ammo_smg1_ttt	-573.122681 1168.236572 -575.496887	-0.803 0.013 -0.601
item_ammo_smg1_ttt	-545.898376 1172.669556 -575.518066	-0.082 -0.002 -0.173
item_ammo_smg1_ttt	-416.150543 1162.169800 -575.481384	-0.793 0.203 -0.222
item_ammo_smg1_ttt	-418.241150 1181.998413 -575.567383	0.837 -0.001 0.549
item_ammo_smg1_ttt	-177.028534 -1370.581421 68.411217	0.268 -0.005 0.168
item_ammo_smg1_ttt	-159.001205 -1374.422241 68.426506	0.595 -0.003 0.387
weapon_ttt_glock	1202.915283 1118.025757 69.110306	-0.648 25.417 91.266
weapon_ttt_glock	170.039658 -1416.874268 69.112358	-0.798 25.818 91.530
ttt_random_ammo	-582.000000 208.000000 79.000000	0.000 0.000 0.000
ttt_random_ammo	-666.000000 220.000000 80.000000	0.000 0.000 0.000
ttt_random_ammo	-697.000000 205.000000 83.000000	0.000 0.000 0.000
ttt_random_ammo	-610.000000 214.000000 79.000000	0.000 0.000 0.000
ttt_random_ammo	-565.000000 114.000000 81.000000	0.000 0.000 0.000
ttt_random_ammo	-291.075989 160.850006 92.645699	0.000 0.000 0.000
ttt_random_ammo	-270.000000 148.000000 92.645699	0.000 0.000 0.000
ttt_random_ammo	-736.822021 859.484009 68.000603	0.000 0.000 0.000
ttt_random_ammo	-707.140991 932.896973 68.000603	0.000 0.000 0.000
ttt_random_ammo	-711.799011 891.979980 68.000603	0.000 0.000 0.000
ttt_random_ammo	-564.284973 939.051025 68.000603	0.000 0.000 0.000
ttt_random_ammo	-523.931030 907.331970 68.000603	0.000 0.000 0.000
ttt_random_ammo	-557.875000 919.382019 68.000603	0.000 0.000 0.000
ttt_random_ammo	-130.848999 629.333008 68.000603	0.000 0.000 0.000
ttt_random_ammo	65.878601 634.041016 68.000603	0.000 0.000 0.000
ttt_random_ammo	406.596008 631.669006 68.000603	0.000 0.000 0.000
ttt_random_ammo	476.282013 153.945007 89.395699	0.000 0.000 0.000
ttt_random_ammo	452.213013 172.677994 89.395699	0.000 0.000 0.000
ttt_random_ammo	739.900024 212.987000 68.000603	0.000 0.000 0.000
ttt_random_ammo	740.000000 250.000000 98.119797	0.000 0.000 0.000
ttt_random_ammo	749.991028 325.010986 68.000603	0.000 0.000 0.000
ttt_random_ammo	740.205017 905.302979 68.000603	0.000 0.000 0.000
ttt_random_ammo	747.791016 695.252991 68.000603	0.000 0.000 0.000
ttt_random_ammo	594.718018 939.177002 68.000603	0.000 0.000 0.000
ttt_random_ammo	632.052002 873.232971 68.000603	0.000 0.000 0.000
ttt_random_ammo	699.195984 922.966003 68.000603	0.000 0.000 0.000
ttt_random_ammo	944.648010 1267.880005 77.372902	0.000 0.000 0.000
ttt_random_ammo	922.492004 1332.880005 68.000603	0.000 0.000 0.000
ttt_random_ammo	920.351013 1362.699951 68.000603	0.000 0.000 0.000
ttt_random_ammo	921.505981 1435.560059 68.000603	0.000 0.000 0.000
ttt_random_ammo	921.056030 1504.630005 68.000603	0.000 0.000 0.000
ttt_random_ammo	910.492004 1620.089966 68.000603	0.000 0.000 0.000
ttt_random_ammo	-1235.859985 1395.439941 77.372902	0.000 0.000 0.000
ttt_random_ammo	-1250.920044 1325.900024 68.000603	0.000 0.000 0.000
ttt_random_ammo	-1249.150024 1519.739990 68.000603	0.000 0.000 0.000
ttt_random_ammo	-1248.510010 1577.500000 68.000603	0.000 0.000 0.000
ttt_random_ammo	-1262.339966 1688.650024 68.000603	0.000 0.000 0.000
ttt_random_ammo	593.288940 808.692261 68.418587	1.346 0.030 1.600
ttt_random_ammo	615.663391 808.939575 68.320137	0.047 0.000 -0.034
ttt_random_ammo	572.152588 894.491638 68.391212	0.551 0.004 0.615
ttt_random_ammo	592.736023 899.435059 68.387856	0.375 0.002 0.399
ttt_random_ammo	712.839050 107.295784 68.387337	0.399 -0.002 -0.429
ttt_random_ammo	690.937073 101.447159 68.357491	0.065 -0.000 -0.006
ttt_random_ammo	651.984924 105.494789 68.384872	0.310 -0.002 -0.319
ttt_random_ammo	629.557983 103.862587 68.361626	0.057 -0.000 0.000
ttt_random_ammo	-664.041565 873.283508 68.391846	0.463 0.003 0.509
ttt_random_ammo	-635.713623 877.538086 68.314781	0.048 0.000 -0.037
ttt_random_ammo	-601.682129 873.856384 68.438522	0.995 0.026 1.182
ttt_random_ammo	-567.711914 863.332092 68.349052	0.051 0.000 -0.014
ttt_random_ammo	-90.754547 989.038391 68.347664	-0.053 -0.000 -0.013
ttt_random_ammo	-91.774040 1013.209106 68.389030	0.429 0.003 0.466
ttt_random_ammo	-93.616104 1048.160767 68.336021	-0.049 -0.000 -0.025
ttt_random_ammo	-94.120667 1086.306152 68.362686	-0.076 -0.000 0.023
ttt_random_ammo	326.416931 727.490234 68.434090	1.073 0.027 1.275
ttt_random_ammo	278.486816 726.311523 68.390144	0.488 0.003 0.539
ttt_random_ammo	412.761963 740.623047 68.370728	-0.105 -0.000 0.062
ttt_random_ammo	394.860779 744.486511 68.349052	0.052 0.000 -0.014
ttt_random_ammo	414.566925 787.918274 68.391975	0.653 0.006 0.739
ttt_random_ammo	388.760895 780.392212 70.734581	2.167 20.678 72.843
ttt_random_ammo	412.803864 933.899719 68.364723	-0.081 -0.000 0.030
ttt_random_ammo	394.535034 930.822388 68.349892	-0.055 -0.000 -0.010
ttt_random_ammo	412.623718 885.721558 68.358521	-0.066 -0.000 0.008
ttt_random_ammo	390.430725 887.788025 68.353355	0.056 0.000 -0.007
ttt_random_ammo	222.424362 947.220886 68.340782	-0.050 -0.000 -0.021
ttt_random_ammo	247.971237 949.029480 68.332848	0.047 0.000 -0.028
ttt_random_ammo	-609.084167 222.374374 108.373436	0.315 0.002 0.328
ttt_random_ammo	-670.566345 224.676346 108.350105	0.077 0.000 0.026
ttt_random_ammo	1113.310669 1705.679443 68.344574	0.054 0.000 -0.014
ttt_random_ammo	1139.527466 1710.371948 68.357437	0.072 0.000 0.015
ttt_random_ammo	1167.474121 1712.720581 68.384514	0.395 0.002 0.422
ttt_random_ammo	1192.608032 1709.444458 68.375824	0.187 0.001 0.165
ttt_random_ammo	1199.684326 1631.173584 68.411865	1.576 0.036 1.896
ttt_random_ammo	1187.099731 1625.974609 68.384491	0.398 0.002 0.425
ttt_random_ammo	1200.054565 1567.114258 68.339981	0.051 0.000 -0.019
ttt_random_ammo	1179.573975 1570.040527 68.367149	0.109 0.000 0.065
ttt_random_ammo	1197.191650 1537.547485 68.370750	0.133 0.000 0.096
ttt_random_ammo	1173.544678 1541.608643 68.374176	0.166 0.001 0.139
ttt_random_ammo	236.488693 74.420311 68.344627	0.049 -0.000 0.019
ttt_random_ammo	236.081085 100.624092 68.351234	0.052 -0.000 0.012
ttt_random_ammo	317.025848 76.649902 68.379227	0.182 -0.001 -0.160
ttt_random_ammo	312.206329 101.390030 68.436180	1.072 -0.027 -1.279
ttt_random_ammo	386.736572 84.123245 68.383842	0.236 -0.001 -0.229
ttt_random_ammo	383.933838 98.663200 68.320168	0.047 -0.000 0.034
ttt_random_ammo	167.735718 77.784332 68.327904	0.047 -0.000 0.031
ttt_random_ammo	171.286285 94.153809 68.431030	1.101 0.027 1.305
ttt_random_ammo	-600.606506 116.069809 68.335274	0.047 0.000 -0.026
ttt_random_ammo	-627.367065 111.632797 68.363441	0.081 0.000 0.030
ttt_random_ammo	-662.634644 119.289154 68.330383	0.046 0.000 -0.030
ttt_random_ammo	-693.964111 121.050125 68.391724	0.479 0.003 0.528
ttt_random_ammo	-745.656860 638.265869 68.384666	-0.268 -0.001 0.266
ttt_random_ammo	-745.618408 672.729248 68.349068	0.049 0.000 -0.017
ttt_random_ammo	-746.576599 696.005615 68.388374	0.304 0.002 0.314
ttt_random_ammo	-745.377563 720.092163 68.335281	0.046 0.000 -0.028
ttt_random_ammo	-1148.078003 416.656342 68.359505	0.071 0.000 0.015
ttt_random_ammo	-1170.592407 426.926819 68.374313	0.147 0.001 0.115
ttt_random_ammo	-1006.184021 1449.347290 68.452049	0.825 0.023 0.993
ttt_random_ammo	-1028.173584 1458.104614 68.386772	1.219 -0.018 -1.425
ttt_random_ammo	-1006.065674 1519.645630 68.386787	0.523 0.004 0.579
ttt_random_ammo	-1029.748291 1511.463379 68.349007	0.058 0.000 -0.006
ttt_random_ammo	-1004.006409 1598.308350 68.351166	0.061 0.000 -0.002
ttt_random_ammo	-1032.229492 1589.418457 68.438828	1.104 0.027 1.333
ttt_random_ammo	-1007.022095 1661.987183 68.388641	0.696 0.006 0.790
ttt_random_ammo	-1028.614502 1652.866455 68.342300	0.052 0.000 -0.016
ttt_random_ammo	-652.860901 2439.178467 68.368965	0.120 0.000 0.079
ttt_random_ammo	-612.501038 2430.689941 68.417564	1.545 0.040 1.868
ttt_random_ammo	-728.572998 2437.803711 68.436165	1.134 0.028 1.366
ttt_random_ammo	-710.003784 2442.181885 68.375824	0.187 0.001 0.165
ttt_random_ammo	-786.765259 2446.531250 68.370750	0.133 0.000 0.097
ttt_random_ammo	-762.619141 2449.220703 68.378967	0.235 0.001 0.225
ttt_random_ammo	266.995056 2440.400146 68.383385	0.326 0.002 0.337
ttt_random_ammo	291.146301 2447.588867 68.462791	0.542 0.020 0.644
ttt_random_ammo	338.366425 2442.518555 68.481522	-0.343 0.585 0.000
ttt_random_ammo	360.476990 2441.373047 68.384506	0.396 0.002 0.424
ttt_random_ammo	58.215534 2455.665527 68.332832	0.049 0.000 -0.026
ttt_random_ammo	93.294373 2459.050781 68.384491	0.398 0.002 0.426
ttt_random_ammo	-236.380371 2447.575928 68.367188	0.103 0.000 0.058
ttt_random_ammo	-199.306000 2452.615967 68.357452	0.069 0.000 0.012
ttt_random_ammo	-19.595577 2450.725342 68.372490	0.147 0.000 0.115
ttt_random_ammo	12.045951 2449.221680 68.349007	0.058 0.000 -0.007
ttt_random_ammo	650.744690 2242.574463 68.335251	0.050 0.000 -0.023
ttt_random_ammo	626.598450 2243.441895 68.357452	0.069 0.000 0.012
ttt_random_ammo	640.378113 2299.503662 68.349007	0.058 0.000 -0.006
ttt_random_ammo	623.204651 2298.116699 68.370758	0.132 0.000 0.095
ttt_random_ammo	652.892212 2214.193115 68.363380	0.090 0.000 0.041
ttt_random_ammo	639.499084 2208.262207 68.314774	0.049 0.000 -0.035
ttt_random_ammo	594.629517 2470.388184 68.415398	1.534 0.040 1.849
ttt_random_ammo	596.580383 2456.113525 68.339981	0.051 0.000 -0.019
ttt_random_ammo	679.099243 1771.180176 68.320129	0.048 0.000 -0.033
ttt_random_ammo	645.902954 1769.586548 68.377411	0.211 0.001 0.194
ttt_random_ammo	668.730530 1578.716431 68.441269	1.056 0.027 1.274
ttt_random_ammo	639.078491 1579.310913 68.389542	0.783 0.008 0.896
ttt_random_ammo	674.780151 1438.958374 68.327866	0.049 0.000 -0.029
ttt_random_ammo	653.265381 1441.279785 68.317474	0.048 0.000 -0.034
ttt_random_ammo	540.449097 1169.625854 68.431580	1.415 0.033 1.719
ttt_random_ammo	538.639465 1193.515625 68.438606	1.253 0.031 1.521
ttt_random_ammo	438.983795 1175.152222 68.447975	1.045 0.027 1.269
ttt_random_ammo	441.362640 1210.831909 68.376160	0.139 0.000 0.106
ttt_random_ammo	336.053528 1179.449707 68.361542	0.068 0.000 0.013
ttt_random_ammo	333.216278 1204.379272 68.376160	0.139 0.000 0.107
ttt_random_ammo	1196.000366 1448.588501 68.372490	0.148 0.001 0.116
ttt_random_ammo	1177.349976 1450.535889 68.427803	1.300 0.031 1.567
ttt_random_ammo	741.683960 570.221741 68.436180	1.379 -0.034 -1.680
ttt_random_ammo	714.337524 570.175598 68.462204	0.619 0.021 0.743
ttt_random_ammo	581.825806 97.946625 68.359566	0.062 -0.000 -0.005
ttt_random_ammo	610.182861 102.928795 68.372749	0.105 -0.000 -0.064
ttt_random_ammo	372.904449 613.920288 68.345367	-0.048 -0.000 -0.020
ttt_random_ammo	371.916656 593.639648 68.343079	-0.047 -0.000 -0.022
ttt_random_ammo	467.426788 614.950500 68.361549	0.067 -0.000 -0.011
ttt_random_ammo	462.987152 601.786743 68.340012	0.048 0.000 -0.023
ttt_random_ammo	-738.415771 277.825409 68.432594	1.156 0.028 1.379
ttt_random_ammo	-712.057922 270.261292 68.314781	0.048 0.000 -0.037
ttt_random_ammo	-734.250427 339.963318 68.390190	0.691 0.006 0.785
ttt_random_ammo	-706.006226 338.378174 68.335258	0.048 0.000 -0.025
ttt_random_ammo	-554.221497 304.182800 68.322762	0.047 0.000 -0.033
ttt_random_ammo	-579.353638 306.044312 68.386612	0.327 0.002 0.341
ttt_random_ammo	-615.657410 301.442963 68.349861	-0.051 -0.000 -0.014
ttt_random_ammo	-646.346924 303.454468 68.393379	0.662 0.006 0.752
ttt_random_ammo	485.295166 2179.424805 41.008762	2.863 96.932 -94.021
ttt_random_ammo	-610.520630 2205.671631 40.861008	-2.901 159.948 88.978
ttt_random_ammo	-690.709290 1677.727173 40.949711	-5.789 -50.905 -86.401
ttt_random_ammo	90.237602 1885.203979 40.007431	-11.089 -43.781 -88.456
ttt_random_ammo	208.038513 1799.781494 40.930252	1.425 -70.166 -92.813
ttt_random_ammo	258.313477 986.411316 -575.636780	0.162 -0.000 -0.108
ttt_random_ammo	228.847916 986.827271 -575.623901	0.164 0.001 0.138
ttt_random_ammo	285.688354 985.546997 -575.630859	0.108 0.000 0.066
ttt_random_ammo	311.580658 986.730164 -575.619263	0.239 0.001 0.231
ttt_random_ammo	367.763702 986.258972 -575.650879	0.057 0.000 -0.006
ttt_random_ammo	340.683319 988.783447 -575.542603	0.680 0.021 0.814
ttt_random_ammo	122.644211 1162.475220 -575.628296	0.283 -0.001 -0.261
ttt_random_ammo	99.110962 1160.845337 -575.590698	1.261 -0.027 -1.480
ttt_random_ammo	48.555595 1162.384888 -575.619690	0.709 -0.006 -0.785
ttt_random_ammo	29.584414 1169.470947 -575.626953	0.338 -0.002 -0.328
ttt_random_ammo	-8.363449 1166.434692 -575.661987	0.073 -0.000 0.018
ttt_random_ammo	-29.559002 1169.194092 -575.659668	0.077 -0.000 0.012
ttt_random_ammo	-60.055756 1165.036499 -575.625366	0.365 -0.002 -0.362
ttt_random_ammo	-99.867928 1168.522583 -575.628296	0.281 -0.001 -0.259
ttt_random_ammo	-137.667786 1162.420898 -575.667175	0.048 0.000 -0.026
ttt_random_ammo	-161.495605 1157.616821 -575.657349	0.078 -0.000 0.008
ttt_random_ammo	-195.298401 1158.701660 -575.629883	0.256 -0.001 -0.226
ttt_random_ammo	-220.900772 1157.873413 -575.588257	1.644 0.029 1.983
ttt_random_ammo	-247.753586 1158.511230 -575.568176	0.951 -0.023 -1.119
ttt_random_ammo	-277.571198 1160.895996 -575.671631	0.067 -0.000 0.031
ttt_random_ammo	-315.802032 1160.220825 -575.559753	1.055 0.027 1.269
ttt_random_ammo	-338.562561 1163.650146 -575.603027	1.560 -0.028 -1.852
ttt_random_ammo	-442.540344 2108.243408 -575.657593	0.044 0.000 -0.025
ttt_random_ammo	-429.901733 2115.171631 -575.618469	0.129 0.000 0.098
ttt_random_ammo	-21.089203 2107.622803 -575.638245	0.049 0.000 -0.009
ttt_random_ammo	-5.607453 2111.313232 -575.657593	0.043 0.000 -0.027
ttt_random_ammo	-1456.591797 1448.922363 -575.663940	-0.049 -0.000 -0.024
ttt_random_ammo	-1430.944580 1453.124878 -575.542297	-1.001 -0.026 1.204
ttt_random_ammo	-1454.710083 1518.506836 -575.544250	-1.046 -0.027 1.256
ttt_random_ammo	-1424.197144 1529.415527 -575.684509	-0.048 -0.000 -0.035
ttt_random_ammo	-1444.084839 1584.034424 -575.590149	-1.190 -0.017 1.393
ttt_random_ammo	-1420.440552 1591.193115 -575.621277	-0.180 -0.001 0.157
ttt_random_ammo	-915.378845 1537.265137 -575.623230	0.066 0.000 0.019
ttt_random_ammo	-938.668457 1537.467529 -575.633728	0.265 -0.001 -0.235
ttt_random_ammo	-913.417053 1479.386353 -575.630493	0.052 0.000 -0.002
ttt_random_ammo	-946.194275 1476.687500 -575.638184	0.045 0.000 -0.014
ttt_random_ammo	-910.495178 1719.551758 -575.662231	0.042 0.000 -0.030
ttt_random_ammo	-927.217224 1715.328247 -575.634277	0.048 0.000 -0.009
ttt_random_ammo	-911.937866 1785.813232 -575.595398	1.352 0.022 1.597
ttt_random_ammo	-939.530579 1793.598999 -575.595520	1.019 0.013 1.191
ttt_random_ammo	-914.108826 1863.950562 -575.679871	0.045 0.000 -0.036
ttt_random_ammo	-934.618835 1867.038208 -575.650757	0.042 0.000 -0.025
ttt_random_ammo	-1009.486267 1900.703125 -575.616516	0.093 0.000 0.055
ttt_random_ammo	-977.240540 1905.963989 -575.646484	0.042 0.000 -0.022
ttt_random_ammo	-1096.058228 1905.595825 -575.630493	0.052 0.000 -0.002
ttt_random_ammo	-1059.762817 1906.503540 -575.640198	0.044 0.000 -0.016
ttt_random_ammo	-1242.176025 1895.619995 -575.664612	0.042 0.000 -0.031
ttt_random_ammo	-1186.138550 1902.475952 -575.603638	0.259 0.001 0.264
ttt_random_ammo	-1242.866699 1434.670654 -575.587830	1.331 -0.027 -1.589
ttt_random_ammo	-1238.155396 1459.487305 -575.633728	0.266 -0.001 -0.236
ttt_random_ammo	-1159.581055 1431.149292 -575.628601	0.055 0.000 0.003
ttt_random_ammo	-1157.275269 1454.515869 -575.671631	0.072 -0.000 0.026
ttt_random_ammo	104.328880 1954.918335 -575.605347	0.290 0.001 0.300
ttt_random_ammo	146.498184 1939.996582 -575.632385	0.054 0.000 0.000
ttt_random_ammo	110.823051 1999.338257 -511.186310	0.043 0.000 -0.032
ttt_random_ammo	124.115524 1979.851196 -511.130341	0.148 0.001 0.125
ttt_random_ammo	273.696930 2031.924438 -512.382507	0.040 0.000 -0.034
ttt_random_ammo	273.558655 2005.669922 -512.343689	0.025 0.000 -0.032
ttt_random_ammo	224.846741 1945.090576 -514.399780	0.047 -0.000 0.033
ttt_random_ammo	246.744278 1965.689453 -514.407898	0.047 0.000 -0.038
ttt_random_ammo	277.300323 1924.960205 -474.079834	0.066 -0.000 -0.088
ttt_random_ammo	323.391296 1913.851074 -514.392151	0.044 0.000 -0.033
ttt_random_ammo	322.326721 1930.184692 -514.364868	0.044 0.000 -0.019
ttt_random_ammo	377.515656 1097.411011 -575.542725	-1.027 41.485 0.067
ttt_random_ammo	360.605316 1098.338989 -575.653076	0.055 0.000 -0.010
ttt_random_ammo	376.269287 1048.310181 -575.541321	-0.750 25.451 -1.971
ttt_random_ammo	358.685242 1048.514893 -575.662292	0.050 0.000 -0.021
ttt_random_ammo	-381.562805 716.648499 68.397881	1.683 0.028 1.997
ttt_random_ammo	-379.679718 727.189941 68.448708	1.049 0.027 1.276
ttt_random_ammo	-425.580872 723.634949 68.367325	0.084 0.000 0.035
ttt_random_ammo	-429.600739 740.067505 68.367317	0.085 0.000 0.036
ttt_random_ammo	-294.735931 759.773254 68.485756	1.028 -0.019 1.290
ttt_random_ammo	-273.757965 763.929565 68.361542	0.069 0.000 0.014
ttt_random_ammo	-164.332947 756.882507 68.351219	0.054 0.000 -0.010
ttt_random_ammo	-196.097412 760.280518 68.343102	-0.051 -0.000 -0.018
ttt_random_ammo	754.218506 147.898834 68.351212	0.056 -0.000 0.007
ttt_random_ammo	737.356201 155.567612 68.353378	0.053 0.000 -0.010
ttt_random_ammo	750.268860 641.501099 68.379616	0.147 0.001 0.118
ttt_random_ammo	713.616821 640.271362 68.389679	0.341 0.002 0.359
ttt_random_ammo	-868.770508 2447.360107 68.439201	1.086 0.027 1.309
ttt_random_ammo	-838.441833 2452.953613 68.351173	0.060 0.000 -0.002
ttt_random_ammo	1079.272217 1859.671387 68.386757	1.405 -0.023 -1.652
ttt_random_ammo	1064.706421 1855.970337 68.383179	0.515 -0.004 -0.567
ttt_random_ammo	1003.522522 1766.269287 68.361275	0.100 -0.000 -0.051
ttt_random_ammo	1016.773071 1765.473389 68.406334	1.632 -0.032 -1.970
ttt_random_ammo	921.433472 1692.752075 68.378967	0.235 0.001 0.225
ttt_random_ammo	938.979431 1693.448853 68.390709	1.035 0.013 1.203
ttt_random_ammo	-603.028320 1737.041626 -575.564880	0.994 -0.024 -1.189
ttt_random_ammo	-591.442505 1738.781250 -575.589478	1.359 -0.028 -1.618
ttt_random_ammo	-608.872375 1813.102783 -575.648682	0.109 -0.000 -0.035
ttt_random_ammo	-575.659973 1815.846802 -575.638794	0.170 -0.000 -0.116
ttt_random_ammo	-585.893494 1886.668579 -575.581177	1.221 -0.028 -1.453
ttt_random_ammo	-610.844543 1885.318481 -575.679871	0.046 0.000 -0.035
ttt_random_ammo	-176.838379 -1413.109375 68.368904	0.117 -0.000 -0.077
ttt_random_ammo	-160.966675 -1415.132568 68.346794	0.055 -0.000 0.010
ttt_random_ammo	183.028351 -1462.947876 68.375702	0.182 -0.001 -0.160
ttt_random_ammo	156.964920 -1466.160522 68.363350	0.088 -0.000 -0.038
ttt_random_ammo	133.211365 -1457.945068 68.370689	0.129 -0.000 -0.092
ttt_random_ammo	110.685646 -1464.056152 68.384270	0.380 -0.002 -0.405
ttt_random_ammo	94.659111 -1459.857788 68.353287	0.062 -0.000 -0.002
ttt_random_ammo	73.705002 -1460.849609 68.432014	1.207 -0.029 -1.457
ttt_random_ammo	47.129894 -1449.562988 68.368881	0.119 -0.000 -0.079
ttt_random_ammo	29.744888 -1448.380737 68.367088	0.106 -0.000 -0.063
ttt_random_ammo	6.216646 -1451.750732 68.367104	0.105 -0.000 -0.061
ttt_random_ammo	-20.328426 -1455.662231 68.348991	0.057 -0.000 0.007
ttt_random_ammo	-46.510853 -1445.963745 68.435715	1.136 -0.028 -1.371
ttt_random_ammo	-67.685196 -1445.581177 68.390022	1.175 -0.017 -1.375
ttt_random_ammo	-123.770935 -1436.594604 68.344566	0.053 -0.000 0.014
ttt_random_ammo	-92.946129 -1430.501587 68.355370	0.066 -0.000 -0.008
ttt_random_ammo	-179.054001 -1299.477295 68.359436	0.075 -0.000 -0.021
ttt_random_ammo	-157.631363 -1299.166260 68.423660	1.311 -0.031 -1.576
ttt_random_ammo	-177.758881 -1237.715210 68.346848	0.049 -0.000 0.018
ttt_random_ammo	-163.169098 -1231.198608 68.351212	0.052 0.000 -0.012
ttt_random_ammo	-182.963898 -1172.275024 68.400795	1.648 -0.031 -1.958
ttt_random_ammo	-165.514053 -1170.980957 68.359550	0.061 -0.000 -0.003
ttt_random_ammo	-184.724533 -1079.374023 68.410851	1.513 -0.038 -1.804
ttt_random_ammo	-171.722778 -1079.136230 68.386566	0.297 -0.001 -0.305
ttt_random_ammo	-181.728439 -971.340149 68.383873	0.230 -0.001 -0.222
ttt_random_ammo	-168.564163 -974.498657 68.404640	1.634 -0.032 -1.949
ttt_random_ammo	-168.382614 -925.743896 68.386604	0.292 -0.001 -0.298
ttt_random_ammo	-187.806122 -926.164795 68.386566	0.297 -0.001 -0.304
ttt_random_ammo	-154.849411 -859.970520 68.340019	0.046 -0.000 0.024
ttt_random_ammo	-178.065994 -864.304199 68.376152	0.127 -0.000 -0.093
ttt_random_ammo	-162.300720 -778.077515 68.337662	0.046 -0.000 0.026
ttt_random_ammo	-174.944321 -780.784607 68.407333	1.585 -0.034 -1.891
ttt_random_ammo	-163.058914 -724.258606 68.391090	0.501 -0.004 -0.555
ttt_random_ammo	-187.669098 -726.639709 68.442589	1.018 0.026 1.221
ttt_random_ammo	-173.158722 -686.427673 68.342308	0.047 0.000 -0.022
ttt_random_ammo	-181.551376 -689.090515 68.369156	0.087 -0.000 -0.040
ttt_random_ammo	183.775620 -427.876526 68.346848	0.049 -0.000 0.018
ttt_random_ammo	167.219910 -430.407043 68.434509	1.085 -0.027 -1.292
ttt_random_ammo	185.617615 -359.251556 68.443199	0.965 -0.026 -1.156
ttt_random_ammo	163.962753 -358.496948 68.386566	0.297 -0.001 -0.305
ttt_random_ammo	182.448975 -294.718201 68.405968	1.601 -0.033 -1.913
ttt_random_ammo	165.644669 -292.588837 68.349030	0.051 0.000 -0.014
ttt_random_ammo	185.610748 -237.836105 68.349037	0.052 -0.000 0.013
ttt_random_ammo	168.386917 -236.776764 68.363464	0.074 -0.000 -0.021
ttt_random_ammo	179.931137 -180.948700 68.390579	0.564 -0.004 -0.632
ttt_random_ammo	166.063217 -176.276016 68.448082	0.818 -0.023 -0.974
ttt_random_ammo	184.472855 -120.443207 68.416908	1.423 -0.031 -1.701
ttt_random_ammo	170.808838 -117.040031 68.342323	0.048 -0.000 0.021
ttt_random_ammo	179.161514 -17.929857 68.401222	-0.600 0.005 -0.675
ttt_random_ammo	158.784332 -24.860382 68.458275	-1.053 -0.027 1.265
ttt_random_ammo	-187.019501 -43.418224 68.453941	-1.169 -0.029 1.404
ttt_random_ammo	-165.314728 -45.182522 68.411346	-1.045 -0.013 1.218
ttt_random_ammo	-182.290497 -120.198219 68.424698	1.433 0.033 1.727
ttt_random_ammo	-160.416336 -122.463013 68.385895	-0.216 -0.001 0.204
ttt_random_ammo	-176.786041 -210.798355 68.320854	-0.047 -0.000 -0.034
ttt_random_ammo	-163.917480 -204.521667 68.344589	0.049 0.000 -0.019
ttt_random_ammo	-171.936783 -479.842010 68.410614	1.505 -0.038 -1.796
ttt_random_ammo	-156.650009 -475.748291 68.357536	0.056 -0.000 0.003
ttt_random_ammo	-150.160675 -361.366943 68.385399	0.244 -0.001 -0.240
ttt_random_ammo	-178.747604 -373.196259 68.374504	-0.122 0.000 -0.085
ttt_random_ammo	-168.616241 -388.785431 68.359520	0.065 -0.000 -0.009
ttt_random_ammo	-154.561371 -392.214874 68.342331	0.047 -0.000 0.022
ttt_random_ammo	-178.678482 -263.026947 68.384178	-0.211 -0.001 0.197
ttt_random_ammo	-164.136475 -258.222504 68.388062	-0.275 -0.001 0.277
ttt_random_ammo	181.364624 -1022.575745 68.355446	0.056 0.000 -0.004
ttt_random_ammo	165.288788 -1017.632202 68.372742	0.103 -0.000 -0.062
ttt_random_ammo	178.949265 -821.656189 68.335274	0.046 -0.000 0.027
ttt_random_ammo	163.198685 -820.561890 68.346848	0.049 -0.000 0.018
ttt_random_ammo	179.529251 -922.802307 68.383995	0.239 0.001 0.232
ttt_random_ammo	150.878937 -922.186951 68.342331	0.047 -0.000 0.022
ttt_random_ammo	181.545364 -686.903381 68.327881	0.046 -0.000 0.031
ttt_random_ammo	163.721420 -694.795166 68.351227	0.051 -0.000 0.012
ttt_random_ammo	180.690903 -758.580933 68.403702	1.661 -0.032 -1.982
ttt_random_ammo	160.693069 -754.310608 68.448242	0.839 -0.024 -0.999
ttt_random_ammo	157.423401 -582.452148 68.429214	1.469 -0.034 -1.785
ttt_random_ammo	144.323303 -587.560486 68.357529	0.058 -0.000 0.001
ttt_random_ammo	134.232605 -501.721619 68.385399	0.243 -0.001 -0.239
ttt_random_ammo	163.120758 -504.029510 68.363457	0.074 -0.000 -0.022
ttt_random_ammo	1068.354736 477.071198 68.359497	0.071 0.000 0.015
ttt_random_ammo	1047.251953 475.573944 68.355415	0.063 0.000 0.003
ttt_random_ammo	-180.255219 135.324738 68.394119	0.961 0.011 1.115
ttt_random_ammo	-199.321945 133.170090 68.345383	-0.049 -0.000 -0.019
weapon_zm_pistol	1202.786987 1034.912476 68.976501	0.377 -36.580 -90.147
weapon_ttt_dual_elites	1198.233154 953.424622 68.067772	2.130 0.170 -0.392
weapon_ttt_revolver	-977.785339 847.886475 70.008789	9.260 26.134 74.877
weapon_ttt_revolver	-1002.787659 844.867676 69.993851	9.001 26.220 75.289
item_ammo_revolver_ttt	-976.182190 863.452332 68.334526	0.450 0.063 0.055
item_ammo_revolver_ttt	-999.906067 865.070374 68.328232	0.449 0.066 0.057
weapon_ttt_g3sg1	-851.943848 2260.863281 69.266632	-0.499 3.464 -87.616
weapon_ttt_g3sg1	-855.963623 2214.084717 69.298775	-0.978 4.274 -87.249
weapon_zm_sledge	-1156.736084 541.388611 65.808449	18.634 -0.549 2.992
weapon_zm_sledge	-1156.470825 556.407776 65.808449	18.634 -0.549 2.992
weapon_zm_sledge	-1154.727661 567.863281 65.808449	18.634 -0.550 2.992
weapon_zm_sledge	-329.746216 2104.312744 -578.191528	18.634 -0.127 2.992
weapon_zm_sledge	-220.801453 2104.985596 -578.191528	18.634 -0.131 2.992
weapon_zm_sledge	-116.964531 2100.324951 -578.191467	18.634 -0.118 2.992
weapon_ttt_mp5	1189.880493 1166.752563 69.096344	0.208 1.625 -87.152
