# Trouble in Terrorist Town weapon/ammo placement overrides
# For map: ttt_backalley_b1
# Exported by: Razor  武士
setting:	replacespawns 0
ttt_playerspawn	-1106.382324 435.219238 -650.289490	-0.049 0.306 0.058
ttt_playerspawn	-1132.665894 489.726257 -648.909668	-0.081 0.512 -0.001
ttt_playerspawn	-348.212433 2453.056396 -452.284363	-0.059 -0.529 0.072
ttt_playerspawn	-444.380920 2451.942383 -456.491455	-0.059 -2.285 0.059
ttt_playerspawn	-517.126160 2450.687012 -459.481384	-0.034 -1.790 0.034
ttt_playerspawn	-600.736145 2454.193848 -458.370270	0.043 6.557 0.089
ttt_playerspawn	-601.099731 2348.376709 -457.283600	0.002 -0.917 0.162
ttt_playerspawn	-518.716370 2346.654541 -455.222290	-0.060 -0.302 0.060
ttt_playerspawn	-457.728119 2348.218506 -456.233582	0.081 6.547 -0.104
ttt_playerspawn	-345.999329 2372.185059 -458.732666	-0.272 1.894 -0.082
ttt_playerspawn	-697.004395 2457.282959 -461.332703	0.013 -0.902 0.094
ttt_playerspawn	-695.732605 2347.675049 -459.050537	-0.063 -1.625 0.062
ttt_playerspawn	-726.287903 2583.257080 -455.855499	-0.000 -90.272 0.000
ttt_playerspawn	-812.457520 2592.563232 -457.162140	-0.000 -89.952 0.000
ttt_playerspawn	-284.135254 1434.753052 -600.523560	0.073 -1.625 0.073
ttt_playerspawn	-153.824829 1426.200684 -596.949524	-0.074 0.644 0.074
ttt_playerspawn	-153.662994 1357.980835 -600.575867	0.046 -1.211 0.235
ttt_playerspawn	-292.825745 1354.638306 -603.030090	-0.190 3.186 -0.000
ttt_playerspawn	-340.011475 808.088562 -595.912476	-0.000 7.627 0.000
ttt_playerspawn	-346.220917 891.417480 -597.926758	1.800 1.080 -0.910
ttt_playerspawn	-93.235420 447.366333 -597.996033	-0.377 -3.976 -0.002
ttt_playerspawn	-160.341965 256.784729 -602.265381	-0.069 -0.964 0.069
ttt_playerspawn	-153.235245 310.293030 -603.491882	-0.051 -0.885 0.051
ttt_playerspawn	-296.182159 255.896149 -603.667908	-0.078 -0.005 0.045
ttt_playerspawn	-292.747742 324.347687 -603.578735	-0.088 -1.297 0.088
ttt_playerspawn	-363.196625 390.868439 -598.176147	-1.021 6.152 -0.213
ttt_playerspawn	-359.339142 1165.219604 -602.604492	-0.059 -2.449 0.059
ttt_playerspawn	-356.979858 1292.618530 -601.317932	-0.061 -0.367 0.061
ttt_playerspawn	-95.879929 1278.739258 -603.141479	-0.071 -0.355 0.071
ttt_playerspawn	-96.179779 1177.643677 -602.751892	-0.049 -1.292 0.049
ttt_playerspawn	12.171530 1282.558594 -602.427368	-0.059 -0.627 0.059
ttt_playerspawn	74.977943 523.487244 -188.589203	-0.066 -1.961 0.066
ttt_playerspawn	208.697281 530.249878 -186.515625	-0.058 -1.298 0.058
ttt_playerspawn	1489.407837 1013.582947 -458.698578	-0.060 0.019 0.061
ttt_playerspawn	1522.589600 2455.210938 -453.811188	-0.172 -7.843 -0.032
ttt_playerspawn	1045.689575 2116.002441 -202.336502	-0.011 0.355 -0.010
ttt_playerspawn	685.202026 2125.828613 -204.540161	0.015 -0.961 -0.015
ttt_playerspawn	1411.701782 2462.183350 -456.704681	0.006 2.227 0.251
ttt_playerspawn	1471.139648 2467.974854 -459.361206	-0.083 -0.954 -0.083
ttt_playerspawn	1398.036377 1974.309326 -458.196320	0.074 2.004 0.074
ttt_playerspawn	1546.054321 1957.780640 -458.880402	0.087 -0.633 -0.076
ttt_playerspawn	1112.428833 129.243423 -186.714264	0.049 4.315 0.049
ttt_playerspawn	963.989990 208.650391 -185.572220	-0.062 1.302 0.062
ttt_playerspawn	57.123425 950.747131 -160.181198	-0.067 -0.000 0.067
ttt_playerspawn	94.515694 1035.190552 -187.889587	0.075 1.955 0.075
ttt_playerspawn	16.621490 1040.874146 -186.559937	0.045 0.960 0.045
ttt_playerspawn	28.511074 1177.860352 -187.618042	0.066 2.327 0.066
ttt_playerspawn	117.963318 1181.570313 -185.878281	-0.081 -0.304 0.081
ttt_playerspawn	954.539734 2133.940674 -456.269897	-0.072 0.291 0.068
ttt_playerspawn	-28.284712 1956.352173 -456.872711	-0.158 -0.337 0.027
weapon_ttt_ak47	-751.929688 1568.466064 -455.629517	0.159 24.033 -87.363
weapon_ttt_ak47	-151.655594 2225.879395 -402.304504	7.517 -25.429 103.685
item_box_buckshot_ttt	973.706299 2049.374512 -457.802094	-0.794 -1.302 0.706
item_box_buckshot_ttt	962.821777 2052.998779 -458.847809	-0.775 -0.005 0.687
item_box_buckshot_ttt	610.756104 2072.142334 -463.613678	-0.090 0.001 0.122
item_box_buckshot_ttt	574.971436 2073.354980 -463.584045	-1.066 -0.011 0.879
item_box_buckshot_ttt	244.787918 1086.971680 -156.033539	0.342 -0.034 -0.225
item_box_buckshot_ttt	213.810272 1086.577148 -157.685837	-0.795 -1.012 0.681
item_box_buckshot_ttt	174.184036 1024.485718 -188.837433	-0.572 -0.318 0.511
item_box_buckshot_ttt	176.044861 1056.463501 -190.178467	1.041 0.082 0.803
item_box_buckshot_ttt	283.603638 1432.570190 -574.597107	0.716 -2.328 -0.572
item_box_buckshot_ttt	305.935242 1432.385376 -574.244263	-1.010 -0.538 0.792
weapon_ttt_smokegrenade	508.120270 2395.332275 -461.201965	-1.882 0.003 -1.918
weapon_ttt_smokegrenade	501.612793 2388.958740 -462.109680	-1.725 -3.007 -1.749
weapon_ttt_smokegrenade	514.401978 2386.562256 -461.355652	-2.306 -0.640 -2.097
weapon_ttt_smokegrenade	295.667755 2023.404175 -444.887787	-1.975 -1.854 -2.003
weapon_ttt_smokegrenade	406.997040 2022.623657 -445.223907	-1.415 -0.843 -1.441
weapon_ttt_smokegrenade	-855.170898 1827.187866 -398.522552	-2.068 -0.307 -2.097
weapon_ttt_smokegrenade	-807.426392 1830.954346 -446.035034	-1.334 -2.135 -1.356
weapon_ttt_smokegrenade	-823.476318 1721.279297 -430.779297	-1.800 -0.684 -1.833
weapon_ttt_smokegrenade	-840.168884 1721.306763 -414.949982	-1.396 -2.281 -1.419
weapon_ttt_smokegrenade	1032.477661 548.559143 -443.972351	-1.525 -7.868 -1.554
weapon_ttt_smokegrenade	1031.165161 525.623901 -444.280670	-1.548 -1.466 -1.578
weapon_ttt_smokegrenade	1143.885498 547.552124 -445.019958	-1.854 -0.652 -1.890
weapon_ttt_smokegrenade	1144.403687 521.948669 -444.145996	-1.480 -5.048 -1.508
weapon_ttt_smokegrenade	1039.605713 594.569153 -446.332306	-2.068 -1.906 -2.097
item_ammo_357_ttt	669.072815 2192.610107 -207.150375	0.448 0.800 0.039
item_ammo_357_ttt	679.857178 2195.407471 -207.354614	0.460 0.153 0.022
item_ammo_357_ttt	610.119690 2046.242554 -207.485748	1.376 -177.479 0.246
item_ammo_357_ttt	609.904907 2062.288574 -207.572678	0.523 2.705 -0.635
item_ammo_357_ttt	744.292664 1742.453369 -156.799927	0.459 -0.899 0.038
item_ammo_357_ttt	726.419006 1743.169067 -156.625381	0.457 -1.552 0.042
item_ammo_357_ttt	-10.337625 725.279358 -188.048157	0.575 -0.115 0.175
item_ammo_357_ttt	10.278561 725.406189 -187.755157	0.535 -1.196 0.008
item_ammo_357_ttt	639.683960 364.077118 -190.755295	0.633 0.166 0.091
item_ammo_357_ttt	640.081848 384.381927 -189.263184	0.653 0.408 -0.094
item_ammo_357_ttt	-113.140182 1169.479980 -189.822968	0.454 -0.924 0.047
item_ammo_357_ttt	-102.048691 1169.749268 -189.517975	0.456 0.059 0.044
item_ammo_357_ttt	-652.502014 -68.003998 -405.044586	0.452 0.131 0.034
item_ammo_357_ttt	-641.319031 -68.042572 -406.081024	0.435 0.133 0.058
item_ammo_357_ttt	-631.433167 -67.998131 -405.753510	0.437 -0.486 0.053
item_ammo_357_ttt	-620.901733 -68.502663 -405.625580	0.446 -0.638 0.041
item_ammo_357_ttt	-486.657806 -70.157852 -406.444763	0.454 1.279 0.031
item_ammo_357_ttt	-475.138489 -70.677628 -406.287201	0.442 0.448 0.047
item_ammo_357_ttt	-462.861816 -71.754509 -405.821991	0.444 -0.485 0.044
item_ammo_357_ttt	-449.690308 -73.362297 -405.667267	0.437 -0.536 0.053
item_ammo_revolver_ttt	298.798187 1992.968506 -445.646637	0.452 -0.926 0.050
item_ammo_revolver_ttt	410.175507 1995.385010 -443.786407	0.454 -0.616 0.047
item_ammo_revolver_ttt	1604.114624 2481.691162 -445.425720	0.851 -0.453 -0.302
item_ammo_revolver_ttt	1604.224243 2430.921631 -446.076813	1.845 -0.734 -0.099
item_ammo_revolver_ttt	1603.868042 2394.098389 -445.547760	0.456 -0.905 0.044
item_ammo_revolver_ttt	1605.054199 2376.583496 -444.579803	0.465 1.733 0.026
item_ammo_revolver_ttt	1371.049194 1036.360352 -443.322144	0.542 -1.133 0.035
item_ammo_revolver_ttt	1385.629761 1036.569458 -445.917542	0.551 0.161 0.042
item_ammo_revolver_ttt	1367.809937 1142.880127 -446.099548	0.456 -0.890 0.044
item_ammo_revolver_ttt	1386.001831 1141.047241 -444.811554	0.615 -2.923 0.062
item_ammo_revolver_ttt	-86.070602 1169.778320 -188.466599	0.456 -0.253 0.043
item_ammo_revolver_ttt	-72.789604 1169.195435 -188.335815	0.457 -0.247 0.043
item_ammo_revolver_ttt	-80.183868 1024.702271 -189.358200	0.456 -0.577 0.043
item_ammo_revolver_ttt	-76.553558 1051.557007 -188.898773	0.449 -0.600 0.058
item_ammo_revolver_ttt	39.968380 1687.534424 -445.040222	0.452 -0.948 0.052
item_ammo_revolver_ttt	40.658981 1801.255005 -443.655029	0.455 -0.573 0.046
item_ammo_revolver_ttt	12.796443 1614.149902 -460.213226	0.453 -0.235 0.049
item_ammo_revolver_ttt	12.076319 1637.816650 -460.759613	0.453 -0.558 0.049
item_ammo_revolver_ttt	12.803336 1663.002686 -460.693176	0.457 0.689 0.041
item_ammo_revolver_ttt	-1169.128296 509.199463 -651.909119	0.444 2.034 0.068
item_ammo_revolver_ttt	-1169.140747 490.687073 -654.544250	0.452 1.641 0.051
item_ammo_revolver_ttt	-965.921082 541.506287 -637.209595	0.457 -0.915 0.043
item_ammo_smg1_ttt	1036.041626 2194.167725 -205.808304	0.053 0.443 0.019
item_ammo_smg1_ttt	1020.962952 2193.268555 -206.765823	0.850 0.756 0.126
item_ammo_smg1_ttt	252.730133 2418.265137 -456.982758	-0.423 -0.634 -0.061
item_ammo_smg1_ttt	271.848633 2419.391602 -458.570831	-0.098 -1.540 0.053
item_ammo_smg1_ttt	401.977966 2419.392090 -457.627167	-0.211 -2.262 0.130
item_ammo_smg1_ttt	380.191101 2419.906006 -456.888336	0.531 -1.634 -0.409
item_ammo_smg1_ttt	-718.219849 1572.079956 -460.507294	-0.653 -2.239 -0.494
item_ammo_smg1_ttt	-698.802734 1572.744263 -462.020477	0.118 -2.106 0.100
item_ammo_smg1_ttt	-1164.759766 1465.995972 -362.820282	-0.077 -0.742 0.019
item_ammo_smg1_ttt	-1164.102173 1439.119019 -364.071228	-0.173 -0.645 0.031
item_ammo_smg1_ttt	-1145.153931 1472.699463 -363.330017	-0.591 -1.173 0.407
item_ammo_smg1_ttt	-1144.880737 1443.109131 -364.829681	0.024 -2.552 0.011
item_ammo_smg1_ttt	-1164.579956 1413.699341 -365.401917	0.152 0.525 -0.090
item_ammo_smg1_ttt	-1143.005371 1413.933960 -365.136078	0.507 -1.355 -0.217
item_ammo_smg1_ttt	-721.399353 561.000610 -366.221649	-0.020 -0.974 -0.017
item_ammo_smg1_ttt	-720.383911 591.897095 -366.134277	0.848 -1.298 0.557
item_ammo_smg1_ttt	1551.633057 1477.512939 -460.268372	-0.236 -0.957 0.146
item_ammo_smg1_ttt	1552.717896 1440.466309 -460.668060	-0.831 -0.632 0.538
item_ammo_smg1_ttt	1551.426147 1410.737061 -461.524445	-0.840 -0.134 -0.622
item_ammo_smg1_ttt	1552.171509 1374.681396 -460.675537	0.151 0.297 0.089
item_ammo_smg1_ttt	299.973877 515.500977 -155.888809	-0.791 -2.941 -0.637
item_ammo_smg1_ttt	302.587494 544.280884 -157.025742	0.213 -0.964 0.131
item_ammo_smg1_ttt	304.740814 723.031921 -188.436127	0.404 -0.521 0.070
item_ammo_smg1_ttt	379.729584 721.245239 -190.330978	0.204 -0.394 -0.122
item_ammo_smg1_ttt	196.665268 933.869446 -174.306168	1.105 1.008 0.728
item_ammo_smg1_ttt	178.373108 934.568420 -173.859482	0.762 -1.029 0.499
item_ammo_smg1_ttt	-90.057503 242.661545 -583.424927	-0.004 -89.498 0.060
item_ammo_smg1_ttt	-92.548889 283.462250 -585.658936	-0.526 -95.028 -0.005
item_ammo_smg1_ttt	-90.596931 261.469147 -584.039673	-0.089 88.752 0.037
item_ammo_smg1_ttt	-93.407394 299.872253 -585.147766	0.000 85.007 0.000
item_ammo_smg1_ttt	-111.780205 2180.908447 -461.940033	-0.525 0.004 0.342
item_ammo_smg1_ttt	-140.672470 2176.517578 -460.095520	-0.168 0.028 0.102
item_ammo_smg1_ttt	-827.742615 2653.845215 -461.705353	-0.123 1.114 0.004
item_ammo_pistol_ttt	-1125.996948 554.496826 -365.648132	-0.106 -3.622 -0.032
item_ammo_pistol_ttt	-1113.337036 553.548340 -365.606964	-0.134 -2.317 -0.052
item_ammo_pistol_ttt	-1099.844727 553.307312 -365.479919	-0.132 -2.289 -0.007
item_ammo_pistol_ttt	-1085.440796 556.620483 -363.365570	-0.589 -2.639 -0.287
item_ammo_pistol_ttt	-1084.749878 586.090942 -364.431610	-0.094 2.247 -0.028
item_ammo_pistol_ttt	-1099.473145 583.836487 -365.476135	1.263 -1.843 -0.002
item_ammo_pistol_ttt	-1111.959595 587.139221 -364.646576	-0.103 -1.695 -0.031
item_ammo_pistol_ttt	-1122.543335 587.419556 -364.999359	-0.155 -2.645 -0.046
item_ammo_pistol_ttt	-687.640808 558.365173 -364.433777	-0.122 -0.981 -0.036
item_ammo_pistol_ttt	1548.589844 1345.293213 -458.727966	0.068 0.020 -0.020
item_ammo_pistol_ttt	1550.240234 1309.235596 -461.284882	-0.133 0.665 -0.039
item_ammo_pistol_ttt	1549.910278 1270.773926 -460.369904	-0.058 -1.975 -0.018
item_ammo_pistol_ttt	1548.284546 1241.152344 -459.913391	-0.133 -0.663 -0.040
item_ammo_pistol_ttt	1548.936768 1209.811401 -460.829163	-0.118 -2.307 -0.035
item_ammo_pistol_ttt	1551.632202 1174.034546 -460.279846	-0.115 -0.321 -0.034
item_ammo_pistol_ttt	-318.025452 -98.216225 -445.896851	-0.106 0.284 -0.032
item_ammo_pistol_ttt	-330.713104 -98.831474 -446.214783	-0.111 0.001 -0.033
item_ammo_pistol_ttt	202.308029 974.690857 -174.418655	-0.158 -0.318 -0.048
item_ammo_pistol_ttt	184.775803 974.561157 -174.931137	-0.145 -0.822 -0.042
item_ammo_pistol_ttt	-1037.105225 565.323364 -636.619751	-0.136 -1.959 -0.041
item_ammo_pistol_ttt	-1019.186890 562.845093 -635.451355	-0.122 -0.321 -0.036
item_ammo_pistol_ttt	-996.675659 564.644836 -636.792236	-0.282 0.343 -0.119
item_ammo_pistol_ttt	-1055.190308 563.542236 -638.270325	-0.081 -0.323 -0.024
weapon_ttt_g3sg1	-693.131226 581.573669 -331.942902	-0.751 -49.975 -88.844
weapon_ttt_g3sg1	186.339828 949.196838 -166.932678	-0.866 1.806 -87.755
weapon_ttt_g3sg1	622.874573 730.495544 -183.405441	-0.150 -0.272 88.359
weapon_ttt_g3sg1	-633.431091 -101.287621 -403.454315	-0.582 0.195 -87.596
weapon_ttt_g3sg1	-465.277435 -99.336761 -403.820587	-0.633 -0.425 -87.583
ttt_random_weapon	253.150070 2102.611084 -459.669037	1.587 3.316 -93.257
ttt_random_weapon	258.350677 2151.308838 -457.821991	1.414 5.727 -93.653
ttt_random_weapon	455.865662 2400.268311 -397.881775	1.810 -2.341 -75.768
ttt_random_weapon	-330.911835 1589.703003 -460.714142	1.647 1.734 -93.119
ttt_random_weapon	-298.286682 1629.654663 -458.773743	1.874 -2.707 -92.599
ttt_random_weapon	-542.508423 1474.201538 -443.476898	1.541 3.788 -93.361
ttt_random_weapon	-546.094849 1378.895386 -443.743439	1.596 4.168 -93.232
ttt_random_weapon	-923.744141 1466.241211 -378.017578	1.474 1.781 -93.515
ttt_random_weapon	-921.687805 1441.443604 -379.900269	1.580 5.264 -93.272
ttt_random_weapon	-267.357239 891.591125 -586.905212	-2.175 -86.254 84.954
ttt_random_weapon	-280.603821 830.009033 -588.116394	4.207 -83.856 -93.279
ttt_random_weapon	-279.039825 784.688782 -589.161926	3.177 -92.533 -92.881
ttt_random_weapon	-266.237793 890.264954 -571.033997	-2.380 83.533 -91.888
ttt_random_weapon	1041.915161 943.397095 -379.248657	-0.369 34.174 -94.650
ttt_random_weapon	1041.818726 908.343384 -410.084839	-0.352 35.582 -95.652
ttt_random_weapon	1338.054688 1404.363525 -462.781982	1.671 4.179 -93.064
ttt_random_weapon	1339.010742 1377.416260 -462.791992	1.784 4.194 -92.805
ttt_random_weapon	0.613403 627.163818 -189.056808	1.396 3.788 -93.694
ttt_random_weapon	4.759394 660.646729 -187.292450	1.419 -1.655 -93.641
ttt_random_weapon	112.424332 526.946716 -180.856720	1.380 76.099 -93.438
ttt_random_weapon	164.400726 526.410706 -181.506378	1.385 63.208 -93.401
ttt_random_weapon	-37.417034 1195.638184 -182.967545	1.791 2.739 -92.789
ttt_random_weapon	302.651581 1213.800659 -187.781189	1.752 4.330 -92.880
ttt_random_weapon	690.385803 1577.451660 -87.235764	6.112 41.421 -97.223
ttt_random_weapon	688.048157 1550.907837 -124.636497	0.904 44.525 -93.816
ttt_random_weapon	-226.172760 1358.960815 -577.924866	-0.329 10.962 -94.202
ttt_random_weapon	-364.672455 1359.791016 -579.639343	1.595 14.760 -94.446
ttt_random_weapon	-88.418846 1359.989868 -578.435425	1.768 19.143 -92.842
ttt_random_weapon	-70.610130 1118.483887 -606.798584	1.859 4.203 -92.634
ttt_random_weapon	-372.488098 1021.170654 -606.778992	1.638 4.175 -93.141
ttt_random_weapon	-78.567406 1018.906921 -606.787476	1.733 4.189 -92.922
ttt_random_weapon	400.884369 1211.077637 -606.778992	1.638 4.175 -93.140
ttt_random_weapon	46.438869 807.489258 -537.175964	0.634 30.022 -91.762
ttt_random_weapon	46.612453 838.199097 -572.623291	1.473 3.883 -93.517
ttt_random_weapon	46.127712 752.344238 -603.538147	0.691 41.320 -93.682
ttt_random_weapon	40.699512 693.722778 -599.274841	-0.489 42.269 -94.423
ttt_random_weapon	41.067352 602.592285 -601.617065	-0.001 41.903 -92.469
ttt_random_weapon	41.482105 541.402283 -599.915039	-0.807 29.894 -90.317
ttt_random_weapon	45.769783 1134.793091 -603.881165	1.616 3.813 -93.191
ttt_random_weapon	47.096539 1093.917725 -602.260376	1.844 4.883 -92.669
ttt_random_weapon	39.458008 1032.546021 -603.748962	1.643 8.109 -93.129
ttt_random_weapon	41.945675 989.005432 -601.995667	1.483 4.485 -94.708
ttt_random_weapon	-224.391800 336.005493 -578.321472	1.332 27.456 -93.841
ttt_random_weapon	-362.690704 337.203766 -578.593445	0.737 20.913 -95.220
ttt_random_weapon	1121.191406 210.394348 -134.950684	1.701 20.866 -93.192
ttt_random_weapon	1121.620239 48.609798 -94.751968	1.332 4.019 -93.841
ttt_random_weapon	1024.780640 14.316971 -126.759483	1.345 34.181 -93.728
ttt_random_weapon	1054.781494 13.665154 -158.257446	-2.172 131.133 86.387
ttt_random_weapon	925.840576 27.124140 -149.668533	1.500 4.996 -94.803
ttt_random_weapon	839.697205 17.236731 -147.116959	1.476 8.373 -93.937
ttt_random_weapon	859.461121 21.403439 -127.817207	1.314 20.798 -93.848
ttt_random_weapon	795.433350 17.434790 -130.788010	1.216 17.531 -94.503
ttt_random_weapon	971.906006 21.361998 -128.747513	1.144 18.401 -92.068
ttt_random_weapon	837.421936 290.737244 -167.574127	-0.107 117.833 -97.120
ttt_random_weapon	127.130173 198.364182 -122.958000	1.403 35.605 -93.250
ttt_random_weapon	247.449997 283.694550 -568.516296	0.580 29.937 -93.594
ttt_random_weapon	230.766113 1421.806885 -568.067383	1.529 18.944 -94.971
ttt_random_weapon	800.191345 286.749908 -457.686096	1.465 18.230 -93.535
ttt_random_weapon	680.758362 374.295624 -458.494415	1.805 15.067 -92.757
ttt_random_weapon	-133.824005 967.935730 -455.135895	2.181 17.944 -91.895
ttt_random_weapon	-505.444763 778.265442 -452.478882	1.604 19.161 -93.542
ttt_random_weapon	-503.602173 912.775635 -454.025238	1.545 7.102 -93.353
ttt_random_weapon	-0.023074 741.413391 -456.937592	1.721 9.162 -92.950
ttt_random_weapon	-263.875275 957.959717 -450.149689	1.687 22.637 -93.027
ttt_random_weapon	-201.645599 955.205811 -404.704987	-8.041 28.914 -77.921
ttt_random_weapon	618.908447 742.056946 -459.153717	1.459 16.585 -93.549
ttt_random_weapon	507.522919 748.675476 -457.580261	1.712 11.419 -92.970
ttt_random_weapon	423.095551 751.135010 -456.665375	1.589 2.699 -93.253
ttt_random_weapon	1314.836792 1133.559326 -441.678833	1.647 12.234 -93.119
ttt_random_weapon	1314.820679 1040.121460 -444.386169	1.179 1.587 -93.827
ttt_random_weapon	4.898109 1584.772095 -457.864899	1.173 -143.454 -93.825
ttt_random_weapon	-824.027161 2080.859619 -459.595520	1.438 11.954 -93.598
ttt_random_weapon	-490.976440 499.907227 -593.118835	7.636 -39.893 -76.480
ttt_random_weapon	45.872234 121.800308 -444.145905	1.366 62.317 -93.764
ttt_random_weapon	-125.211906 -132.330917 -570.217773	1.424 18.727 -93.630
ttt_random_weapon	-128.279480 -161.424286 -568.525879	1.469 6.842 -93.528
ttt_random_weapon	-456.484253 -285.211548 -630.946472	1.714 3.878 -92.967
ttt_random_weapon	-465.234253 -136.547714 -633.609985	1.783 2.952 -92.808
ttt_random_weapon	-590.851318 -256.454193 -602.848999	0.323 34.714 -93.296
weapon_zm_sledge	-881.917786 1456.375610 -412.746216	18.908 88.197 2.320
weapon_zm_sledge	637.626038 507.040253 -190.900558	19.539 98.031 2.639
weapon_zm_sledge	636.149536 466.227997 -191.490128	18.769 -96.328 3.160
weapon_ttt_smg	-109.722794 1024.754883 -125.655350	1.680 42.732 89.477
weapon_ttt_smg	-396.798096 -94.880325 -438.720825	1.686 41.658 90.382
weapon_ttt_m16	-696.262024 629.598816 -298.563507	1.815 -3.921 83.961
weapon_ttt_m16	-693.005615 661.806885 -300.271912	2.437 -0.932 84.015
weapon_ttt_m16	1546.298950 1109.980591 -459.182007	2.612 10.774 84.583
weapon_ttt_tmp	-70.328209 528.349121 -571.883850	0.261 -52.468 -92.056
weapon_ttt_tmp	-95.632957 336.813965 -579.747803	-0.380 -37.203 -91.403
weapon_ttt_mp5	1535.907471 1060.523560 -457.241211	0.171 44.678 83.473
weapon_ttt_galil	359.315338 519.632629 -121.782059	0.808 -10.921 -87.709
weapon_ttt_galil	3.066925 509.554352 -118.880074	0.985 -12.277 -87.240
weapon_zm_molotov	-323.983246 2516.117676 -398.809845	3.652 1.890 -2.109
weapon_zm_molotov	-441.841675 2515.250000 -399.140411	-1.459 -1.769 -1.485
weapon_zm_molotov	-633.886963 2515.289551 -399.174500	-1.129 -1.601 -1.527
weapon_zm_molotov	-521.705688 2513.943115 -399.322601	-1.828 -1.932 -1.862
weapon_zm_molotov	220.769974 667.426636 -444.879578	-0.498 -1.591 -0.504
weapon_zm_molotov	219.980820 680.152039 -445.043884	-1.782 -1.351 -1.817
weapon_zm_molotov	221.736389 696.842896 -445.495819	-2.091 -1.854 -2.132
weapon_zm_molotov	217.832092 710.726379 -445.760773	-1.525 -0.835 -1.553
weapon_zm_molotov	356.133911 664.156921 -446.036743	-1.746 -4.321 -1.779
weapon_zm_molotov	356.677429 678.177551 -445.856445	-1.745 -1.678 -1.779
weapon_zm_molotov	356.897308 692.310364 -445.464478	-1.968 -0.880 -2.006
weapon_zm_molotov	355.080780 707.316895 -443.820313	-1.199 -2.000 -1.221
weapon_zm_molotov	-808.196045 1720.376709 -445.795319	-1.504 -4.397 -1.531
weapon_zm_molotov	-855.491699 1722.927002 -399.356750	-1.560 -1.921 -1.589
weapon_zm_molotov	-839.680176 1833.414551 -413.643402	-1.396 -1.790 -1.419
weapon_zm_molotov	-822.318298 1833.098267 -430.197357	-1.462 -1.459 -1.490
weapon_zm_molotov	648.615479 949.265930 -446.225311	-1.910 -2.257 -1.949
weapon_zm_molotov	650.174011 924.126587 -445.989105	-0.930 -0.912 -0.945
weapon_zm_molotov	760.723877 948.516174 -445.700714	-1.911 0.009 -1.948
weapon_zm_molotov	760.884644 922.747559 -445.779114	-1.999 0.060 -2.039
weapon_ttt_sg550	735.469055 1715.644165 -153.720078	0.374 -12.620 -89.758
ttt_random_ammo	502.943054 2042.444336 -461.637482	0.069 -1.296 0.019
ttt_random_ammo	500.171509 2062.360596 -460.228851	0.107 -4.590 0.070
ttt_random_ammo	465.120605 2042.462402 -461.479736	0.107 0.973 0.070
ttt_random_ammo	465.241730 2064.093018 -460.808533	0.098 0.965 0.057
ttt_random_ammo	415.360809 2035.577026 -461.109283	0.211 -0.637 0.200
ttt_random_ammo	418.193878 2058.410400 -459.685486	0.044 2.334 -0.029
ttt_random_ammo	263.687561 2041.108276 -460.807922	0.213 -2.920 0.204
ttt_random_ammo	264.302399 2056.301270 -460.860870	0.107 0.000 0.072
ttt_random_ammo	238.097885 2040.077393 -462.168121	0.107 -0.025 0.070
ttt_random_ammo	242.007797 2054.907227 -461.156830	0.119 0.973 0.085
ttt_random_ammo	307.441986 2421.032227 -460.548065	0.000 89.969 0.000
ttt_random_ammo	334.831238 2421.304199 -459.038605	0.000 89.974 0.000
ttt_random_ammo	356.512268 2418.126221 -457.170227	0.000 89.974 0.000
ttt_random_ammo	291.632660 2419.830322 -458.473724	5.093 90.288 -0.695
ttt_random_ammo	-284.632538 1615.783813 -462.855408	0.082 2.298 0.036
ttt_random_ammo	-282.855988 1600.924805 -462.188110	0.047 0.943 -0.018
ttt_random_ammo	-324.691193 1560.221680 -460.411346	0.048 -1.304 -0.016
ttt_random_ammo	-327.929901 1573.594116 -461.979279	0.048 -0.628 -0.016
ttt_random_ammo	-658.749817 1517.029907 -444.414063	0.021 -1.833 -0.117
ttt_random_ammo	-560.130737 1515.318604 -443.264496	0.070 -3.616 0.020
ttt_random_ammo	-538.233398 1401.769409 -444.888062	0.046 1.294 -0.036
ttt_random_ammo	-538.323975 1418.531738 -444.519836	0.044 -0.965 -0.027
ttt_random_ammo	-533.554443 1455.354614 -444.320099	0.098 0.630 0.057
ttt_random_ammo	-534.371765 1440.032104 -443.537628	0.156 0.554 -0.676
ttt_random_ammo	-848.420349 1472.947632 -438.171051	0.081 0.000 0.051
ttt_random_ammo	-847.829712 1459.171875 -438.155762	0.080 0.001 0.052
ttt_random_ammo	-850.414734 1444.187622 -437.930328	0.106 0.035 0.068
ttt_random_ammo	-849.521362 1432.822632 -438.158783	0.033 0.000 -0.015
ttt_random_ammo	-270.658264 794.762512 -571.023438	-0.242 7.979 -0.294
ttt_random_ammo	-270.887970 822.080994 -570.430969	0.062 0.027 0.006
ttt_random_ammo	-263.713226 834.303040 -548.863403	0.032 -5.271 0.934
ttt_random_ammo	-274.033630 854.113892 -549.082092	3.174 -0.317 2.047
ttt_random_ammo	-265.711945 805.642639 -548.374390	0.736 -3.180 -0.159
ttt_random_ammo	-266.356995 919.501526 -547.429138	3.621 -4.152 0.030
ttt_random_ammo	-270.142303 769.558716 -547.550293	2.849 0.534 2.003
ttt_random_ammo	-266.059174 942.006531 -546.288818	0.056 -8.024 0.008
ttt_random_ammo	-267.164154 938.777954 -523.982788	0.827 -0.107 1.000
ttt_random_ammo	-263.224335 913.346741 -524.842041	1.399 1.009 1.679
ttt_random_ammo	-273.677185 852.869690 -522.312256	0.975 -2.254 1.175
ttt_random_ammo	-265.337494 780.968811 -524.793640	1.257 -0.007 1.476
ttt_random_ammo	-264.809631 750.773071 -524.532166	0.059 -0.628 0.001
ttt_random_ammo	691.237793 1139.579956 -413.840546	0.048 -0.852 -0.018
ttt_random_ammo	723.956726 1138.518433 -445.851532	0.074 0.353 -0.024
ttt_random_ammo	654.994385 1102.890991 -445.530029	1.248 -0.284 1.465
ttt_random_ammo	686.421814 1104.269409 -445.381744	0.359 -2.755 0.379
ttt_random_ammo	1035.376831 883.189209 -445.008057	0.048 0.626 -0.024
ttt_random_ammo	1070.827881 949.741211 -444.820618	0.618 -0.799 0.687
ttt_random_ammo	1070.230103 914.469177 -445.741119	0.049 0.000 -0.016
ttt_random_ammo	1035.279053 979.294250 -444.985443	0.360 0.295 0.380
ttt_random_ammo	1307.697266 1368.956787 -460.393372	-0.191 -2.612 0.170
ttt_random_ammo	1310.675293 1402.922852 -459.963959	-0.823 -5.751 0.946
ttt_random_ammo	1379.357544 1367.222656 -461.238739	-1.260 -1.650 1.529
ttt_random_ammo	1379.527710 1404.640625 -460.926605	0.045 -0.637 -0.039
ttt_random_ammo	1395.993896 1518.328247 -460.471100	-0.171 0.377 0.145
ttt_random_ammo	1395.108032 1492.791992 -460.622375	-0.624 -1.302 0.703
ttt_random_ammo	-16.406752 544.363892 -126.921455	-0.044 -1.292 -0.031
ttt_random_ammo	18.871363 544.984192 -126.780884	0.064 -1.790 -0.007
ttt_random_ammo	140.866074 508.756500 -188.474731	0.067 0.701 0.010
ttt_random_ammo	140.802368 528.642578 -188.334793	0.047 -0.963 0.026
ttt_random_ammo	152.127441 931.243164 -173.553650	0.064 -0.305 0.008
ttt_random_ammo	152.020187 973.445251 -173.098663	0.051 -0.645 -0.013
ttt_random_ammo	-113.709969 1201.945923 -125.963333	-0.362 0.035 0.384
ttt_random_ammo	-78.573425 1201.106079 -126.141830	0.342 -0.969 0.359
ttt_random_ammo	-108.908112 1056.941772 -157.261887	0.102 -0.694 0.061
ttt_random_ammo	175.427322 1087.241455 -189.747574	0.046 -0.305 -0.033
ttt_random_ammo	294.234558 1120.046143 -188.054047	0.081 0.943 0.032
ttt_random_ammo	318.967072 1119.778442 -188.335968	0.866 -0.619 1.000
ttt_random_ammo	353.302094 1116.181152 -189.849884	0.372 3.817 -3.824
ttt_random_ammo	381.923065 1120.005981 -188.741547	0.079 -0.630 0.030
ttt_random_ammo	410.924103 1119.965332 -187.898636	0.060 0.031 0.002
ttt_random_ammo	444.385529 1120.705688 -189.994629	0.053 -0.634 -0.010
ttt_random_ammo	479.274353 1120.420776 -189.308334	1.541 -0.608 1.824
ttt_random_ammo	517.476807 1120.524658 -189.668930	0.080 -0.633 -0.007
ttt_random_ammo	546.098938 1120.271118 -188.805588	0.048 -0.027 -0.021
ttt_random_ammo	575.560791 1120.001343 -188.285049	1.054 0.042 1.257
ttt_random_ammo	602.830750 1118.036621 -189.569504	0.046 -2.279 -0.031
ttt_random_ammo	631.552856 1120.591919 -189.481613	0.823 -0.784 1.002
ttt_random_ammo	661.459595 1120.971069 -190.211212	0.447 0.037 0.489
ttt_random_ammo	690.337952 1120.183960 -188.148132	0.046 -0.966 -0.029
ttt_random_ammo	719.535583 1120.343750 -188.715042	0.340 -0.639 0.359
ttt_random_ammo	748.193115 1120.699219 -189.723969	0.181 -0.145 0.162
ttt_random_ammo	776.274353 1122.706055 -189.191666	0.358 -0.309 -0.381
ttt_random_ammo	-224.760864 1389.506592 -585.402466	1.455 -1.008 -1.766
ttt_random_ammo	-224.126556 1407.489380 -585.529114	0.048 -0.963 -0.029
ttt_random_ammo	-223.336838 1426.968628 -585.138977	0.049 -0.639 -0.022
ttt_random_ammo	-222.629318 1447.681641 -584.733948	0.050 1.672 -0.020
ttt_random_ammo	-360.430878 1394.274658 -584.438049	1.030 -1.282 1.200
ttt_random_ammo	-363.673065 1407.875732 -585.138306	0.076 -1.949 0.021
ttt_random_ammo	-361.452209 1440.016479 -585.358215	1.357 0.052 1.620
ttt_random_ammo	-361.218445 1454.734619 -583.983704	0.049 -1.289 -0.024
ttt_random_ammo	-86.543976 1396.491943 -582.599060	0.175 -1.014 0.150
ttt_random_ammo	-86.647453 1410.162354 -585.174255	0.054 -2.787 -0.011
ttt_random_ammo	-84.741570 1434.472290 -585.101746	1.083 -0.987 -1.261
ttt_random_ammo	-83.522667 1448.638184 -584.570679	0.062 -0.973 0.001
ttt_random_ammo	-16.877939 397.866852 -607.046143	0.047 -2.616 -0.030
ttt_random_ammo	-16.980238 423.802612 -606.303650	0.053 -0.353 -0.011
ttt_random_ammo	-16.590139 454.855621 -606.610413	1.655 -2.910 2.008
ttt_random_ammo	-17.165110 486.008240 -605.808044	0.066 0.635 -0.011
ttt_random_ammo	-17.001921 517.520203 -606.309570	0.049 -0.974 0.017
ttt_random_ammo	-16.931250 549.953247 -605.861938	1.203 -0.933 1.462
ttt_random_ammo	-16.732086 584.410339 -606.321350	0.048 -0.632 -0.021
ttt_random_ammo	-17.202009 696.834961 -605.591980	0.049 -1.957 -0.025
ttt_random_ammo	-16.845135 731.050415 -605.771240	0.063 -1.455 0.002
ttt_random_ammo	-16.899597 759.968323 -605.248901	0.050 -0.957 -0.021
ttt_random_ammo	-17.260105 796.587036 -604.472107	0.082 0.029 0.031
ttt_random_ammo	-17.123438 828.701294 -605.740540	0.453 0.635 0.494
ttt_random_ammo	-16.786463 863.824219 -605.240967	1.607 0.389 1.954
ttt_random_ammo	-16.643805 898.434875 -605.921387	0.165 0.337 0.164
ttt_random_ammo	-15.534850 933.590454 -605.356506	0.273 -0.633 0.273
ttt_random_ammo	-15.839132 970.863220 -605.965820	0.081 -0.302 0.032
ttt_random_ammo	-15.051126 1000.656738 -604.844910	0.184 -0.961 0.162
ttt_random_ammo	-13.192637 1105.551025 -601.997925	0.346 0.391 0.350
ttt_random_ammo	-14.685763 1146.064575 -603.948242	1.321 -2.307 1.594
ttt_random_ammo	-15.782289 1179.588989 -604.871338	1.507 -0.597 1.816
ttt_random_ammo	-17.300810 1212.555786 -603.610718	0.886 0.523 1.063
ttt_random_ammo	-16.596830 1249.502319 -604.600586	0.048 0.044 -0.027
ttt_random_ammo	-15.442565 1286.209717 -605.831421	0.120 -0.683 0.083
ttt_random_ammo	-65.576286 551.744324 -573.338806	0.046 1.676 -0.030
ttt_random_ammo	-66.651474 567.751770 -573.657043	0.381 -0.630 0.408
ttt_random_ammo	-222.279617 298.283173 -586.029846	0.048 3.320 -0.036
ttt_random_ammo	-222.831680 281.197449 -585.649475	1.635 -4.110 1.974
ttt_random_ammo	-222.991150 259.570190 -585.653809	0.296 0.301 -0.303
ttt_random_ammo	-223.853012 244.677902 -584.956970	0.049 0.703 0.018
ttt_random_ammo	-364.781189 243.233719 -585.161560	0.047 1.017 0.026
ttt_random_ammo	-363.821503 257.366058 -585.604309	0.074 -0.294 -0.022
ttt_random_ammo	-364.323425 285.840118 -584.771057	0.258 -0.311 -0.255
ttt_random_ammo	-364.735443 300.898376 -584.130859	0.300 -1.619 0.307
ttt_random_ammo	-381.544861 690.089478 -603.540100	-0.046 -1.290 -0.019
ttt_random_ammo	-387.231506 672.989441 -605.572083	0.321 -0.037 0.333
ttt_random_ammo	-65.469650 591.333557 -605.776062	0.047 -1.464 -0.025
ttt_random_ammo	788.452209 24.058939 -182.676498	-0.048 -0.000 -0.032
ttt_random_ammo	817.051697 21.665249 -182.652374	-0.053 -0.000 -0.013
ttt_random_ammo	848.954651 19.663288 -182.636429	0.060 0.000 0.004
ttt_random_ammo	878.768860 21.389524 -182.646622	0.049 0.000 -0.015
ttt_random_ammo	907.523865 19.692499 -182.621918	0.113 0.000 0.076
ttt_random_ammo	938.560791 19.542519 -182.642456	0.052 0.000 -0.008
ttt_random_ammo	976.811523 19.786406 -107.932159	0.046 2.616 -0.034
ttt_random_ammo	939.043030 13.661739 -108.093628	0.055 7.209 -0.005
ttt_random_ammo	902.039856 19.951668 -108.832520	1.346 -2.254 1.605
ttt_random_ammo	804.458618 19.625229 -108.075752	-0.041 -0.000 -0.030
ttt_random_ammo	820.104126 279.546417 -172.024811	-0.051 -0.963 -0.020
ttt_random_ammo	818.987000 307.102417 -171.663956	0.064 -1.295 0.008
ttt_random_ammo	158.823456 198.911850 -156.751617	0.105 0.030 0.063
ttt_random_ammo	191.509537 197.058792 -186.639023	0.047 0.017 0.026
ttt_random_ammo	292.194885 283.622040 -541.266602	0.116 0.016 0.079
ttt_random_ammo	253.532333 313.011169 -573.247803	-0.008 -0.666 -0.025
ttt_random_ammo	255.767548 330.367767 -573.872498	-0.046 -1.841 -0.027
ttt_random_ammo	226.655991 1484.704712 -574.236816	0.150 -1.789 0.124
ttt_random_ammo	224.799866 1459.690796 -573.553833	0.058 0.306 0.002
ttt_random_ammo	788.848816 317.337158 -459.577271	-0.054 -0.851 -0.008
ttt_random_ammo	791.893433 337.361816 -459.842621	0.042 0.507 -0.024
ttt_random_ammo	744.563049 362.910278 -458.988495	0.046 0.305 -0.029
ttt_random_ammo	744.576782 378.962250 -461.036804	0.049 0.634 -0.018
ttt_random_ammo	43.849861 735.943237 -461.552155	-0.080 0.306 0.033
ttt_random_ammo	48.642685 754.289307 -460.107849	0.137 -1.625 0.103
ttt_random_ammo	-532.363708 884.639465 -459.678192	1.512 -0.595 1.792
ttt_random_ammo	-533.447815 858.280151 -460.214386	0.060 0.000 0.001
ttt_random_ammo	-527.995728 827.182922 -460.512665	0.085 -0.305 0.035
ttt_random_ammo	-529.179077 808.091003 -459.593414	0.154 -0.026 0.124
ttt_random_ammo	-509.247589 882.083435 -459.235352	0.358 1.307 0.378
ttt_random_ammo	-513.578491 857.677795 -460.380829	0.220 0.308 0.207
ttt_random_ammo	-507.826050 827.286072 -458.982880	0.368 -0.518 0.391
ttt_random_ammo	-507.945160 807.341125 -459.133148	1.111 1.041 1.351
ttt_random_ammo	578.406799 732.590027 -461.458405	0.049 -1.297 -0.020
ttt_random_ammo	577.809021 750.476257 -462.211639	0.051 -0.973 -0.018
ttt_random_ammo	471.307892 731.792053 -462.625122	0.042 0.003 0.001
ttt_random_ammo	470.604462 748.802490 -461.210785	0.049 -0.639 -0.022
ttt_random_ammo	379.302063 730.679260 -460.629913	0.048 -1.340 -0.034
ttt_random_ammo	381.386414 753.197632 -460.957245	0.068 1.948 0.011
ttt_random_ammo	754.230164 989.407837 -444.534698	0.181 -2.005 -0.162
ttt_random_ammo	755.338074 1009.643311 -445.047546	0.936 -1.126 1.084
ttt_random_ammo	653.687134 986.547974 -445.450806	0.060 -0.301 0.000
ttt_random_ammo	655.265808 1006.414673 -443.792053	0.192 0.303 0.172
ttt_random_ammo	-215.700851 2236.580566 -461.209412	1.085 0.044 1.301
ttt_random_ammo	-215.175140 2215.909424 -461.097656	0.046 0.040 -0.036
ttt_random_ammo	-215.395081 1570.305542 -460.186035	0.120 -1.292 0.086
ttt_random_ammo	-213.106506 1592.494995 -461.540314	-0.042 -0.963 -0.028
ttt_random_ammo	-792.767639 2649.338867 -460.811646	0.329 -0.351 0.314
ttt_random_ammo	-695.308167 2619.811035 -459.531677	0.642 -1.130 0.724
ttt_random_ammo	-733.380371 2621.694580 -460.806976	1.642 -0.328 1.955
ttt_random_ammo	-827.938843 2101.293213 -460.031403	0.049 0.675 -0.013
ttt_random_ammo	-827.564209 2118.904785 -460.357147	0.046 0.306 -0.020
ttt_random_ammo	-827.423523 2134.728271 -459.957397	0.270 1.847 0.274
ttt_random_ammo	-826.888794 2149.541260 -459.591736	0.743 -0.926 0.889
ttt_random_ammo	-540.919617 512.916565 -652.747620	0.086 -2.291 -0.002
ttt_random_ammo	-542.753662 497.360992 -652.443909	0.121 -0.276 -0.052
ttt_random_ammo	-564.111877 513.836243 -654.041931	0.091 0.685 -0.010
ttt_random_ammo	-562.683411 499.003693 -653.001526	1.202 -0.321 -1.385
ttt_random_ammo	78.952278 112.842110 -382.809448	-0.250 0.630 0.247
ttt_random_ammo	-109.996704 -193.774155 -573.235107	0.046 -1.340 -0.033
ttt_random_ammo	-174.357651 -127.189774 -603.656128	0.093 0.966 0.050
ttt_random_ammo	-141.943970 -223.400986 -638.132324	1.127 -0.993 -1.323
ttt_random_ammo	-140.500336 -192.522064 -637.171448	0.806 -0.320 -0.947
ttt_random_ammo	-177.904358 -191.256149 -638.231384	0.095 -0.301 -0.018
ttt_random_ammo	-173.863525 -159.438797 -637.039856	0.220 0.026 -0.180
ttt_random_ammo	-178.365921 -222.924561 -638.349121	1.606 -3.244 1.878
ttt_random_ammo	-107.818245 -224.860062 -637.113464	1.217 -0.651 -1.404
ttt_random_ammo	-592.015991 -288.205719 -571.778748	-0.070 1.015 0.018
ttt_random_ammo	-558.697388 -287.193451 -636.697205	0.222 0.808 -0.182
ttt_random_ammo	-559.180115 -257.057007 -637.268188	0.362 0.305 -0.358
weapon_zm_rifle	686.358826 2188.578125 -207.658066	3.366 12.265 64.887
weapon_zm_rifle	638.834412 2054.115967 -199.844055	0.185 -1.187 -89.140
weapon_zm_rifle	-641.568237 -341.723175 -402.497162	3.544 6.769 65.236
weapon_zm_rifle	-463.285217 -334.476563 -402.326538	3.401 12.507 64.350
weapon_ttt_glock	-1078.570435 565.253235 -636.240906	-0.611 27.473 91.151
weapon_ttt_glock	-1082.957153 542.841125 -636.854980	-0.877 27.734 91.690
weapon_zm_mac10	1541.215454 1134.547852 -458.654999	-0.278 -67.364 -88.833
weapon_ttt_p228	237.204803 2379.956055 -455.899841	36.387 1.327 0.057
weapon_ttt_p228	235.854965 2340.847900 -460.453064	36.378 0.711 0.055
weapon_ttt_p228	241.948639 2294.675049 -459.328979	36.598 0.388 0.099
weapon_ttt_p228	245.652084 2246.053711 -458.268372	36.691 0.374 0.116
weapon_ttt_p228	237.506927 1117.395996 -187.962265	-1.981 -34.846 -91.029
weapon_ttt_p228	204.472382 1114.110474 -187.872070	-0.539 -27.406 -90.731
weapon_zm_pistol	-1066.596924 511.800934 -349.392181	0.484 -38.506 -89.293
weapon_zm_pistol	-1066.909912 493.276337 -348.450592	0.730 -37.890 -89.037
weapon_zm_pistol	-1068.264771 478.193359 -347.914185	0.862 -38.237 -88.898
weapon_zm_pistol	-1068.153198 464.143127 -347.766846	0.478 -36.865 -89.300
weapon_zm_pistol	-53.429821 1569.866333 -459.935608	1.093 -36.929 -89.014
weapon_zm_pistol	-90.657814 1569.885376 -460.139832	0.954 -38.515 -89.115
weapon_zm_pistol	-135.854416 1570.728027 -460.567993	0.694 -37.824 -89.301
weapon_zm_pistol	-174.896301 1571.933228 -460.604187	0.968 -38.025 -89.103
weapon_zm_pistol	108.736198 1691.915527 -440.911011	1.029 -39.178 -89.060
weapon_zm_pistol	110.719254 1792.008545 -441.070160	0.968 -41.666 -89.104
weapon_ttt_revolver	570.500122 2401.531006 -457.968445	8.758 27.651 75.316
weapon_ttt_revolver	581.088318 2414.000732 -458.141022	9.490 25.696 73.657
weapon_ttt_revolver	558.322937 2413.004150 -458.102478	8.985 25.939 74.829
weapon_ttt_revolver	-1166.301147 421.363098 -647.170593	9.101 44.188 74.526
weapon_ttt_dual_elites	1545.556885 1509.217896 -463.988007	1.941 0.153 -0.070
weapon_ttt_dual_elites	341.594666 721.883179 -188.030396	2.006 -1.122 -0.037
weapon_ttt_confgrenade	1575.007568 2486.966797 -444.048218	17.833 134.933 87.552
weapon_ttt_confgrenade	1579.578735 2374.662842 -444.582855	-37.916 -59.375 -90.848
weapon_ttt_confgrenade	-850.205750 1847.595825 -396.726227	-37.668 -53.658 -89.504
weapon_ttt_confgrenade	-815.454041 1846.385742 -397.413635	-37.649 -48.726 -89.438
weapon_ttt_confgrenade	-848.288818 1702.035156 -397.073944	-36.496 -43.457 -90.096
weapon_ttt_confgrenade	-810.782349 1701.086426 -395.489685	-35.907 -33.802 -89.471
weapon_ttt_confgrenade	382.142059 893.575623 -458.775665	-37.646 -52.236 -90.606
weapon_ttt_confgrenade	419.585388 892.526367 -458.632202	-36.831 -48.478 -91.693
weapon_ttt_confgrenade	464.742310 891.486145 -459.685547	-37.240 -54.557 -88.916
weapon_ttt_confgrenade	515.384460 890.027466 -459.912964	-37.197 -54.514 -88.745
weapon_ttt_confgrenade	560.492737 889.993042 -458.580109	-37.174 -55.507 -88.702
weapon_ttt_confgrenade	609.187622 890.267395 -458.984833	-37.897 -53.854 -91.663
weapon_ttt_confgrenade	1132.922729 594.333801 -439.601501	-37.319 -54.908 -89.265
weapon_ttt_confgrenade	-587.408203 -352.831299 -402.255554	-38.237 -54.973 -87.803
weapon_ttt_confgrenade	-511.240295 -350.264954 -400.387238	-38.488 -45.153 -94.436
weapon_ttt_confgrenade	-518.435974 -77.591179 -403.830017	-38.175 -58.578 -86.809
weapon_ttt_confgrenade	-600.550598 -84.374573 -403.570618	38.624 -35.603 -89.103
weapon_ttt_confgrenade	76.662193 144.214233 -412.077454	-36.800 -54.002 -90.239
weapon_zm_shotgun	966.984680 2061.456543 -460.220703	-0.229 -7.392 -83.570
weapon_zm_shotgun	611.195740 2053.528320 -462.905884	-0.344 -8.489 -84.112
weapon_zm_shotgun	571.182678 2052.058350 -462.961609	-0.232 -8.493 -83.585
weapon_zm_shotgun	219.080688 1020.112061 -123.499817	-0.256 -11.875 -83.730
weapon_zm_shotgun	219.262680 1046.646729 -123.966858	0.067 -13.017 -82.264
weapon_zm_shotgun	228.906372 1381.878052 -570.309448	-0.089 -41.419 -82.917
weapon_ttt_famas	1342.866699 1450.581543 -401.015442	2.592 -13.088 109.245
weapon_zm_revolver	1432.691284 989.146301 -458.465363	1.907 -18.508 -85.958
weapon_zm_revolver	1536.700806 992.857971 -459.672699	1.921 -17.833 -85.932
weapon_zm_revolver	650.119812 1136.702271 -378.590729	1.870 -19.030 -86.022
weapon_zm_revolver	-19.162510 572.935791 -158.132339	1.910 -20.077 -85.952
weapon_zm_revolver	14.664555 574.457397 -156.673309	1.973 -19.292 -85.842
weapon_zm_revolver	58.191010 1694.341919 -442.799591	0.619 -45.028 -87.461
weapon_zm_revolver	63.567345 1796.036621 -442.838196	2.272 -42.378 -85.038
weapon_zm_revolver	-975.749207 558.317993 -635.570862	1.936 -28.644 -85.906
weapon_ttt_aug	-1149.127808 593.456909 -363.038910	-0.026 4.137 87.624
weapon_ttt_aug	-1149.548096 565.046326 -361.334747	0.277 10.763 86.972
weapon_ttt_aug	-792.150269 2673.376709 -455.982330	0.249 -26.321 86.954
weapon_ttt_aug	-717.571472 2674.170166 -404.558411	8.398 -27.048 104.367
weapon_ttt_sg552	1033.208984 2167.529541 -204.919739	2.561 -1.693 -85.117
