# Trouble in Terrorist Town weapon/ammo placement overrides
# For map: ttt_forsaken_chambers_v2
# Exported by: Ahbiga
setting:	replacespawns 1
ttt_random_weapon	-156.000000 -96.000000 9.372910	0.000 270.000 0.000
ttt_random_weapon	-168.000000 -96.000000 9.372910	0.000 270.000 0.000
ttt_random_weapon	80.000000 352.000000 61.372898	0.000 0.000 0.000
ttt_random_weapon	72.000000 340.000000 61.372898	0.000 0.000 0.000
ttt_random_weapon	-350.000000 588.000000 201.373001	0.000 210.000 0.000
ttt_random_weapon	-356.000000 598.392029 201.373001	0.000 210.000 0.000
ttt_random_weapon	276.894012 200.000000 201.373001	0.000 15.000 0.000
ttt_random_weapon	280.000000 188.408997 201.373001	0.000 15.000 0.000
ttt_random_weapon	329.608002 270.000000 201.373001	0.000 60.000 0.000
ttt_random_weapon	340.000000 264.000000 201.373001	0.000 60.000 0.000
ttt_random_weapon	488.589996 327.398987 -94.627098	0.000 300.000 0.000
ttt_random_weapon	478.196991 321.398987 -94.627098	0.000 300.000 0.000
ttt_random_weapon	392.000000 -3067.510010 9.372910	0.000 315.000 0.000
ttt_random_weapon	383.515015 -3076.000000 9.372910	0.000 315.000 0.000
ttt_random_weapon	300.000000 -3072.000000 9.372910	0.000 60.000 0.000
ttt_random_weapon	310.391998 -3078.000000 9.372910	0.000 60.000 0.000
ttt_random_weapon	624.000000 -2802.000000 -94.627098	0.000 60.000 0.000
ttt_random_weapon	634.392029 -2808.000000 -94.627098	0.000 60.000 0.000
ttt_random_weapon	152.934998 -165.184998 9.372910	0.000 30.000 0.000
ttt_random_weapon	158.934998 -175.578003 9.372910	0.000 30.000 0.000
ttt_random_weapon	0.000000 -344.000000 -94.627098	0.000 0.000 0.000
ttt_random_weapon	0.000000 -356.000000 -94.627098	0.000 0.000 0.000
ttt_random_weapon	-44.000000 372.000000 -94.627098	0.000 300.000 0.000
ttt_random_weapon	-46.392300 354.000000 -94.627098	0.000 300.000 0.000
ttt_random_weapon	-288.000000 716.484985 -94.627098	0.000 45.000 0.000
ttt_random_weapon	-279.515015 708.000000 -94.627098	0.000 45.000 0.000
ttt_random_weapon	-246.000000 276.000000 201.373001	0.000 330.000 0.000
ttt_random_weapon	-252.000000 265.608002 201.373001	0.000 330.000 0.000
ttt_random_weapon	204.000000 114.000000 -94.627098	0.000 300.000 0.000
ttt_random_weapon	193.608002 108.000000 -94.627098	0.000 300.000 0.000
ttt_random_weapon	203.852005 157.182007 -94.627098	0.000 225.000 0.000
ttt_random_weapon	195.367004 165.667999 -94.627098	0.000 225.000 0.000
ttt_random_weapon	0.000000 -120.000000 9.372910	0.000 345.000 0.000
ttt_random_weapon	-3.246930 -99.045898 9.372910	0.000 345.000 0.000
ttt_random_weapon	176.000000 174.000000 201.373001	0.000 300.000 0.000
ttt_random_weapon	165.608002 168.000000 201.373001	0.000 300.000 0.000
ttt_random_weapon	-688.000000 -2577.610107 -94.627098	0.000 330.000 0.000
ttt_random_weapon	-694.000000 -2588.000000 -94.627098	0.000 330.000 0.000
ttt_random_weapon	-588.541016 -2652.030029 -94.627098	0.000 30.000 0.000
ttt_random_weapon	-582.541016 -2662.429932 -94.627098	0.000 30.000 0.000
ttt_random_weapon	252.000000 -3100.000000 9.372900	0.000 0.000 0.000
ttt_random_weapon	252.000000 -3112.000000 9.372900	0.000 0.000 0.000
ttt_random_weapon	12.000000 592.893982 165.373001	0.000 255.000 0.000
ttt_random_weapon	0.408875 596.000000 165.373001	0.000 255.000 0.000
ttt_random_weapon	56.000000 424.000000 233.373001	0.000 0.000 0.000
ttt_random_weapon	56.000000 412.000000 233.373001	0.000 0.000 0.000
ttt_random_weapon	104.893997 424.000000 233.373001	0.000 15.000 0.000
ttt_random_weapon	-368.000000 76.000000 -94.627098	0.000 300.000 0.000
ttt_random_weapon	-360.000000 46.000000 -94.627098	0.000 255.000 0.000
ttt_random_weapon	-254.000000 146.391998 201.373001	0.000 30.000 0.000
ttt_random_weapon	-248.000000 136.000000 201.373001	0.000 30.000 0.000
ttt_random_weapon	102.000000 -604.000000 -94.627098	0.000 30.000 0.000
ttt_random_weapon	108.000000 -614.393005 -94.627098	0.000 30.000 0.000
ttt_random_weapon	74.275803 -560.396973 -94.627098	0.000 315.000 0.000
ttt_random_weapon	65.789902 -568.882019 -94.627098	0.000 315.000 0.000
ttt_random_weapon	44.000301 -799.999023 -222.626999	0.000 0.000 0.000
ttt_random_weapon	44.000000 -812.000000 -222.626999	0.000 0.000 0.000
ttt_random_weapon	-45.607300 -774.000977 -222.626999	0.000 240.000 0.000
ttt_random_weapon	-56.000000 -768.000000 -222.626999	0.000 240.000 0.000
ttt_random_weapon	-83.591698 -883.106018 -222.626999	0.000 105.000 0.000
ttt_random_weapon	-72.000000 -880.000000 -222.626999	0.000 105.000 0.000
ttt_random_weapon	-366.000000 154.391998 201.373001	0.000 30.000 0.000
ttt_random_weapon	-360.000000 144.000000 201.373001	0.000 30.000 0.000
ttt_random_weapon	381.591003 70.894302 201.373001	0.000 255.000 0.000
ttt_random_weapon	370.000000 74.000000 201.373001	0.000 255.000 0.000
ttt_random_weapon	-264.000000 63.514702 -94.627098	0.000 315.000 0.000
ttt_random_weapon	-255.514999 72.000000 -94.627098	0.000 315.000 0.000
ttt_random_weapon	-320.000000 240.000000 -94.627098	0.000 270.000 0.000
ttt_random_weapon	-308.000000 240.000000 -94.627098	0.000 270.000 0.000
ttt_random_weapon	244.000000 -8.000000 -94.627098	0.000 270.000 0.000
ttt_random_weapon	256.000000 -8.000000 -94.627098	0.000 270.000 0.000
ttt_random_weapon	-690.392029 -3298.000000 -88.000000	0.000 60.000 0.000
ttt_random_weapon	-680.000000 -3304.000000 -88.000000	0.000 60.000 0.000
ttt_random_weapon	504.000000 -3024.000000 -2.627090	0.000 330.000 0.000
ttt_random_weapon	743.515015 -2968.000000 -54.627102	0.000 315.000 0.000
ttt_random_weapon	752.000000 -2959.510010 -54.627102	0.000 315.000 0.000
ttt_random_weapon	-444.105988 -1285.589966 -102.626999	0.000 345.000 0.000
ttt_random_weapon	-441.000000 -1274.000000 -102.626999	0.000 345.000 0.000
ttt_random_weapon	-508.000000 -1168.489990 -102.626999	0.000 45.000 0.000
ttt_random_weapon	-516.484985 -1160.000000 -102.626999	0.000 45.000 0.000
ttt_random_weapon	-386.484985 -1161.510010 -110.626999	0.000 225.000 0.000
ttt_random_weapon	-378.000000 -1170.000000 -110.626999	0.000 225.000 0.000
ttt_random_weapon	497.515015 -1146.000000 -94.627098	0.000 225.000 0.000
ttt_random_weapon	506.000000 -1154.489990 -94.627098	0.000 225.000 0.000
ttt_random_weapon	390.000000 -1278.000000 -94.627098	0.000 300.000 0.000
ttt_random_weapon	400.391998 -1272.000000 -94.627098	0.000 300.000 0.000
ttt_random_weapon	-390.000000 -2043.609985 -94.627098	0.000 210.000 0.000
ttt_random_weapon	-384.000000 -2054.000000 -94.627098	0.000 210.000 0.000
ttt_random_weapon	-480.000000 -2050.000000 -94.627098	0.000 120.000 0.000
ttt_random_weapon	-490.391998 -2056.000000 -94.627098	0.000 120.000 0.000
ttt_random_weapon	-477.608002 -2172.000000 -94.627098	0.000 120.000 0.000
ttt_random_weapon	-488.000000 -2178.000000 -94.627098	0.000 120.000 0.000
ttt_random_weapon	379.608002 -2056.000000 -94.627098	0.000 300.000 0.000
ttt_random_weapon	390.000000 -2050.000000 -94.627098	0.000 300.000 0.000
ttt_random_weapon	403.515015 -2175.510010 -94.627098	0.000 225.000 0.000
ttt_random_weapon	412.000000 -2184.000000 -94.627098	0.000 225.000 0.000
ttt_random_weapon	513.882019 -2078.989990 -94.627098	0.000 315.000 0.000
ttt_random_weapon	522.367004 -2070.510010 -94.627098	0.000 315.000 0.000
ttt_random_weapon	-20.417000 392.000000 241.373001	0.000 315.000 0.000
ttt_random_weapon	-11.931700 400.484985 241.373001	0.000 315.000 0.000
ttt_random_weapon	-280.000000 831.515015 -94.627098	0.000 45.000 0.000
ttt_random_weapon	-288.484985 840.000000 -94.627098	0.000 45.000 0.000
ttt_random_weapon	-700.000000 -880.000000 -94.627098	0.000 270.000 0.000
ttt_random_weapon	-688.000000 -880.000000 -94.627098	0.000 270.000 0.000
ttt_random_weapon	-684.940979 -812.653992 -94.627098	0.000 195.000 0.000
ttt_random_weapon	-681.835022 -824.245972 -94.627098	0.000 195.000 0.000
ttt_random_weapon	-634.215027 -673.268005 -52.000000	0.000 150.000 0.000
ttt_random_weapon	-640.216003 -683.659973 -52.000000	0.000 150.000 0.000
ttt_random_weapon	-674.098999 -732.375977 -94.627098	0.000 225.000 0.000
ttt_random_weapon	-665.612976 -740.861023 -94.627098	0.000 225.000 0.000
ttt_random_weapon	668.000000 -772.000000 -72.000000	0.000 270.000 0.000
ttt_random_weapon	680.000000 -772.000000 -72.000000	0.000 270.000 0.000
ttt_random_weapon	740.893982 -825.379028 -94.627098	0.000 195.000 0.000
ttt_random_weapon	744.000000 -836.969971 -94.627098	0.000 195.000 0.000
ttt_random_weapon	728.000000 -728.000000 -94.627098	0.000 0.000 0.000
ttt_random_weapon	728.000000 -716.000000 -94.627098	0.000 0.000 0.000
ttt_random_weapon	732.000000 -884.000000 -94.627098	0.000 270.000 0.000
ttt_random_weapon	744.000000 -884.000000 -94.627098	0.000 270.000 0.000
ttt_random_weapon	274.123993 104.000000 201.373001	0.000 270.000 0.000
ttt_random_weapon	286.123993 104.000000 201.373001	0.000 270.000 0.000
ttt_random_weapon	-320.000000 256.000000 201.373001	0.000 270.000 0.000
ttt_random_weapon	-308.000000 256.000000 201.373001	0.000 270.000 0.000
ttt_random_weapon	764.000000 20.000000 -94.627098	0.000 270.000 0.000
ttt_random_weapon	776.000000 20.000000 -94.627098	0.000 270.000 0.000
ttt_random_weapon	-689.328003 208.621994 -94.627098	0.000 240.000 0.000
ttt_random_weapon	-678.934998 202.621994 -94.627098	0.000 240.000 0.000
ttt_random_weapon	-688.000000 72.000000 -94.627098	0.000 270.000 0.000
ttt_random_weapon	-676.000000 72.000000 -94.627098	0.000 270.000 0.000
ttt_random_weapon	-487.173676 -3291.692383 -102.806290	1.946 4.720 -92.435
ttt_random_weapon	-490.002319 -3270.829590 -102.785912	1.716 4.703 -92.961
ttt_random_weapon	-491.515747 -3244.335938 -102.793938	1.807 4.711 -92.753
ttt_random_weapon	-489.328125 -3220.451660 -102.782959	1.683 4.700 -93.037
ttt_random_weapon	-416.510010 -3218.148193 -102.775558	1.599 4.689 -93.228
ttt_random_weapon	-410.349243 -3247.289551 -102.789139	1.753 4.706 -92.877
ttt_random_weapon	-406.392059 -3269.159180 -102.797249	1.844 4.714 -92.668
ttt_random_weapon	-402.021149 -3284.632324 -102.784401	1.699 4.701 -93.000
ttt_random_weapon	18.954998 -3217.507324 -102.768623	1.521 4.679 -93.408
ttt_random_weapon	19.479311 -3238.894775 -102.804665	1.928 4.718 -92.476
ttt_random_weapon	15.130702 -3254.759766 -102.786949	1.728 4.704 -92.934
ttt_random_weapon	9.783107 -3283.114990 -102.776283	1.608 4.691 -93.210
ttt_random_weapon	-549.865112 -2638.639404 -102.800812	1.884 4.716 -92.576
ttt_random_weapon	-536.599792 -2660.071777 -102.790871	1.772 4.708 -92.832
ttt_random_weapon	-529.554016 -2608.046387 -102.782494	1.678 4.699 -93.049
ttt_random_weapon	614.463013 -2733.714111 -102.767647	1.510 4.677 -93.434
ttt_random_weapon	673.874084 -2729.435547 -102.801559	1.893 4.717 -92.556
ttt_random_weapon	723.317993 -2732.520020 -102.801559	1.893 4.717 -92.556
ttt_random_weapon	644.771973 -2751.432617 -102.790871	1.772 4.708 -92.832
ttt_random_weapon	239.734573 -2895.718750 1.248030	1.332 6.678 -93.841
ttt_random_weapon	246.350952 -2920.739990 1.206060	1.807 4.711 -92.753
ttt_random_weapon	-440.917358 -1963.693359 -102.767174	1.505 4.676 -93.446
ttt_random_weapon	-438.161072 -1984.105591 -102.792679	1.793 4.710 -92.786
ttt_random_weapon	-383.511841 -1974.668213 -102.773186	1.573 4.686 -93.290
ttt_random_weapon	-389.620514 -1949.269897 -102.793938	1.807 4.711 -92.753
ttt_random_weapon	-387.904175 -2002.714233 -102.793304	1.800 4.711 -92.770
ttt_random_weapon	-323.142731 -1990.005615 -102.791466	1.779 4.709 -92.817
ttt_random_weapon	-330.226135 -1961.035645 -102.800812	1.884 4.716 -92.576
ttt_random_weapon	-419.219391 -2416.696777 -102.768875	1.524 4.679 -93.402
ttt_random_weapon	-466.746246 -2414.313965 -102.789139	1.753 4.706 -92.877
ttt_random_weapon	-425.114136 -2368.406982 -102.788582	1.747 4.706 -92.892
ttt_random_weapon	-470.668304 -2364.648682 -102.764847	1.478 4.672 -93.506
ttt_random_weapon	-512.364624 -2415.996582 -102.767174	1.505 4.676 -93.446
ttt_random_weapon	-524.213318 -2361.819336 -102.790283	1.766 4.708 -92.848
ttt_random_weapon	492.431915 -1879.615234 -102.771637	1.555 4.684 -93.330
ttt_random_weapon	438.275085 -1878.827881 -102.800812	1.884 4.716 -92.576
ttt_random_weapon	398.527802 -1861.265503 -102.807022	1.301 5.450 -93.696
ttt_random_weapon	482.972687 -1913.123169 -102.803871	1.919 4.718 -92.497
ttt_random_weapon	388.969879 -1922.083740 -102.795891	1.829 4.713 -92.703
ttt_random_weapon	471.824188 -1827.825195 -102.773842	1.580 4.686 -93.273
ttt_random_weapon	690.227051 -1255.076294 -102.765648	1.487 4.673 -93.485
ttt_random_weapon	720.259766 -1285.396851 -102.784401	1.699 4.701 -93.000
ttt_random_weapon	699.545654 -1327.704224 -102.772247	1.562 4.684 -93.314
ttt_random_weapon	658.097229 -1331.635742 -102.802322	1.901 4.718 -92.537
ttt_random_weapon	637.952393 -1315.610596 -102.803093	1.910 4.718 -92.517
ttt_random_weapon	635.001465 -1272.472290 -102.796562	1.837 4.713 -92.685
ttt_random_weapon	665.499207 -1292.074585 -102.776283	1.608 4.691 -93.210
ttt_random_weapon	610.159424 -764.431885 -102.785912	1.716 4.703 -92.961
ttt_random_weapon	617.147217 -738.279663 -102.786423	1.722 4.703 -92.947
ttt_random_weapon	619.157715 -696.562317 -102.792068	1.786 4.709 -92.801
ttt_random_weapon	606.709534 -678.536194 -102.787491	1.734 4.705 -92.920
ttt_random_weapon	607.223633 -650.248474 -102.768127	1.515 4.677 -93.421
ttt_random_weapon	604.125977 -791.512573 -102.808823	1.975 4.719 -92.369
ttt_random_weapon	782.854553 -278.995331 -82.787476	1.682 4.209 -92.980
ttt_random_weapon	783.026306 -359.108398 -82.833092	2.246 24.688 -91.745
ttt_random_weapon	782.692017 -304.487854 -82.789085	1.752 4.815 -92.879
ttt_random_weapon	782.168091 119.250031 -82.772881	1.552 1.951 -93.404
ttt_random_weapon	782.292969 75.460457 -82.855049	2.245 0.689 -92.738
ttt_random_weapon	493.908264 291.942993 -102.770538	1.504 5.012 -93.591
ttt_random_weapon	521.464600 293.455780 -99.201599	-13.867 -19.468 -91.528
ttt_random_weapon	295.748718 291.950165 193.180908	1.380 6.654 -93.571
ttt_random_weapon	305.086365 328.282257 193.224442	1.599 4.689 -93.228
ttt_random_weapon	303.429688 357.185547 193.199921	1.876 4.716 -92.595
ttt_random_weapon	-192.175644 117.868874 232.746246	1.342 11.458 -93.828
ttt_random_weapon	-192.283905 155.977188 232.747864	1.328 9.226 -93.868
ttt_random_weapon	-192.291870 241.071411 232.674210	2.161 9.369 -91.957
ttt_random_weapon	-192.157013 273.772156 232.673798	2.169 11.969 -91.924
ttt_random_weapon	-595.304810 -629.706482 -102.791466	1.779 4.709 -92.817
ttt_random_weapon	-585.795105 -670.849976 -102.784401	1.699 4.701 -93.000
ttt_random_weapon	-603.514526 -651.483582 -102.797249	1.844 4.714 -92.668
ttt_random_weapon	-613.088623 -689.752991 -102.780266	1.653 4.696 -93.107
ttt_random_weapon	-558.189819 -684.066284 -102.795227	1.822 4.712 -92.720
ttt_random_weapon	-722.013550 -1184.008301 -102.775558	1.599 4.689 -93.228
ttt_random_weapon	-728.964355 -1154.806030 -102.769661	1.533 4.680 -93.381
ttt_random_weapon	-730.111511 -1121.459717 -102.794579	1.814 4.712 -92.737
ttt_random_weapon	-734.908264 -1101.793213 -102.783432	1.688 4.700 -93.025
ttt_random_weapon	-718.697693 -1077.590454 -102.794579	1.814 4.712 -92.737
weapon_ttt_knife	-8.000000 -992.000000 -206.000000	0.000 210.000 -90.000
item_ammo_pistol_ttt	7.363846 375.785370 192.347626	-0.132 -0.019 -0.040
item_ammo_pistol_ttt	-17.924437 367.452667 192.641556	0.045 0.027 1.432
item_ammo_pistol_ttt	-404.293823 -141.787399 -103.677040	-0.154 -0.018 -0.047
item_ammo_pistol_ttt	-403.155609 -163.305283 -103.630241	-0.165 -0.010 -0.032
item_ammo_pistol_ttt	-415.765350 -153.159760 -103.666725	-0.145 -0.018 -0.044
item_ammo_pistol_ttt	-730.173828 -1564.890381 -103.627327	-0.110 -0.020 -0.033
item_ammo_pistol_ttt	-725.698547 -1597.864502 -103.641388	-0.122 -0.019 -0.037
item_ammo_pistol_ttt	-721.419495 -1572.701904 -103.623573	-0.107 -0.020 -0.032
weapon_ttt_confgrenade	198.614822 -3007.564209 3.526269	1.795 0.230 -0.748
weapon_ttt_confgrenade	200.568436 -2993.445557 3.548244	1.474 0.227 -0.615
weapon_ttt_confgrenade	160.499939 230.168839 195.575607	1.073 0.224 -0.447
weapon_ttt_confgrenade	147.432388 227.344711 195.563675	1.249 0.225 -0.520
weapon_ttt_confgrenade	143.525833 212.691284 195.541367	-0.405 -0.600 0.746
weapon_ttt_confgrenade	154.171204 199.105331 195.516571	1.935 0.227 -0.807
weapon_ttt_confgrenade	168.876846 202.267990 195.552719	1.409 0.226 -0.587
weapon_ttt_confgrenade	164.856857 221.918549 195.545151	1.520 0.224 -0.634
weapon_ttt_confgrenade	156.632950 212.910187 195.549759	1.452 0.229 -0.605
weapon_zm_shotgun	460.000000 -1264.000000 -110.626999	0.000 345.000 0.000
weapon_zm_shotgun	70.000000 410.000000 194.488998	0.000 345.000 0.000
weapon_ttt_ak47	-503.186005 -1977.710571 -103.086044	0.101 11.254 -87.792
weapon_ttt_ak47	72.635979 390.461151 192.876480	0.153 11.252 -87.378
weapon_ttt_ak47	-585.787048 -592.678101 -103.131752	0.164 11.252 -87.287
weapon_ttt_smokegrenade	183.171860 -3003.408447 4.591438	2.590 -0.133 -2.680
weapon_ttt_smokegrenade	184.304001 -2989.609375 4.536438	2.391 -0.005 -2.331
weapon_ttt_smokegrenade	-242.881393 111.706856 196.570267	3.223 -0.144 -3.354
weapon_ttt_smokegrenade	-238.138550 90.757805 196.516235	0.379 0.003 -0.077
weapon_ttt_smokegrenade	-243.177551 74.054886 196.535828	1.672 0.008 -1.535
weapon_ttt_smokegrenade	-259.156830 77.158905 196.599915	2.374 -0.129 -2.459
weapon_ttt_smokegrenade	-265.156799 98.390709 196.531479	0.999 0.012 -0.786
weapon_ttt_smokegrenade	-249.592621 97.291252 196.527542	0.722 0.010 -0.476
weapon_ttt_smokegrenade	-257.113525 91.381470 196.511368	0.315 0.002 0.002
ttt_playerspawn	-81.660095 -1152.224487 -94.515442	-0.065 -0.000 0.065
ttt_playerspawn	63.972843 -1113.106934 -95.052643	0.056 0.111 0.262
ttt_playerspawn	-16.784327 -1255.039551 -97.645309	-0.079 -0.461 0.079
ttt_playerspawn	66.430702 -1255.781616 -98.409393	-0.050 -0.000 0.050
ttt_playerspawn	-94.449516 -1281.632324 -99.459702	-0.032 -0.658 0.029
ttt_playerspawn	-45.563343 -1363.240479 -100.136459	-0.080 -0.132 0.080
ttt_playerspawn	68.234802 -1346.558472 -98.913864	-0.050 0.000 0.049
ttt_playerspawn	96.875710 -2235.531250 -99.433571	-0.084 -0.000 0.084
ttt_playerspawn	-17.030258 -2305.261475 -96.056175	-0.032 0.391 0.029
ttt_playerspawn	-125.308434 -2219.501465 -97.600708	-0.081 0.132 0.081
ttt_playerspawn	-62.582588 -2092.133301 -100.615433	-0.081 -0.132 0.081
ttt_playerspawn	3.276442 -2192.403564 -99.171364	-0.060 0.114 0.060
ttt_playerspawn	88.059410 -2090.795410 -102.372231	-0.042 0.000 0.041
ttt_playerspawn	19.141125 -2037.298218 -99.869514	-0.078 0.264 0.078
ttt_playerspawn	514.218201 -425.588226 -97.379089	-0.079 -0.000 0.079
ttt_playerspawn	453.963531 -336.851257 -98.715263	-0.074 -0.264 0.074
ttt_playerspawn	504.489532 -206.501068 -101.796143	-0.031 0.263 0.027
ttt_playerspawn	593.804932 -237.973068 -101.660492	-0.090 -0.792 0.090
ttt_playerspawn	527.881226 -303.309174 -100.895432	-0.083 -0.396 0.082
ttt_playerspawn	607.559631 -348.393372 -100.479134	-0.057 -0.131 0.056
ttt_playerspawn	-79.928864 51.129059 198.029312	-0.038 0.000 0.036
ttt_playerspawn	12.903791 53.352539 195.165527	-0.077 -0.132 0.076
ttt_playerspawn	-95.193375 164.158203 197.087738	-0.089 -0.000 0.089
ttt_playerspawn	-101.638695 259.067383 194.832703	0.181 1.068 0.164
ttt_playerspawn	17.154390 260.016754 195.402405	-0.077 0.391 0.076
ttt_playerspawn	-620.981018 157.361176 -98.697746	-0.058 0.132 0.057
ttt_playerspawn	-550.581482 52.295589 -100.224968	-0.033 0.000 0.030
ttt_playerspawn	-534.176514 332.071289 -98.984871	-0.049 0.395 0.048
ttt_playerspawn	-504.069214 176.659378 -102.489372	-0.041 0.127 0.039
ttt_playerspawn	409.198242 -2907.159668 -99.507919	-0.081 0.396 0.081
ttt_playerspawn	346.150696 -2904.683105 -96.999146	-0.038 0.000 0.037
ttt_playerspawn	344.870667 -2810.897949 -101.500450	-0.047 0.000 0.047
ttt_playerspawn	412.990356 -2828.717773 -101.134354	-0.075 -0.792 0.075
ttt_playerspawn	-34.848728 -3095.275391 -97.988861	-0.043 -0.131 0.042
ttt_playerspawn	30.286362 -3035.642822 -96.946426	-0.080 -0.000 0.080
ttt_playerspawn	-49.065536 -2974.314209 -100.415764	-0.077 0.132 0.076
ttt_playerspawn	4.574462 -2935.744873 -100.815514	-0.065 0.396 0.065
weapon_zm_molotov	214.982269 -3006.430908 4.516239	0.378 0.003 -0.076
weapon_zm_molotov	216.001831 -2995.570557 4.520936	0.472 0.005 -0.188
weapon_zm_molotov	152.265793 57.289528 196.648773	0.910 -0.107 -0.931
weapon_zm_molotov	139.315536 68.287086 196.604431	2.285 -0.124 -2.373
weapon_zm_molotov	144.930725 91.829750 196.521011	0.733 0.009 -0.265
weapon_zm_molotov	159.364868 89.852470 196.525421	0.620 0.009 -0.360
weapon_zm_molotov	171.541382 72.592430 196.550201	3.744 -0.134 -3.898
weapon_zm_molotov	155.337769 75.710960 196.525406	0.626 0.009 -0.366
weapon_zm_molotov	151.642181 82.544106 196.582489	2.908 -0.130 -3.026
item_ammo_smg1_ttt	-531.945801 -1942.907959 -103.588776	0.269 -0.005 0.169
item_ammo_smg1_ttt	-535.733032 -1912.846313 -103.460632	-0.133 0.018 -0.115
item_ammo_smg1_ttt	-500.715393 -1912.063354 -103.577698	0.470 -0.004 0.303
item_ammo_smg1_ttt	250.876556 394.845093 232.044205	0.308 0.067 0.173
item_ammo_smg1_ttt	277.079041 400.990173 231.995880	0.855 0.007 0.604
item_ammo_smg1_ttt	298.216431 396.135315 231.928085	-0.032 0.080 0.014
item_ammo_smg1_ttt	-406.179657 -245.590561 -103.476120	-0.343 -0.207 -0.036
item_ammo_smg1_ttt	-387.842896 -288.078094 -103.496414	-0.490 0.601 0.082
item_ammo_smg1_ttt	-405.425323 -272.488434 -103.508148	0.338 0.275 -0.347
item_ammo_smg1_ttt	-607.376648 -567.216736 -103.567406	0.841 -0.001 0.552
item_ammo_smg1_ttt	-609.960449 -533.406494 -103.533524	0.528 -0.081 0.206
item_ammo_smg1_ttt	-582.862793 -547.946838 -103.586494	0.302 -0.005 0.191
item_ammo_smg1_ttt	-725.074951 -1651.172363 -103.522720	0.503 -0.001 0.219
item_ammo_smg1_ttt	-726.284241 -1624.748657 -103.573494	0.598 -0.003 0.389
item_ammo_smg1_ttt	-695.296814 -1644.007202 -103.492470	-0.477 0.012 -0.380
weapon_zm_rifle	-80.000000 -600.000000 49.372898	0.000 75.000 0.000
weapon_ttt_glock	33.380802 382.654633 193.112946	-0.816 25.596 91.596
weapon_ttt_glock	62.506599 383.023071 193.111206	-0.553 26.573 91.328
weapon_ttt_glock	-170.324417 137.312500 232.603622	-0.231 24.897 90.447
weapon_ttt_glock	-173.384109 254.557632 232.603516	-0.228 24.897 90.435
weapon_ttt_glock	-395.307159 -144.777710 -78.909004	0.237 59.122 90.378
weapon_ttt_glock	-395.241302 -170.747849 -78.893768	0.197 57.790 90.575
weapon_ttt_glock	-764.026917 -1587.189331 -102.892670	-0.480 25.640 90.902
weapon_ttt_glock	-764.316528 -1556.800659 -102.922256	-0.915 25.476 91.035
ttt_random_ammo	-178.123993 -113.000000 9.372900	0.000 240.000 0.000
ttt_random_ammo	-166.000000 -120.000000 9.372900	0.000 240.000 0.000
ttt_random_ammo	-164.000000 -148.000000 9.372900	0.000 240.000 0.000
ttt_random_ammo	-176.123993 -141.000000 9.372900	0.000 240.000 0.000
ttt_random_ammo	155.876007 -85.000000 0.000601	0.000 240.000 0.000
ttt_random_ammo	168.000000 -92.000000 0.000601	0.000 240.000 0.000
ttt_random_ammo	164.000000 -121.000000 0.000601	0.000 240.000 0.000
ttt_random_ammo	176.123993 -128.000000 0.000601	0.000 240.000 0.000
ttt_random_ammo	120.000000 376.000000 52.000599	0.000 240.000 0.000
ttt_random_ammo	132.123993 369.000000 52.000599	0.000 240.000 0.000
ttt_random_ammo	58.000000 336.000000 52.000599	0.000 270.000 0.000
ttt_random_ammo	72.000000 336.000000 52.000599	0.000 270.000 0.000
ttt_random_ammo	-332.000000 604.000000 192.001007	0.000 270.000 0.000
ttt_random_ammo	-318.000000 604.000000 192.001007	0.000 270.000 0.000
ttt_random_ammo	-370.000000 568.000000 192.001007	0.000 270.000 0.000
ttt_random_ammo	-356.000000 568.000000 192.001007	0.000 270.000 0.000
ttt_random_ammo	104.000000 408.000000 192.001007	0.000 270.000 0.000
ttt_random_ammo	118.000000 408.000000 192.001007	0.000 270.000 0.000
ttt_random_ammo	48.000000 409.899994 192.001007	0.000 225.000 0.000
ttt_random_ammo	57.899502 400.000000 192.001007	0.000 225.000 0.000
ttt_random_ammo	308.000000 264.000000 192.001007	0.000 225.000 0.000
ttt_random_ammo	317.898987 254.100998 192.001007	0.000 225.000 0.000
ttt_random_ammo	318.187988 289.239014 192.001007	0.000 285.000 0.000
ttt_random_ammo	331.710999 292.862000 192.001007	0.000 285.000 0.000
ttt_random_ammo	-249.899994 237.899994 192.001007	0.000 225.000 0.000
ttt_random_ammo	-240.000000 228.000000 192.001007	0.000 225.000 0.000
ttt_random_ammo	260.000000 160.000000 192.001007	0.000 225.000 0.000
ttt_random_ammo	269.899994 150.100998 192.001007	0.000 225.000 0.000
ttt_random_ammo	300.000000 192.000000 192.001007	0.000 285.000 0.000
ttt_random_ammo	313.523010 195.623001 192.001007	0.000 285.000 0.000
ttt_random_ammo	222.100006 173.899002 -103.999001	0.000 225.000 0.000
ttt_random_ammo	232.000000 164.000000 -103.999001	0.000 225.000 0.000
ttt_random_ammo	224.289001 106.761002 -103.999001	0.000 255.000 0.000
ttt_random_ammo	237.811996 103.138000 -103.999001	0.000 255.000 0.000
ttt_random_ammo	189.000000 -3.875660 -103.999001	0.000 210.000 0.000
ttt_random_ammo	196.000000 -16.000000 -103.999001	0.000 210.000 0.000
ttt_random_ammo	-46.000000 -352.000000 -103.999001	0.000 270.000 0.000
ttt_random_ammo	-32.000000 -352.000000 -103.999001	0.000 270.000 0.000
ttt_random_ammo	32.000000 -352.000000 -103.999001	0.000 270.000 0.000
ttt_random_ammo	46.000000 -352.000000 -103.999001	0.000 270.000 0.000
ttt_random_ammo	-73.899498 393.898987 -103.999001	0.000 225.000 0.000
ttt_random_ammo	-64.000000 384.000000 -103.999001	0.000 225.000 0.000
ttt_random_ammo	-316.000000 700.000000 -103.999001	0.000 270.000 0.000
ttt_random_ammo	-302.000000 700.000000 -103.999001	0.000 270.000 0.000
ttt_random_ammo	602.000000 -2808.000000 -103.999001	0.000 270.000 0.000
ttt_random_ammo	616.000000 -2808.000000 -103.999001	0.000 270.000 0.000
ttt_random_ammo	574.000000 -2808.000000 -103.999001	0.000 270.000 0.000
ttt_random_ammo	588.000000 -2808.000000 -103.999001	0.000 270.000 0.000
ttt_random_ammo	344.000000 -3080.000000 0.000599	0.000 270.000 0.000
ttt_random_ammo	358.000000 -3080.000000 0.000599	0.000 270.000 0.000
ttt_random_ammo	260.049988 -3084.949951 0.000599	0.000 315.000 0.000
ttt_random_ammo	269.950012 -3075.050049 0.000599	0.000 315.000 0.000
ttt_random_ammo	-176.123993 -179.000000 0.000584	0.000 300.000 0.000
ttt_random_ammo	-164.000000 -172.000000 0.000584	0.000 300.000 0.000
ttt_random_ammo	106.476997 -335.622986 0.000599	0.000 285.000 0.000
ttt_random_ammo	120.000000 -332.000000 0.000599	0.000 285.000 0.000
ttt_random_ammo	-256.000000 28.000000 -103.999001	0.000 300.000 0.000
ttt_random_ammo	-243.876007 35.000000 -103.999001	0.000 300.000 0.000
ttt_random_ammo	-220.000000 50.000000 -103.999001	0.000 0.000 0.000
ttt_random_ammo	-220.000000 64.000000 -103.999001	0.000 0.000 0.000
ttt_random_ammo	470.101013 376.000000 -103.999001	0.000 315.000 0.000
ttt_random_ammo	480.000000 385.898987 -103.999001	0.000 315.000 0.000
ttt_random_ammo	498.549988 344.988007 -103.999001	0.000 30.000 0.000
ttt_random_ammo	491.549988 357.112000 -103.999001	0.000 30.000 0.000
ttt_random_ammo	-245.899994 209.899994 192.001007	0.000 225.000 0.000
ttt_random_ammo	-236.000000 200.000000 192.001007	0.000 225.000 0.000
ttt_random_ammo	261.899994 252.000000 192.001007	0.000 225.000 0.000
ttt_random_ammo	252.000000 261.898987 192.001007	0.000 225.000 0.000
ttt_random_ammo	184.000000 98.100502 192.001007	0.000 225.000 0.000
ttt_random_ammo	174.100006 108.000000 192.001007	0.000 225.000 0.000
ttt_random_ammo	187.550003 178.888000 212.001007	0.000 150.000 0.000
ttt_random_ammo	194.550003 191.011993 212.001007	0.000 150.000 0.000
ttt_random_ammo	197.449997 117.112000 212.001007	0.000 225.000 0.000
ttt_random_ammo	187.550003 127.012001 212.001007	0.000 225.000 0.000
ttt_random_ammo	184.000000 -208.000000 0.000580	0.000 225.000 0.000
ttt_random_ammo	174.100006 -198.100998 0.000580	0.000 225.000 0.000
ttt_random_ammo	-316.000000 272.000000 -103.999001	0.000 225.000 0.000
ttt_random_ammo	-325.899994 281.898987 -103.999001	0.000 225.000 0.000
ttt_random_ammo	-244.000000 716.000000 -103.999001	0.000 225.000 0.000
ttt_random_ammo	-253.899994 725.898987 -103.999001	0.000 225.000 0.000
ttt_random_ammo	333.899994 -3061.899902 0.000580	0.000 225.000 0.000
ttt_random_ammo	324.000000 -3052.000000 0.000580	0.000 225.000 0.000
ttt_random_ammo	-646.099976 -2589.899902 -103.999001	0.000 225.000 0.000
ttt_random_ammo	-656.000000 -2580.000000 -103.999001	0.000 225.000 0.000
ttt_random_ammo	-608.124023 -2636.000000 -103.999001	0.000 120.000 0.000
ttt_random_ammo	-596.000000 -2629.000000 -103.999001	0.000 120.000 0.000
ttt_random_ammo	-600.000000 -2684.000000 -103.999001	0.000 75.000 0.000
ttt_random_ammo	-586.476990 -2687.620117 -103.999001	0.000 75.000 0.000
ttt_random_ammo	49.899502 -765.448975 -231.998993	0.000 225.000 0.000
ttt_random_ammo	40.000000 -755.549988 -231.998993	0.000 225.000 0.000
ttt_random_ammo	107.875999 -852.000000 -231.998993	0.000 120.000 0.000
ttt_random_ammo	120.000000 -845.000000 -231.998993	0.000 120.000 0.000
ttt_random_ammo	-106.099998 -737.898987 -231.998993	0.000 225.000 0.000
ttt_random_ammo	-116.000000 -728.000000 -231.998993	0.000 225.000 0.000
ttt_random_ammo	-104.000000 -853.523010 -231.998993	0.000 165.000 0.000
ttt_random_ammo	-100.376999 -840.000000 -231.998993	0.000 165.000 0.000
ttt_random_ammo	81.899498 -656.000000 -103.999001	0.000 225.000 0.000
ttt_random_ammo	72.000000 -646.101013 -103.999001	0.000 225.000 0.000
ttt_random_ammo	-125.182999 -631.419983 -103.999001	0.000 150.000 0.000
ttt_random_ammo	-118.182999 -619.296021 -103.999001	0.000 150.000 0.000
ttt_random_ammo	-113.737999 -583.874023 -103.999001	0.000 255.000 0.000
ttt_random_ammo	-127.261002 -580.250000 -103.999001	0.000 255.000 0.000
ttt_random_ammo	4.000000 -424.000000 -103.999001	0.000 225.000 0.000
ttt_random_ammo	-5.899510 -414.101013 -103.999001	0.000 225.000 0.000
ttt_random_ammo	-382.125000 180.000000 192.001007	0.000 300.000 0.000
ttt_random_ammo	-370.000000 187.000000 192.001007	0.000 300.000 0.000
ttt_random_ammo	-382.125000 118.000000 192.001007	0.000 300.000 0.000
ttt_random_ammo	-370.000000 125.000000 192.001007	0.000 300.000 0.000
ttt_random_ammo	-356.100006 -6.000000 192.001007	0.000 225.000 0.000
ttt_random_ammo	-366.000000 3.899990 192.001007	0.000 225.000 0.000
ttt_random_ammo	374.000000 4.100010 192.001007	0.000 225.000 0.000
ttt_random_ammo	364.100006 14.000000 192.001007	0.000 225.000 0.000
ttt_random_ammo	1.000030 476.123993 156.001007	0.000 210.000 0.000
ttt_random_ammo	8.000000 464.000000 156.001007	0.000 210.000 0.000
ttt_random_ammo	-640.000000 -3296.000000 -103.999001	0.000 270.000 0.000
ttt_random_ammo	-654.000000 -3296.000000 -103.999001	0.000 270.000 0.000
ttt_random_ammo	253.516006 -2893.860107 0.000595	0.000 225.000 0.000
ttt_random_ammo	243.617004 -2883.959961 0.000595	0.000 225.000 0.000
ttt_random_ammo	464.000000 -3024.000000 -11.999400	0.000 270.000 0.000
ttt_random_ammo	450.000000 -3024.000000 -11.999400	0.000 270.000 0.000
ttt_random_ammo	752.000000 -3000.000000 -63.999401	0.000 270.000 0.000
ttt_random_ammo	738.000000 -3000.000000 -63.999401	0.000 270.000 0.000
ttt_random_ammo	721.898987 -3014.100098 -63.999401	0.000 315.000 0.000
ttt_random_ammo	712.000000 -3024.000000 -63.999401	0.000 315.000 0.000
ttt_random_ammo	408.000000 -1180.000000 -119.999001	0.000 225.000 0.000
ttt_random_ammo	398.100006 -1170.099976 -119.999001	0.000 225.000 0.000
ttt_random_ammo	494.000000 -1180.000000 -119.999001	0.000 195.000 0.000
ttt_random_ammo	484.100006 -1170.000000 -119.999001	0.000 225.000 0.000
ttt_random_ammo	489.898987 -2074.000000 -119.999001	0.000 180.000 0.000
ttt_random_ammo	480.000000 -2064.100098 -119.999001	0.000 225.000 0.000
ttt_random_ammo	481.898987 -2154.000000 -119.999001	0.000 225.000 0.000
ttt_random_ammo	472.000000 -2144.100098 -119.999001	0.000 225.000 0.000
ttt_random_ammo	-488.000000 -2135.899902 -119.999001	0.000 330.000 0.000
ttt_random_ammo	-497.899994 -2126.000000 -119.999001	0.000 225.000 0.000
ttt_random_ammo	-464.101013 -2070.000000 -119.999001	0.000 225.000 0.000
ttt_random_ammo	-474.000000 -2060.100098 -119.999001	0.000 225.000 0.000
ttt_random_ammo	-414.101013 -1179.900024 -119.999001	0.000 225.000 0.000
ttt_random_ammo	-424.000000 -1170.000000 -119.999001	0.000 225.000 0.000
ttt_random_ammo	-418.000000 -1265.900024 -119.999001	0.000 195.000 0.000
ttt_random_ammo	-427.899994 -1256.000000 -119.999001	0.000 225.000 0.000
ttt_random_ammo	-18.000000 405.071991 232.001007	0.000 270.000 0.000
ttt_random_ammo	-32.000000 405.071991 232.001007	0.000 270.000 0.000
ttt_random_ammo	-710.124023 -897.000000 -94.627098	0.000 240.000 0.000
ttt_random_ammo	-698.000000 -904.000000 -94.627098	0.000 240.000 0.000
ttt_random_ammo	-703.981995 -807.275024 -94.627098	0.000 165.000 0.000
ttt_random_ammo	-707.604980 -820.797974 -94.627098	0.000 165.000 0.000
ttt_random_ammo	-643.875977 -656.000000 -52.000000	0.000 120.000 0.000
ttt_random_ammo	-656.000000 -663.000000 -52.000000	0.000 120.000 0.000
ttt_random_ammo	-693.278015 -737.237976 -94.627098	0.000 195.000 0.000
ttt_random_ammo	-689.655029 -750.760986 -94.627098	0.000 195.000 0.000
ttt_random_ammo	657.875977 -789.000000 -72.000000	0.000 240.000 0.000
ttt_random_ammo	670.000000 -796.000000 -72.000000	0.000 240.000 0.000
ttt_random_ammo	721.853027 -820.000000 -94.627098	0.000 165.000 0.000
ttt_random_ammo	718.229980 -833.523010 -94.627098	0.000 165.000 0.000
ttt_random_ammo	745.000000 -738.124023 -94.627098	0.000 330.000 0.000
ttt_random_ammo	752.000000 -726.000000 -94.627098	0.000 330.000 0.000
ttt_random_ammo	721.875977 -901.000000 -94.627098	0.000 240.000 0.000
ttt_random_ammo	734.000000 -908.000000 -94.627098	0.000 240.000 0.000
ttt_random_ammo	264.000000 87.000000 201.373001	0.000 240.000 0.000
ttt_random_ammo	276.123993 80.000000 201.373001	0.000 240.000 0.000
ttt_random_ammo	-330.123993 239.000000 201.373001	0.000 240.000 0.000
ttt_random_ammo	-318.000000 232.000000 201.373001	0.000 240.000 0.000
ttt_random_ammo	753.875977 3.000000 -94.627098	0.000 240.000 0.000
ttt_random_ammo	766.000000 -4.000000 -94.627098	0.000 240.000 0.000
ttt_random_ammo	-706.594971 198.960999 -94.627098	0.000 210.000 0.000
ttt_random_ammo	-699.594971 186.837006 -94.627098	0.000 210.000 0.000
ttt_random_ammo	-698.124023 55.000000 -94.627098	0.000 240.000 0.000
ttt_random_ammo	-686.000000 48.000000 -94.627098	0.000 240.000 0.000
ttt_random_ammo	-609.133301 -3250.451416 -103.622154	0.150 0.001 0.121
ttt_random_ammo	-602.753723 -3212.541260 -103.605148	1.056 0.014 1.231
ttt_random_ammo	-571.727722 -3213.219971 -103.642479	0.060 0.000 0.001
ttt_random_ammo	-574.483154 -3233.549316 -103.660004	0.047 0.000 -0.023
ttt_random_ammo	-572.363647 -3274.216064 -103.579231	1.644 0.037 1.996
ttt_random_ammo	-606.441650 -3278.459717 -103.674683	0.047 0.000 -0.032
ttt_random_ammo	-585.191833 -3257.816895 -103.632683	0.083 0.000 0.034
ttt_random_ammo	-548.269226 -3222.653320 -103.667168	0.047 0.000 -0.028
ttt_random_ammo	-543.627747 -3256.907227 -103.576233	1.569 0.040 1.904
ttt_random_ammo	-591.684326 -3314.979004 -103.667145	0.047 -0.000 0.028
ttt_random_ammo	-565.221252 -3315.556152 -103.655411	0.049 0.000 -0.019
ttt_random_ammo	-556.558594 -3279.485840 -103.555267	1.048 0.027 1.265
ttt_random_ammo	-538.489563 -3308.975830 -103.584778	1.677 0.035 2.027
ttt_random_ammo	-573.062866 -3298.902100 -103.613312	0.316 0.002 0.328
ttt_random_ammo	106.700607 -3202.911133 -103.669609	0.047 -0.000 0.029
ttt_random_ammo	114.115982 -3247.960693 -103.648788	0.053 0.000 -0.011
ttt_random_ammo	117.525940 -3278.947754 -103.630867	0.092 -0.000 -0.046
ttt_random_ammo	103.663795 -3304.152588 -103.572182	1.476 0.035 1.791
ttt_random_ammo	74.150024 -3282.537109 -103.627296	0.110 -0.000 -0.069
ttt_random_ammo	85.640778 -3261.033691 -103.650948	0.051 -0.000 0.014
ttt_random_ammo	90.122414 -3239.421875 -103.605408	1.092 0.015 1.274
ttt_random_ammo	121.255798 -3218.911621 -103.613266	0.310 0.002 0.321
ttt_random_ammo	74.332550 -3210.443604 -103.667145	0.047 -0.000 0.028
ttt_random_ammo	-616.473999 -2612.143799 -103.559853	1.215 0.030 1.475
ttt_random_ammo	-618.231140 -2585.525391 -103.662354	0.047 0.000 -0.025
ttt_random_ammo	-603.135315 -2598.565674 -103.625511	0.123 0.000 0.086
ttt_random_ammo	-580.730469 -2609.590576 -103.608795	0.551 0.004 0.615
ttt_random_ammo	-569.500916 -2570.969482 -99.584015	1.650 0.035 1.993
ttt_random_ammo	-550.484253 -2575.288574 -99.619736	-0.117 -0.164 0.185
ttt_random_ammo	-556.741089 -2592.958740 -103.609734	0.471 0.003 0.517
ttt_random_ammo	453.036469 -2710.020508 -103.667168	0.047 0.000 -0.028
ttt_random_ammo	491.305389 -2710.958252 -103.572289	1.395 0.032 1.684
ttt_random_ammo	474.954315 -2712.064209 -103.644547	0.057 0.000 -0.004
ttt_random_ammo	513.244873 -2708.565186 -103.581207	1.603 0.036 1.937
ttt_random_ammo	544.472717 -2704.693848 -103.553635	1.076 0.028 1.306
ttt_random_ammo	570.357910 -2707.367188 -103.650955	0.051 0.000 -0.014
ttt_random_ammo	561.687744 -2736.456299 -103.609734	0.471 0.003 0.518
ttt_random_ammo	537.289734 -2727.524170 -103.644547	0.057 0.000 -0.004
ttt_random_ammo	510.816620 -2729.296875 -103.638451	0.066 0.000 0.011
ttt_random_ammo	272.837677 -2876.282715 0.364615	-0.072 0.000 -0.018
ttt_random_ammo	277.032104 -2900.874023 0.342308	0.048 0.000 -0.022
ttt_random_ammo	277.483124 -2928.321777 0.444925	1.054 -0.027 -1.276
ttt_random_ammo	181.388962 -2974.087646 0.393601	0.832 0.009 0.958
ttt_random_ammo	181.793121 -3020.453369 0.392325	0.714 -0.007 -0.815
ttt_random_ammo	205.643616 -3019.757813 0.417482	1.721 0.036 2.090
ttt_random_ammo	204.484619 -2979.000000 0.359544	0.063 0.000 0.006
ttt_random_ammo	-448.859100 -1931.177612 -103.585640	1.746 -0.032 -2.120
ttt_random_ammo	-457.995453 -1909.104980 -103.682541	0.047 0.000 -0.035
ttt_random_ammo	-455.457092 -1890.152466 -103.655411	0.049 0.000 -0.019
ttt_random_ammo	-435.679047 -1878.920532 -103.620689	0.171 -0.001 -0.147
ttt_random_ammo	-410.390350 -1883.779297 -103.607094	0.727 0.007 0.830
ttt_random_ammo	-432.235382 -1902.759766 -103.573441	1.423 -0.033 -1.721
ttt_random_ammo	-427.724335 -1930.325317 -103.622253	0.151 -0.001 -0.122
ttt_random_ammo	-410.722992 -1929.143311 -103.625504	0.121 0.000 0.084
ttt_random_ammo	-416.484680 -1912.687256 -103.627296	0.110 -0.000 -0.070
ttt_random_ammo	-390.207672 -1924.809448 -103.648788	0.053 0.000 -0.011
ttt_random_ammo	-394.116272 -1911.148926 -103.662354	0.047 0.000 -0.025
ttt_random_ammo	-393.787994 -1887.603638 -103.573158	1.417 0.033 1.711
ttt_random_ammo	-328.477661 -2383.688477 -103.565102	1.330 0.033 1.614
ttt_random_ammo	-310.058685 -2432.486816 -103.677261	0.047 0.000 -0.033
ttt_random_ammo	-344.775726 -2438.271484 -103.607773	0.727 -0.007 -0.830
ttt_random_ammo	-384.824097 -2423.911133 -103.559402	1.179 -0.030 -1.431
ttt_random_ammo	-397.865723 -2398.738037 -103.613297	0.315 0.002 0.326
ttt_random_ammo	-365.177032 -2377.168945 -103.574913	1.462 0.034 1.766
ttt_random_ammo	-354.815094 -2417.079590 -103.605293	1.273 0.019 1.495
ttt_random_ammo	-333.699158 -2402.113037 -103.674652	0.047 -0.000 0.032
ttt_random_ammo	-367.209747 -2403.324951 -103.605339	1.279 0.020 1.502
ttt_random_ammo	-339.887146 -2363.955566 -103.650963	0.051 0.000 -0.014
ttt_random_ammo	-388.053680 -2363.048828 -103.682510	0.047 -0.000 0.035
ttt_random_ammo	602.026428 -1851.367920 -103.622154	0.150 0.001 0.121
ttt_random_ammo	597.709534 -1880.835083 -103.580521	1.668 0.036 2.025
ttt_random_ammo	598.780945 -1911.280640 -103.660004	0.047 0.000 -0.023
ttt_random_ammo	543.023682 -1917.758667 -103.647354	-0.311 -0.168 0.268
ttt_random_ammo	515.417480 -1900.589600 -103.648773	0.053 -0.000 0.011
ttt_random_ammo	520.779297 -1857.778320 -103.667168	0.047 0.000 -0.028
ttt_random_ammo	561.722107 -1829.775513 -103.622253	0.150 -0.001 -0.121
ttt_random_ammo	569.341125 -1882.700317 -103.634575	0.077 0.000 0.026
ttt_random_ammo	565.863281 -1851.299194 -103.672112	0.047 -0.000 0.031
ttt_random_ammo	686.064270 -1117.115845 -103.655411	0.049 0.000 -0.019
ttt_random_ammo	735.811096 -1122.474243 -103.644547	0.057 0.000 -0.004
ttt_random_ammo	743.523560 -1169.210205 -103.575020	1.546 0.037 1.877
ttt_random_ammo	709.851990 -1214.882813 -103.634567	0.077 0.000 0.025
ttt_random_ammo	664.946716 -1203.053467 -103.618988	0.189 0.001 0.170
ttt_random_ammo	647.140991 -1169.618896 -103.524452	0.404 0.019 0.488
ttt_random_ammo	663.062866 -1116.179565 -103.623817	0.135 0.000 0.102
ttt_random_ammo	689.634155 -1158.627075 -103.672134	0.047 0.000 -0.031
ttt_random_ammo	720.123718 -1156.772217 -103.657669	0.048 -0.000 0.022
ttt_random_ammo	699.351379 -1192.253906 -103.682541	0.047 0.000 -0.035
ttt_random_ammo	674.165771 -1161.083496 -103.632675	0.083 0.000 0.034
ttt_random_ammo	719.510376 -1098.783081 -103.650955	0.051 0.000 -0.014
ttt_random_ammo	693.268860 -854.117004 -103.642487	0.060 0.000 0.001
ttt_random_ammo	699.269714 -893.657227 -103.547295	0.906 0.025 1.096
ttt_random_ammo	674.141418 -913.478088 -103.655388	0.049 -0.000 0.019
ttt_random_ammo	637.368408 -909.111877 -103.623817	0.136 0.000 0.103
ttt_random_ammo	616.605347 -887.245178 -103.555893	1.064 0.028 1.286
ttt_random_ammo	624.479797 -858.063538 -103.614647	0.278 0.001 0.281
ttt_random_ammo	644.146301 -825.001892 -103.627228	0.108 0.000 0.068
ttt_random_ammo	683.327332 -832.223816 -103.634567	0.077 0.000 0.026
ttt_random_ammo	651.063232 -843.628174 -103.571495	1.426 0.033 1.726
ttt_random_ammo	670.897644 -875.163086 -103.565437	1.303 0.032 1.579
ttt_random_ammo	797.271729 -265.201782 -83.524658	-0.331 -0.716 -0.785
ttt_random_ammo	797.265381 -293.910583 -83.531479	-0.357 -0.968 -0.996
ttt_random_ammo	796.863098 -319.146423 -83.513824	1.056 -0.737 -1.279
ttt_random_ammo	796.931152 -347.231506 -83.522232	-0.000 2.092 0.446
ttt_random_ammo	797.056091 -372.243439 -83.590477	0.492 3.233 -2.409
ttt_random_ammo	764.016541 -275.261993 -103.622169	0.153 0.001 0.124
ttt_random_ammo	765.330139 -291.100494 -103.580544	-0.240 0.144 -0.404
ttt_random_ammo	765.316711 -309.178772 -103.615662	-0.298 0.037 -0.238
ttt_random_ammo	765.324402 -338.530670 -103.522339	-0.464 0.003 -0.399
ttt_random_ammo	765.411255 -365.280090 -103.625885	-0.467 0.012 -0.679
ttt_random_ammo	765.323364 -385.702820 -103.631409	-0.112 0.004 -0.154
ttt_random_ammo	702.146362 132.688416 -63.612026	0.358 0.002 0.379
ttt_random_ammo	700.084595 105.174751 -63.600159	-0.548 -0.004 0.612
ttt_random_ammo	729.232605 140.673279 -63.612026	0.358 0.002 0.379
ttt_random_ammo	727.348389 103.087120 -63.674683	0.047 0.000 -0.032
ttt_random_ammo	448.507935 354.229584 -103.679878	0.047 0.000 -0.034
ttt_random_ammo	494.125214 393.647034 -103.638458	0.067 0.000 0.012
ttt_random_ammo	510.582184 378.388092 -103.617485	0.214 0.001 0.202
ttt_random_ammo	506.997803 363.349365 -103.657692	0.048 0.000 -0.021
ttt_random_ammo	463.312866 361.528503 -103.642479	0.060 0.000 0.001
ttt_random_ammo	362.193207 245.529907 212.467896	-0.959 -0.026 1.166
ttt_random_ammo	342.423309 239.338043 212.406754	-0.839 -0.009 0.966
ttt_random_ammo	319.976440 238.651566 212.315506	-0.048 -0.000 -0.036
ttt_random_ammo	298.267731 239.956009 212.384033	-0.194 -0.001 0.176
ttt_random_ammo	275.290436 234.660995 212.408569	-0.157 -0.771 -0.268
ttt_random_ammo	243.304871 237.109558 212.374496	-0.111 -0.000 0.071
ttt_random_ammo	212.363464 246.283936 212.413010	-1.159 -0.022 1.329
ttt_random_ammo	205.269760 157.504639 212.443573	-0.304 -0.669 -0.411
ttt_random_ammo	198.249710 148.129120 212.425171	1.548 0.037 1.879
ttt_random_ammo	205.179764 83.133240 212.475647	1.328 0.236 1.459
ttt_random_ammo	194.778763 98.430634 212.445007	1.069 0.028 1.294
ttt_random_ammo	204.879013 213.132996 212.490250	0.567 -0.380 -0.687
ttt_random_ammo	204.236221 226.992889 212.433151	1.371 0.033 1.665
ttt_random_ammo	-146.218063 210.570816 192.339996	0.047 0.000 -0.023
ttt_random_ammo	-146.298981 234.450516 192.322739	0.047 0.000 -0.033
ttt_random_ammo	-149.126465 261.852966 192.369171	0.091 0.000 0.045
ttt_random_ammo	-149.985046 287.493896 192.450592	0.983 0.026 1.193
ttt_random_ammo	-151.766205 172.705475 192.335785	0.132 -0.000 0.022
ttt_random_ammo	-151.700607 147.098160 192.469986	0.840 -0.003 1.505
ttt_random_ammo	-149.979736 113.286873 192.364639	-0.072 -0.000 0.019
ttt_random_ammo	-146.629135 81.218834 192.343063	-0.048 -0.000 -0.021
ttt_random_ammo	-339.635590 276.575195 -103.625526	-0.399 -0.002 0.392
ttt_random_ammo	-328.249695 268.039825 -103.605339	1.279 0.020 1.502
ttt_random_ammo	-715.973389 184.386063 -103.553322	-1.731 -0.036 2.108
ttt_random_ammo	-699.909180 179.964935 -103.612190	-0.245 -0.001 0.239
ttt_random_ammo	-708.956970 166.392517 -103.664009	-0.047 -0.000 -0.027
ttt_random_ammo	-718.754272 44.797695 -103.672134	0.047 0.000 -0.031
ttt_random_ammo	-714.812134 68.944992 -103.653168	0.050 0.000 -0.017
ttt_random_ammo	-703.427124 62.947647 -103.660004	0.047 0.000 -0.023
ttt_random_ammo	-607.707458 -491.748383 -103.608696	0.537 0.004 0.598
ttt_random_ammo	-593.843872 -472.673248 -103.620689	0.171 -0.001 -0.148
ttt_random_ammo	-564.978027 -481.833527 -103.642479	0.060 0.000 0.001
ttt_random_ammo	-558.052063 -509.017212 -103.662354	0.047 0.000 -0.025
ttt_random_ammo	-593.644287 -517.853149 -103.636497	0.072 0.000 0.019
ttt_random_ammo	-589.328491 -492.476105 -103.648773	0.053 -0.000 0.011
ttt_random_ammo	-569.298279 -523.598816 -103.642479	0.060 -0.000 -0.001
ttt_random_ammo	-539.290466 -521.704346 -103.625504	0.121 0.000 0.085
ttt_random_ammo	-535.687866 -494.943695 -103.607094	0.727 0.007 0.830
ttt_random_ammo	-668.648865 -1325.812134 -103.687981	0.048 0.000 -0.037
ttt_random_ammo	-714.111267 -1325.831909 -103.672134	0.047 0.000 -0.031
ttt_random_ammo	-723.059326 -1268.129761 -103.650955	0.051 0.000 -0.014
ttt_random_ammo	-682.018677 -1228.304443 -103.636490	0.071 0.000 0.018
ttt_random_ammo	-647.449707 -1246.781738 -103.644547	0.057 0.000 -0.004
ttt_random_ammo	-634.842834 -1284.093506 -103.613571	0.316 -0.002 -0.327
ttt_random_ammo	-673.849304 -1288.489014 -103.638466	0.067 -0.000 -0.012
ttt_random_ammo	-692.897400 -1256.090698 -103.636505	0.072 -0.000 -0.018
weapon_ttt_dual_elites	-389.830933 -239.788177 -79.947365	2.185 1.008 -1.299
weapon_ttt_dual_elites	-384.302429 -259.959656 -79.926064	2.033 1.729 -0.836
weapon_ttt_dual_elites	-755.965454 -1651.265381 -104.008087	1.911 0.154 -0.191
weapon_ttt_dual_elites	-758.788086 -1626.133545 -103.922852	1.835 0.148 -0.195
weapon_ttt_revolver	-379.198883 337.502075 196.581970	27.393 1.297 6.340
weapon_ttt_revolver	-380.697235 365.374023 193.992111	8.981 23.066 75.300
weapon_ttt_revolver	-298.924500 270.471558 -102.031837	8.890 26.876 74.823
weapon_ttt_revolver	-293.846039 290.047455 -102.032127	8.880 26.881 74.848
weapon_ttt_revolver	-399.177155 -98.694893 -78.020325	9.012 23.875 74.780
weapon_ttt_revolver	-398.830444 -118.908318 -78.016914	8.864 26.522 75.409
weapon_ttt_revolver	-759.324524 -1531.684204 -102.015755	9.462 26.541 73.352
weapon_ttt_revolver	-762.153564 -1516.743896 -102.030968	8.921 26.860 74.743
item_ammo_revolver_ttt	-150.041946 125.908180 192.305069	0.445 0.079 0.066
item_ammo_revolver_ttt	-136.288727 125.637810 192.321655	0.448 0.068 0.060
item_ammo_revolver_ttt	-149.288971 253.395081 192.332230	0.794 -0.064 0.013
item_ammo_revolver_ttt	-134.690933 250.459229 192.340668	0.704 0.133 0.108
item_ammo_revolver_ttt	-345.771881 342.197540 192.375687	0.623 0.078 -0.009
item_ammo_revolver_ttt	-327.006897 342.193970 192.340652	0.602 0.074 0.029
item_ammo_revolver_ttt	-310.676239 342.142670 192.419174	0.855 0.076 -0.986
item_ammo_revolver_ttt	-291.889374 342.050568 192.423279	1.064 -0.295 -1.077
item_ammo_revolver_ttt	-271.407013 297.950867 -103.573959	1.369 1.267 -0.009
item_ammo_revolver_ttt	-266.688019 281.455048 -103.653694	0.453 0.061 0.050
item_ammo_revolver_ttt	-249.708603 297.633240 -103.551720	0.664 -0.273 -0.441
item_ammo_revolver_ttt	-246.043747 283.979004 -103.607323	0.462 0.055 0.031
item_ammo_revolver_ttt	-408.268372 -88.532738 -103.680611	0.448 0.072 0.061
item_ammo_revolver_ttt	-404.032776 -103.300018 -103.680611	0.448 0.072 0.061
item_ammo_revolver_ttt	-403.323517 -119.027283 -103.548592	0.211 0.413 -0.074
item_ammo_revolver_ttt	-406.718994 -194.429977 -103.650002	0.454 0.061 0.048
item_ammo_revolver_ttt	-403.794189 -215.668503 -103.633133	0.457 0.058 0.041
item_ammo_revolver_ttt	-410.473755 -206.748993 -103.687607	0.446 0.072 0.063
item_ammo_revolver_ttt	-721.721191 -1685.338379 -103.650002	0.454 0.061 0.048
item_ammo_revolver_ttt	-718.609741 -1703.502563 -103.609703	0.462 0.055 0.032
item_ammo_revolver_ttt	-725.192932 -1725.481567 -103.663422	0.451 0.064 0.054
item_ammo_revolver_ttt	-727.153992 -1509.411621 -103.639580	0.456 0.058 0.044
item_ammo_revolver_ttt	-701.300049 -1518.514160 -103.615982	0.460 0.055 0.035
item_ammo_revolver_ttt	-694.117554 -1502.641113 -103.673920	0.449 0.068 0.058
weapon_zm_revolver	-173.266190 226.128143 232.345581	2.426 -23.803 -84.024
weapon_zm_revolver	-172.449860 155.389435 232.470413	1.873 -23.817 -86.016
weapon_zm_revolver	-397.482666 -201.344498 -79.022575	1.927 -33.507 -86.507
weapon_zm_revolver	-397.793610 -217.798355 -79.080376	2.405 -37.120 -84.785
weapon_zm_revolver	-761.311951 -1722.863525 -103.127640	2.430 -17.764 -84.230
weapon_zm_revolver	-761.069641 -1690.364990 -103.114029	2.693 -15.390 -84.331
