# Trouble in Terrorist Town weapon/ammo placement overrides
# For map: ttt_innocentmotel_sm
# Exported by: dduudu
setting:	replacespawns 1
ttt_playerspawn	396.381195 181.101639 1.549210	-0.049 -0.000 0.049
ttt_playerspawn	398.908997 -12.960407 1.558235	-0.040 -0.000 0.040
ttt_playerspawn	392.563568 -272.610016 1.559473	-0.039 -0.000 0.039
ttt_playerspawn	393.102661 -439.569214 1.531355	-0.066 -0.000 0.066
ttt_playerspawn	201.609802 -449.254730 1.533393	-0.064 -0.000 0.064
ttt_playerspawn	204.174866 -266.652924 1.527090	-0.070 -0.000 0.070
ttt_playerspawn	204.749924 -44.193272 1.523717	-0.073 -0.000 0.073
ttt_playerspawn	206.317810 167.308853 1.518956	0.078 0.000 0.078
ttt_playerspawn	299.842407 92.659363 1.556959	-0.041 -0.000 0.041
ttt_playerspawn	307.478027 -132.126007 1.527090	-0.070 -0.000 0.070
ttt_playerspawn	304.488861 -364.419556 1.582501	-0.016 -0.000 0.017
ttt_playerspawn	117.267395 362.726440 1.528181	-0.069 -0.000 0.069
ttt_playerspawn	127.244530 808.067383 1.557283	-0.171 -0.041 -0.036
ttt_playerspawn	22.917677 -67.271133 97.450211	-0.015 -0.000 0.015
ttt_playerspawn	28.864456 -179.569565 97.500336	-0.010 -0.000 0.010
ttt_playerspawn	-415.629181 -241.630737 97.526283	-0.007 -0.000 0.007
ttt_playerspawn	-428.868683 -37.921696 97.463181	-0.014 -0.000 0.014
ttt_playerspawn	-645.320496 286.752136 97.510323	-0.009 -0.000 0.009
ttt_playerspawn	-1333.573486 -57.334133 97.504745	-0.009 -0.000 0.009
ttt_playerspawn	-884.628540 -589.702759 97.501823	-0.010 -0.000 0.010
ttt_playerspawn	-1306.423340 -732.676941 97.471191	-0.013 -0.000 0.013
ttt_playerspawn	-650.575806 -771.551270 97.525986	-0.071 -0.000 0.071
ttt_playerspawn	-494.049713 -569.299194 97.542709	-0.055 -0.000 0.055
ttt_playerspawn	-396.243500 -1033.422607 97.537292	-0.060 -0.000 0.060
ttt_playerspawn	-257.817444 -1422.209351 97.504745	-0.009 -0.000 0.009
ttt_playerspawn	-121.161011 -984.365051 97.495720	-0.010 -0.000 0.010
ttt_playerspawn	273.053894 -854.973083 97.485840	-0.011 -0.000 0.011
ttt_playerspawn	-244.098465 1360.572632 97.489235	-0.011 -0.000 0.011
ttt_playerspawn	-576.858704 835.741760 97.476891	-0.012 -0.000 0.012
ttt_playerspawn	-1301.674683 716.557617 97.514282	-0.009 -0.000 0.009
ttt_playerspawn	-131.221634 -101.807533 97.559021	-0.004 -0.000 0.004
ttt_playerspawn	-708.347595 -256.588226 97.562401	0.036 0.000 0.036
ttt_playerspawn	-419.845154 291.508728 97.485847	0.011 0.000 0.011
ttt_playerspawn	-141.948532 -454.998108 97.471191	-0.013 -0.000 0.013
ttt_playerspawn	277.360443 -1267.849609 97.487556	0.011 0.000 0.011
weapon_ttt_ak47	301.835968 97.140190 -214.974396	-0.152 -15.852 87.732
weapon_ttt_ak47	-498.154266 999.061401 -214.937408	-0.076 -15.856 88.094
weapon_ttt_ak47	-1032.258179 702.407593 353.063599	-0.019 -15.989 87.663
weapon_ttt_ak47	-1150.130493 815.271362 97.015045	-0.211 -15.514 87.931
weapon_ttt_ak47	-1230.444458 -213.939621 97.062454	-0.015 -15.990 87.595
weapon_ttt_ak47	278.186554 889.805603 1.047943	-0.122 -15.513 88.080
item_box_buckshot_ttt	-1244.901367 -1480.222900 96.334969	0.388 0.004 -0.303
item_box_buckshot_ttt	-1210.954712 -1479.847412 96.452393	-0.475 -0.007 0.421
item_box_buckshot_ttt	-1226.686157 -1481.208252 96.380463	-0.070 0.002 0.144
item_box_buckshot_ttt	-878.795837 -1329.380615 -215.620987	0.131 0.003 -0.021
item_box_buckshot_ttt	-888.313599 -1329.729004 -215.615051	-1.000 -0.010 0.896
item_box_buckshot_ttt	-899.093079 -1330.199219 -215.618484	-0.243 0.000 0.285
item_box_buckshot_ttt	-644.449829 662.340576 352.447449	-0.545 -0.005 0.423
item_box_buckshot_ttt	-655.575623 664.263733 352.469147	-0.337 -0.006 0.299
item_box_buckshot_ttt	-625.289734 664.563782 352.408447	-0.810 -0.005 0.719
item_box_buckshot_ttt	-337.864288 421.169861 416.409973	-1.023 -0.010 0.895
item_box_buckshot_ttt	-341.582794 403.424500 416.400726	-0.016 0.003 0.093
item_box_buckshot_ttt	-360.164185 409.735229 416.404877	-0.720 -0.005 0.663
item_box_buckshot_ttt	-789.731201 123.883881 96.393112	-0.964 -0.003 0.854
item_box_buckshot_ttt	-806.070374 120.051216 96.427010	-0.665 -0.006 0.591
item_box_buckshot_ttt	-793.774841 150.372330 96.380325	-0.065 0.002 0.139
item_box_buckshot_ttt	-1487.555542 846.761108 128.414825	-0.842 -0.015 0.676
item_box_buckshot_ttt	-1472.248901 840.919373 128.407089	-0.817 -0.005 0.730
item_box_buckshot_ttt	-1461.299194 831.543884 128.347305	0.719 0.003 -0.574
item_box_buckshot_ttt	-1238.802979 -311.552979 96.429543	-0.646 -0.007 0.574
item_box_buckshot_ttt	-1226.019531 -310.350098 96.429451	-0.687 -0.003 0.547
item_box_buckshot_ttt	-1207.972412 -312.063904 96.382378	-0.431 0.000 0.435
item_box_buckshot_ttt	-1128.937134 -193.662537 96.381149	-0.188 0.001 0.235
item_box_buckshot_ttt	-1144.807129 -193.907288 96.413063	-0.774 -0.005 0.687
item_box_buckshot_ttt	-1135.913574 -211.615829 96.408829	-0.993 0.001 0.802
weapon_ttt_smokegrenade	-630.234253 -439.872864 100.536293	1.647 0.008 -1.493
weapon_ttt_smokegrenade	-632.294678 -451.188354 100.533615	1.165 0.012 -0.956
weapon_ttt_smokegrenade	-1003.760010 -1301.769287 -211.443207	3.595 -0.096 -3.722
weapon_ttt_smokegrenade	-45.645123 -1051.543213 -211.506714	0.242 0.001 0.153
weapon_ttt_smokegrenade	-32.197201 -1070.461426 -211.485947	0.358 0.002 -0.020
weapon_ttt_smokegrenade	-470.196472 1137.577759 -211.401276	2.419 -0.130 -2.492
weapon_ttt_smokegrenade	-470.913879 1167.507202 -211.488403	0.328 0.002 0.019
weapon_ttt_smokegrenade	-797.382813 59.393261 100.528969	0.259 -0.181 -0.051
weapon_ttt_smokegrenade	-799.496765 47.397469 100.591866	0.153 -0.225 -0.026
weapon_ttt_smokegrenade	-1008.192139 956.447021 100.585175	2.751 -0.135 -2.833
weapon_ttt_smokegrenade	-867.762817 -164.933548 356.581055	0.171 -0.219 -0.030
weapon_ttt_smokegrenade	-685.106567 -196.228683 356.578156	0.176 -0.219 -0.032
weapon_ttt_smokegrenade	-702.640686 -197.108963 356.535461	0.248 -0.186 -0.048
weapon_ttt_smokegrenade	142.373886 -1412.354492 100.580986	2.814 -0.128 -2.890
item_ammo_357_ttt	-606.021973 -1485.444702 96.332451	0.450 0.063 0.056
item_ammo_357_ttt	-629.819336 -1487.439087 96.418663	0.467 0.053 0.021
item_ammo_357_ttt	-611.139404 -1398.541626 96.358734	0.455 0.059 0.045
item_ammo_357_ttt	-633.624023 -1398.437988 96.377235	0.459 0.055 0.038
item_ammo_357_ttt	-454.653320 278.664825 352.360870	0.467 0.060 0.040
item_ammo_357_ttt	-474.457825 272.812714 352.337128	0.464 0.066 0.048
item_ammo_357_ttt	-794.203369 76.472366 96.326691	0.463 0.070 0.052
item_ammo_357_ttt	-804.733765 76.445618 96.330971	0.464 0.070 0.051
item_ammo_357_ttt	-817.000732 76.748909 96.364677	0.500 -0.011 0.002
item_ammo_357_ttt	-1005.535828 938.191711 96.360405	0.456 0.057 0.044
item_ammo_357_ttt	-1024.292236 931.742126 96.326057	0.449 0.067 0.058
item_ammo_357_ttt	-1217.664673 633.361877 96.326691	0.463 0.070 0.052
item_ammo_357_ttt	-1218.008667 646.048950 96.343040	0.465 0.064 0.046
item_ammo_357_ttt	8.269396 502.946503 48.384766	1.141 -0.003 0.037
item_ammo_357_ttt	25.694628 506.074585 48.389534	0.507 0.057 0.003
item_ammo_revolver_ttt	-704.210388 -79.246231 96.406380	0.540 0.333 0.052
item_ammo_revolver_ttt	-704.205872 -62.269947 96.387856	0.461 0.056 0.033
item_ammo_revolver_ttt	-716.219238 -62.732597 96.355347	0.455 0.060 0.046
item_ammo_revolver_ttt	295.663788 258.070435 -215.607315	0.462 0.055 0.031
item_ammo_revolver_ttt	309.685669 257.712860 -215.676102	0.449 0.068 0.058
item_ammo_revolver_ttt	300.550171 275.351929 -215.637924	0.456 0.058 0.043
item_ammo_revolver_ttt	-1117.373047 994.937988 96.328217	0.449 0.067 0.057
item_ammo_revolver_ttt	-1099.738525 998.953796 96.400452	0.464 0.053 0.028
item_ammo_revolver_ttt	-1120.202759 958.848816 96.382690	0.460 0.054 0.035
item_ammo_revolver_ttt	-1015.144409 829.987610 96.398308	0.463 0.054 0.029
item_ammo_revolver_ttt	-1014.774963 810.379639 96.358734	0.455 0.059 0.045
item_ammo_revolver_ttt	-1033.940186 820.978455 96.321632	0.448 0.067 0.060
item_ammo_revolver_ttt	-1109.038940 -223.584869 96.328850	0.463 0.070 0.051
item_ammo_revolver_ttt	-1091.353149 -222.473251 96.339142	0.464 0.067 0.048
item_ammo_revolver_ttt	-1131.856812 -226.660980 96.355812	0.466 0.062 0.042
item_ammo_revolver_ttt	-1179.651245 -366.369843 96.373344	0.468 0.059 0.035
item_ammo_revolver_ttt	-1179.968506 -390.299713 96.348686	0.465 0.064 0.044
item_ammo_revolver_ttt	-213.804886 -1565.261353 -215.585373	0.467 0.054 0.022
item_ammo_revolver_ttt	-242.235794 -1563.675659 -215.621353	0.460 0.056 0.037
item_ammo_revolver_ttt	-228.496002 -1564.483887 -215.621353	0.460 0.056 0.037
item_ammo_revolver_ttt	-344.212463 -877.730774 96.366852	0.457 0.057 0.042
item_ammo_revolver_ttt	-329.234894 -879.303528 96.400352	0.357 -0.095 -0.156
item_ammo_revolver_ttt	-318.304932 -858.691101 96.323860	0.448 0.067 0.059
item_ammo_revolver_ttt	478.533508 -1397.873169 128.353638	0.455 0.062 0.046
item_ammo_revolver_ttt	467.466553 -1397.273071 128.353638	0.455 0.062 0.046
item_ammo_revolver_ttt	464.030182 -1376.348999 128.385361	0.461 0.057 0.033
item_ammo_smg1_ttt	-406.912537 -671.275574 96.511192	-0.320 0.012 -0.267
item_ammo_smg1_ttt	-382.750336 -672.981750 96.406555	0.213 -0.005 0.131
item_ammo_smg1_ttt	-609.949341 -366.083405 96.477325	0.503 -0.001 0.219
item_ammo_smg1_ttt	-630.755859 -368.584778 96.479393	0.205 0.000 0.020
item_ammo_smg1_ttt	-955.287354 -1320.589111 -215.595840	-0.191 0.005 0.117
item_ammo_smg1_ttt	-971.061768 -1323.918945 -215.491669	0.428 -0.011 -0.345
item_ammo_smg1_ttt	-34.410881 -1277.503052 -215.523911	0.558 -0.075 0.254
item_ammo_smg1_ttt	-51.212696 -1276.684326 -215.464981	-0.149 0.017 -0.130
item_ammo_smg1_ttt	-97.995781 -1053.884399 -215.595840	-0.191 0.005 0.116
item_ammo_smg1_ttt	-114.657433 -1049.488647 -215.491669	0.428 -0.011 -0.345
item_ammo_smg1_ttt	297.504578 122.129707 -215.573502	0.598 -0.003 0.389
item_ammo_smg1_ttt	320.459869 123.991394 -215.613602	0.088 -0.005 0.046
item_ammo_smg1_ttt	295.543671 186.084900 -215.493820	-0.533 0.011 -0.419
item_ammo_smg1_ttt	315.243683 192.237656 -215.588791	0.268 -0.005 0.168
item_ammo_smg1_ttt	-474.378021 1030.487305 -215.511917	-0.402 -0.055 -0.034
item_ammo_smg1_ttt	-500.597626 1032.904541 -215.530258	-0.451 -0.160 0.002
item_ammo_smg1_ttt	3.676897 1031.768433 96.471687	-0.417 0.265 -0.279
item_ammo_smg1_ttt	21.777222 1036.186523 96.532127	-0.179 0.017 -0.152
item_ammo_smg1_ttt	-1019.245667 658.047791 352.411224	0.266 -0.005 0.167
item_ammo_smg1_ttt	-1039.526001 656.851501 352.500092	0.825 -0.011 -0.612
item_ammo_smg1_ttt	-425.986908 -180.669479 352.408905	0.239 -0.005 0.148
item_ammo_smg1_ttt	-438.490387 -179.829071 352.426514	0.598 -0.003 0.389
item_ammo_smg1_ttt	-761.117188 734.001648 352.557953	0.040 -0.427 0.011
item_ammo_smg1_ttt	-744.366638 735.174683 352.509064	-0.316 0.013 -0.263
item_ammo_smg1_ttt	-1159.868652 -590.703247 96.411224	0.268 -0.005 0.168
item_ammo_smg1_ttt	-1143.689453 -590.554260 96.510826	-0.327 0.011 -0.276
item_ammo_smg1_ttt	-1007.647095 -497.989380 96.420151	0.419 -0.004 0.270
item_ammo_smg1_ttt	-1020.868530 -497.381592 96.516808	-0.247 0.014 -0.216
item_ammo_smg1_ttt	-1156.091675 844.188965 96.516808	-0.247 0.014 -0.216
item_ammo_smg1_ttt	-1130.467529 848.774597 96.477051	0.504 -0.001 0.220
item_ammo_smg1_ttt	-242.470535 -39.178322 140.424362	0.469 0.044 0.341
item_ammo_smg1_ttt	-230.516281 -39.680470 140.413208	0.080 -0.051 0.047
item_ammo_smg1_ttt	-415.314789 9.993146 352.480957	-0.371 -0.001 -0.357
item_ammo_smg1_ttt	-433.997131 9.658551 352.495331	-0.856 -0.012 -0.636
item_ammo_smg1_ttt	-1235.788696 -242.469971 96.380989	0.071 -0.005 0.034
item_ammo_smg1_ttt	-1218.785767 -241.920151 96.394257	0.122 -0.005 0.070
item_ammo_smg1_ttt	-1108.541748 -380.181946 96.477379	0.549 -0.084 0.244
item_ammo_smg1_ttt	-1083.662109 -379.099670 96.521278	-0.228 0.014 -0.196
item_ammo_smg1_ttt	-1055.956787 -192.911102 96.478561	0.507 -0.001 0.217
item_ammo_smg1_ttt	-1083.345215 -193.492020 96.526062	-0.190 0.015 -0.165
item_ammo_smg1_ttt	-1111.347168 -194.598465 96.543457	-0.139 -2.487 0.048
item_ammo_smg1_ttt	-75.047943 -961.837036 -215.501663	-0.866 -0.013 -0.649
item_ammo_smg1_ttt	-94.057816 -959.794067 -215.595840	-0.189 0.005 0.115
item_ammo_smg1_ttt	-111.570030 -960.473267 -215.483246	0.245 -0.014 -0.214
item_ammo_smg1_ttt	-393.513123 -868.410034 96.406563	-0.213 0.005 0.131
item_ammo_smg1_ttt	-377.185516 -871.238342 96.508392	0.362 -0.011 -0.294
item_ammo_smg1_ttt	334.903320 -987.919250 146.018265	2.434 0.722 1.520
item_ammo_smg1_ttt	326.722046 -942.953125 152.117691	0.553 -2.993 -1.799
item_ammo_smg1_ttt	271.816223 858.733521 0.514875	-0.223 0.067 -0.197
item_ammo_smg1_ttt	239.449631 855.804810 0.474611	0.567 -0.014 0.259
item_ammo_pistol_ttt	-737.193115 -578.745300 96.447807	-0.044 -0.020 -0.013
item_ammo_pistol_ttt	-729.517578 -579.401001 96.364822	-0.117 -0.019 -0.035
item_ammo_pistol_ttt	-722.679871 -579.792358 96.338196	-0.140 -0.019 -0.042
item_ammo_pistol_ttt	-705.276855 -613.120056 96.438126	-0.125 0.045 -0.011
item_ammo_pistol_ttt	-696.930664 -614.577148 96.390350	-0.095 -0.020 -0.029
item_ammo_pistol_ttt	-685.002136 -614.716370 96.467590	-0.303 0.107 -0.295
item_ammo_pistol_ttt	-1068.687500 -1217.595093 -215.523254	1.291 0.212 0.414
item_ammo_pistol_ttt	-1062.523071 -1217.250000 -215.520996	0.235 0.267 -0.044
item_ammo_pistol_ttt	-1056.441284 -1215.881470 -215.521164	-0.669 0.772 0.152
item_ammo_pistol_ttt	-1050.370239 -1214.832764 -215.540863	-0.025 0.840 -0.215
item_ammo_pistol_ttt	330.275757 -322.305481 -215.557648	-0.000 0.473 0.367
item_ammo_pistol_ttt	320.626465 -317.902710 -215.560959	0.293 -0.427 0.035
item_ammo_pistol_ttt	327.907166 -295.920135 -215.633179	-0.115 -0.019 -0.035
item_ammo_pistol_ttt	-42.268585 951.169434 96.362778	-0.119 -0.019 -0.036
item_ammo_pistol_ttt	-23.866514 949.581177 96.439499	-0.052 -0.020 -0.016
item_ammo_pistol_ttt	-3.777306 948.526978 96.393578	-0.092 -0.020 -0.028
item_ammo_pistol_ttt	-28.785942 980.155090 96.395149	-0.091 -0.020 -0.027
item_ammo_pistol_ttt	-13.471250 977.156067 96.354309	-0.126 -0.019 -0.038
item_ammo_pistol_ttt	6.425963 981.534363 96.406944	-0.080 -0.020 -0.024
item_ammo_pistol_ttt	-665.439209 465.915802 416.808258	-0.149 -0.018 -0.045
item_ammo_pistol_ttt	-654.778931 464.655396 416.876770	-0.089 -0.020 -0.027
item_ammo_pistol_ttt	-644.658997 462.539612 416.908844	-0.061 -0.020 -0.018
item_ammo_pistol_ttt	-246.001389 -143.576019 140.463440	0.316 -0.570 0.057
item_ammo_pistol_ttt	-220.818268 -142.452255 140.372665	-0.110 -0.019 -0.033
item_ammo_pistol_ttt	-232.973938 -144.541412 140.411011	-0.077 -0.020 -0.023
item_ammo_pistol_ttt	-222.894531 -207.133408 140.387024	-0.098 -0.020 -0.030
item_ammo_pistol_ttt	-222.378540 -233.141495 140.436752	-0.054 -0.020 -0.016
item_ammo_pistol_ttt	-212.551193 -220.422867 140.426651	-0.063 -0.020 -0.019
item_ammo_pistol_ttt	-962.845703 -137.645294 352.335754	-0.143 -0.019 -0.043
item_ammo_pistol_ttt	-954.691467 -127.774887 352.423309	-0.066 -0.020 -0.020
item_ammo_pistol_ttt	-962.615112 -114.984314 352.356476	-0.124 -0.019 -0.038
item_ammo_pistol_ttt	-996.449463 -331.565491 96.424622	0.261 -0.036 0.315
item_ammo_pistol_ttt	-998.402710 -310.473236 96.352112	-0.128 -0.019 -0.039
item_ammo_pistol_ttt	-1013.459229 -322.183960 96.325600	0.151 0.018 -0.046
item_ammo_pistol_ttt	-40.217590 -958.814453 -215.601776	-0.088 -0.020 -0.027
item_ammo_pistol_ttt	-48.606022 -961.613831 -215.608032	-0.093 -0.020 -0.028
item_ammo_pistol_ttt	-57.913605 -965.445251 -215.611313	-0.096 -0.020 -0.029
item_ammo_pistol_ttt	-303.532379 -1562.026611 -215.639297	-0.121 -0.019 -0.036
item_ammo_pistol_ttt	-324.620544 -1562.837280 -215.647903	-0.128 -0.019 -0.039
item_ammo_pistol_ttt	-313.709442 -1562.960815 -215.633179	-0.115 -0.019 -0.035
item_ammo_pistol_ttt	262.930115 -1389.037109 96.388695	-0.096 -0.020 -0.029
item_ammo_pistol_ttt	255.720215 -1365.839966 96.408318	-0.079 -0.020 -0.024
item_ammo_pistol_ttt	236.497238 -1391.405273 96.440392	-0.051 -0.020 -0.015
item_ammo_pistol_ttt	265.457520 -1361.900757 96.338196	-0.140 -0.019 -0.043
item_ammo_pistol_ttt	237.054962 -1347.939209 96.387024	-0.098 -0.020 -0.030
item_ammo_pistol_ttt	15.231984 720.774597 48.463024	0.926 0.003 -0.068
item_ammo_pistol_ttt	26.151329 720.873779 48.374073	-0.209 -0.159 -0.047
weapon_ttt_g3sg1	-470.341309 251.841476 354.956451	-4.076 0.062 0.409
weapon_ttt_g3sg1	-1028.203125 909.764648 96.871025	-0.396 -1.588 86.884
weapon_ttt_g3sg1	31.053328 489.954376 48.872383	-0.402 -1.588 86.895
ttt_random_weapon	-160.171234 -1355.815796 97.187134	1.981 5.707 -92.506
ttt_random_weapon	-132.473572 -1565.063477 97.181328	2.043 5.706 -92.380
ttt_random_weapon	-379.751953 -1567.466064 97.212212	1.715 5.718 -93.055
ttt_random_weapon	-373.071289 -1372.668335 97.206352	1.777 5.716 -92.926
ttt_random_weapon	-1140.999512 -1498.084229 97.236092	1.467 4.728 -93.531
ttt_random_weapon	-1151.539429 -1084.782837 114.737320	1.566 84.703 -93.305
ttt_random_weapon	-1152.807739 -1193.279419 105.348511	1.596 88.615 -93.236
ttt_random_weapon	-1150.431030 -1285.296875 105.426765	1.679 92.884 -93.047
ttt_random_weapon	-534.159973 -452.591736 97.227089	1.569 4.984 -93.297
ttt_random_weapon	-533.444397 -405.093201 97.226768	1.573 4.985 -93.289
ttt_random_weapon	-340.830078 -710.076782 109.547516	1.093 107.577 -93.473
ttt_random_weapon	-619.976685 -394.096283 97.221344	1.634 4.988 -93.148
ttt_random_weapon	-1081.554199 -998.666565 -214.795029	1.819 4.928 -92.725
ttt_random_weapon	-1080.334473 -1095.712158 -214.802856	1.907 4.928 -92.523
ttt_random_weapon	-804.648071 -1318.870117 -214.802078	1.899 4.927 -92.543
ttt_random_weapon	-140.875183 -1554.500000 -214.774414	1.586 4.918 -93.258
ttt_random_weapon	-384.160736 -1552.293701 -214.795685	1.827 4.929 -92.708
ttt_random_weapon	392.751831 -372.114563 -214.781448	1.666 4.923 -93.076
ttt_random_weapon	-358.681213 266.750000 -214.797729	1.850 4.928 -92.656
ttt_random_weapon	-359.329132 227.943146 -214.771851	1.557 4.916 -93.325
ttt_random_weapon	-361.261230 185.468246 -214.800598	1.882 4.926 -92.582
ttt_random_weapon	-485.549683 188.774597 -214.805222	1.934 4.925 -92.462
ttt_random_weapon	-491.058289 236.322876 -214.797043	1.842 4.927 -92.673
ttt_random_weapon	-582.172607 171.222809 -214.779709	1.646 4.922 -93.121
ttt_random_weapon	-582.244080 118.763321 -214.789536	1.757 4.928 -92.867
ttt_random_weapon	-487.685547 1068.844116 -214.784256	1.698 4.925 -93.004
ttt_random_weapon	-115.252518 976.707275 97.240807	1.391 3.665 -93.679
ttt_random_weapon	-152.926941 975.395813 97.238495	1.440 4.967 -93.593
ttt_random_weapon	-321.917114 1386.537231 97.197266	1.874 5.711 -92.728
ttt_random_weapon	-164.987076 1205.538086 97.214317	1.692 5.719 -93.101
ttt_random_weapon	-166.018646 1240.325928 97.206352	1.777 5.716 -92.926
ttt_random_weapon	-260.060822 1012.541443 305.206879	1.798 4.929 -92.775
ttt_random_weapon	-250.937744 392.900696 417.232208	1.747 4.771 -92.891
ttt_random_weapon	-529.258789 -185.615372 353.278900	1.543 5.817 -95.056
ttt_random_weapon	-485.877869 -184.997238 353.212189	1.715 5.718 -93.055
ttt_random_weapon	-918.062256 -191.830490 353.209381	1.745 5.717 -92.993
ttt_random_weapon	-1032.074097 96.598251 353.171173	1.090 6.032 -93.390
ttt_random_weapon	-1029.489136 35.459034 353.203735	1.805 5.714 -92.869
ttt_random_weapon	-1030.551880 -21.710669 353.203735	1.805 5.714 -92.869
ttt_random_weapon	-1032.152832 -580.202209 97.224747	1.596 4.987 -93.236
ttt_random_weapon	-1034.798096 -618.647278 97.215538	1.700 4.986 -92.998
ttt_random_weapon	-1277.599854 -613.899902 97.157639	2.294 5.679 -91.864
ttt_random_weapon	-1451.177734 -787.368958 97.171555	2.147 5.696 -92.167
ttt_random_weapon	-1502.179199 -591.843567 97.217712	1.656 5.719 -93.175
ttt_random_weapon	-1295.033447 82.067215 97.219917	1.632 5.720 -93.224
ttt_random_weapon	-1495.782593 43.415897 129.193680	1.946 4.785 -92.434
ttt_random_weapon	-1365.371338 38.284695 140.687622	3.846 -14.194 -90.082
ttt_random_weapon	-1368.830933 837.378113 144.267532	1.591 3.935 -100.380
ttt_random_weapon	-1286.371338 816.365967 97.201683	1.827 5.712 -92.824
ttt_random_weapon	-1016.071899 755.950623 97.193268	1.916 5.709 -92.640
ttt_random_weapon	-932.441284 887.671204 97.211662	1.721 5.718 -93.043
ttt_random_weapon	-138.684097 879.100098 97.169197	2.172 5.688 -92.115
ttt_random_weapon	-292.550049 -149.117798 97.156250	2.308 5.660 -91.833
ttt_random_weapon	-296.575409 -44.297142 97.201683	1.827 5.712 -92.824
ttt_random_weapon	-289.698608 33.519890 97.181328	2.043 5.706 -92.380
ttt_random_weapon	-521.209167 -93.273010 97.213280	1.703 5.717 -93.078
ttt_random_weapon	-514.888489 147.143066 97.205070	1.791 5.713 -92.898
ttt_random_weapon	-731.090820 151.349075 353.154846	2.323 5.662 -91.803
ttt_random_weapon	-1030.085693 567.077576 353.180298	2.054 5.699 -92.357
ttt_random_weapon	-613.506226 941.752869 305.217041	1.683 4.700 -93.037
ttt_random_weapon	-1000.230774 -372.856018 97.159004	2.279 5.682 -91.893
ttt_random_weapon	-1009.943359 -194.472305 97.202377	1.819 5.715 -92.840
ttt_random_weapon	641.623535 -932.403320 -174.110779	1.524 11.358 -93.405
ttt_random_weapon	750.119995 -689.384888 -214.768051	1.514 4.912 -93.423
ttt_random_weapon	719.687622 -848.692139 -214.778488	1.632 4.921 -93.153
ttt_random_weapon	751.291565 -720.298462 -214.799866	1.874 4.930 -92.601
ttt_random_weapon	387.710358 -588.574707 -214.804428	1.925 4.924 -92.483
ttt_random_weapon	445.009796 -630.169434 -214.705093	1.680 -87.624 -95.764
ttt_random_weapon	-261.295593 37.167648 -214.807709	1.962 4.927 -92.398
ttt_random_weapon	-921.331909 1147.296265 -214.801331	1.890 4.927 -92.563
ttt_random_weapon	-920.880798 1123.500366 -214.766006	1.491 4.910 -93.476
ttt_random_weapon	-513.857788 -301.992188 97.206978	1.770 5.715 -92.940
ttt_random_weapon	-346.472198 -409.509460 97.222908	1.617 4.988 -93.189
ttt_random_weapon	-1238.492310 -872.137268 97.233902	1.492 4.975 -93.474
ttt_random_weapon	-475.092499 -1043.764893 145.303345	1.390 -60.436 -94.174
ttt_random_weapon	-230.617142 -1052.546875 97.221344	1.634 4.988 -93.148
ttt_random_weapon	-233.300247 -869.019714 97.224388	1.600 4.987 -93.227
ttt_random_weapon	433.681213 -777.716248 97.190720	1.943 5.711 -92.585
ttt_random_weapon	508.728302 -828.812622 97.173843	2.122 5.695 -92.216
ttt_random_weapon	504.184296 -983.294312 97.185257	2.001 5.703 -92.465
ttt_random_weapon	287.651337 -987.161316 97.160347	2.265 5.679 -91.922
ttt_random_weapon	283.127106 -927.159546 97.198784	1.858 5.714 -92.761
ttt_random_weapon	140.845230 -1360.256836 97.218803	1.663 4.987 -93.083
ttt_random_weapon	12.885290 -1465.203857 97.231842	1.516 4.979 -93.420
ttt_random_weapon	278.591034 680.465210 1.221741	1.630 4.989 -93.159
ttt_random_weapon	284.219330 632.621521 1.238638	1.439 4.967 -93.597
ttt_random_weapon	282.283783 575.470215 1.216982	1.684 4.622 -93.035
ttt_random_weapon	285.242126 524.488525 1.226111	1.581 4.986 -93.272
ttt_random_weapon	278.065765 733.945679 1.217901	1.673 4.988 -93.059
ttt_random_weapon	42.119709 91.520454 1.226111	1.580 4.986 -93.272
ttt_random_weapon	27.590048 10.775968 97.173843	2.122 5.695 -92.216
ttt_random_weapon	30.571014 -274.295288 97.177147	2.087 5.701 -92.289
ttt_random_weapon	40.105545 -339.629242 1.233683	1.495 4.975 -93.468
weapon_zm_sledge	-695.378479 -21.346430 100.416336	18.561 1.218 3.221
weapon_zm_sledge	-243.712479 -255.008728 144.416763	18.567 1.219 3.224
weapon_zm_sledge	272.334564 470.457062 4.379140	18.195 1.294 3.078
weapon_ttt_m16	-1060.417114 -1255.110596 -214.856888	2.040 -8.318 84.074
weapon_ttt_m16	-1059.069214 -1237.246094 -214.847702	2.038 -8.324 84.200
weapon_ttt_m16	-661.499084 487.332794 417.643890	2.226 -8.477 84.597
weapon_ttt_m16	-243.087570 -162.313660 141.170670	2.162 -8.268 84.386
weapon_ttt_tmp	-80.661659 -1060.656982 -215.171234	-1.536 17.207 91.553
weapon_ttt_tmp	-1166.413452 -386.150757 97.080101	-0.406 20.634 92.267
weapon_ttt_mp5	-971.366455 -1341.941895 -215.169632	-0.007 -3.647 83.900
weapon_ttt_mp5	-239.361099 -60.022072 140.906082	0.215 -0.664 84.210
weapon_ttt_mp5	358.856873 -946.574280 147.901642	0.499 -7.054 89.848
weapon_ttt_galil	-635.650024 -336.019836 104.693237	-3.856 0.692 76.001
weapon_ttt_galil	-443.383331 -205.248566 353.343903	-3.781 23.776 75.951
weapon_ttt_galil	-1026.277100 -537.050659 97.282417	-3.862 18.200 76.442
weapon_ttt_galil	-101.730026 -894.174255 -214.690781	-3.949 23.343 75.992
weapon_zm_molotov	-613.740662 -439.883148 100.525795	0.624 0.009 -0.347
weapon_zm_molotov	-615.317810 -453.090088 100.525803	0.620 0.009 -0.342
weapon_zm_molotov	-994.958862 -1299.431030 -211.402817	2.451 -0.126 -2.524
weapon_zm_molotov	-468.071167 1089.680786 -211.472229	0.728 0.010 -0.454
weapon_zm_molotov	-466.036438 1119.812012 -211.463211	2.375 -0.004 -2.288
weapon_zm_molotov	-438.511139 -143.486130 356.605774	0.129 -0.229 -0.021
weapon_zm_molotov	-426.172485 -141.135483 356.517426	0.279 -0.170 -0.055
weapon_zm_molotov	-1011.244141 970.336121 100.583641	2.792 -0.136 -2.877
weapon_zm_molotov	-883.289551 -158.533859 356.553314	0.218 -0.204 -0.041
weapon_zm_molotov	-1035.628296 -86.685867 356.568909	0.191 -0.215 -0.035
weapon_zm_molotov	-1020.712341 -87.811928 356.539642	0.241 -0.195 -0.046
weapon_zm_molotov	-1056.773560 -377.293365 100.553329	0.218 -0.204 -0.041
weapon_zm_molotov	-1042.740601 -378.085754 100.541702	0.238 -0.196 -0.046
weapon_zm_molotov	157.001511 -1404.478882 100.585274	2.683 -0.132 -2.751
weapon_zm_molotov	136.668213 -1401.900757 100.573242	3.046 -0.127 -3.135
weapon_zm_molotov	40.554089 641.586548 52.558910	3.449 -0.129 -3.559
weapon_zm_molotov	39.462467 577.859985 52.618450	1.800 -0.117 -1.845
weapon_ttt_sg550	-627.873047 -1453.511475 97.064888	0.093 8.665 86.441
weapon_ttt_sg550	-814.671265 86.613342 97.644226	0.372 0.289 -89.766
ttt_random_ammo	-122.769905 -1368.154053 96.325241	0.045 0.000 -0.031
ttt_random_ammo	-122.104530 -1385.742554 96.337570	0.045 0.000 -0.024
ttt_random_ammo	-134.230896 -1376.248047 96.344543	0.047 -0.000 0.019
ttt_random_ammo	-121.422264 -1544.201416 96.346771	0.048 0.000 -0.017
ttt_random_ammo	-118.679291 -1525.698364 96.348991	0.049 -0.000 0.014
ttt_random_ammo	-140.318954 -1537.641602 96.390915	0.518 -0.004 -0.577
ttt_random_ammo	-390.014984 -1557.234131 96.351151	0.050 0.000 -0.011
ttt_random_ammo	-389.572113 -1539.799194 96.355392	0.054 0.000 -0.004
ttt_random_ammo	-376.117065 -1548.114014 96.444435	0.970 0.026 1.163
ttt_random_ammo	-366.433136 -1352.896362 96.351151	0.051 0.000 -0.011
ttt_random_ammo	-352.373016 -1352.835938 96.369141	0.086 0.000 0.041
ttt_random_ammo	-387.866882 -1402.799072 96.421005	1.388 0.032 1.660
ttt_random_ammo	-1153.738770 -1479.389526 96.327873	0.047 0.000 -0.031
ttt_random_ammo	-1141.374512 -1478.677490 96.430412	1.462 0.034 1.779
ttt_random_ammo	-1124.177490 -1479.957886 96.411758	-1.089 -0.015 1.271
ttt_random_ammo	-982.392456 -1357.438110 79.167015	-4.791 143.875 81.253
ttt_random_ammo	-1022.269348 -1368.672119 79.010292	-0.132 -21.166 87.440
ttt_random_ammo	-1086.018188 -1194.318359 79.502235	-7.783 157.258 92.713
ttt_random_ammo	-969.345093 -1184.939575 80.382095	-4.773 12.661 89.500
ttt_random_ammo	-923.444641 -1356.445801 78.794563	0.836 -72.248 -89.240
ttt_random_ammo	-856.680237 -1336.146851 80.395599	-2.031 -144.887 96.383
ttt_random_ammo	-542.014526 -430.314850 96.379448	0.169 0.001 0.145
ttt_random_ammo	-522.899353 -428.192474 96.385368	0.277 0.001 0.279
ttt_random_ammo	-538.251343 -469.176392 96.372757	0.111 0.000 0.070
ttt_random_ammo	-522.428040 -471.291626 96.380989	0.193 0.001 0.175
ttt_random_ammo	-357.783936 -721.075867 96.363510	0.072 0.000 0.018
ttt_random_ammo	-358.842926 -705.914612 96.383926	0.250 0.001 0.246
ttt_random_ammo	-609.092957 -417.167938 96.392960	0.720 0.007 0.822
ttt_random_ammo	-620.696472 -415.749329 96.346840	0.050 0.000 -0.017
ttt_random_ammo	-632.094543 -418.231140 96.340004	0.048 0.000 -0.023
ttt_random_ammo	-1087.724731 -1024.776733 -215.623596	-0.123 -0.000 0.087
ttt_random_ammo	-1065.100464 -1021.800903 -215.617905	-0.169 -0.001 0.146
ttt_random_ammo	-1077.747070 -1040.672363 -215.647980	-0.053 -0.000 -0.011
ttt_random_ammo	-1083.280151 -1118.000000 -215.548218	-1.480 -0.035 1.798
ttt_random_ammo	-1066.333252 -1115.972900 -215.671432	-0.046 -0.000 -0.031
ttt_random_ammo	-772.583862 -1316.176147 -215.534424	-1.015 -0.027 1.233
ttt_random_ammo	-745.323730 -1314.232178 -215.652405	-0.050 -0.000 -0.017
ttt_random_ammo	-615.338013 -971.595093 -215.551483	-1.439 -0.033 1.738
ttt_random_ammo	-601.953247 -972.617126 -215.666458	-0.046 -0.000 -0.028
ttt_random_ammo	-428.635223 -975.740601 -215.681824	-0.047 -0.000 -0.035
ttt_random_ammo	-407.987640 -978.372620 -215.617920	-0.168 -0.001 0.145
ttt_random_ammo	-377.658752 -979.070618 -215.637421	-0.067 -0.000 0.012
ttt_random_ammo	-353.189209 -979.170471 -215.639481	-0.063 -0.000 0.006
ttt_random_ammo	-141.185364 -1567.674316 -215.629028	0.098 0.000 0.055
ttt_random_ammo	-388.901642 -1570.168213 -215.612045	0.359 0.002 0.380
ttt_random_ammo	-370.466766 -1570.236572 -215.582367	1.597 0.036 1.927
ttt_random_ammo	-158.288437 -1566.816162 -215.632736	0.083 -0.000 -0.035
ttt_random_ammo	396.741730 -387.993988 -215.625595	0.122 -0.000 -0.085
ttt_random_ammo	383.941650 -386.196411 -215.629028	0.100 0.000 0.057
ttt_random_ammo	-346.562317 151.523788 -215.662369	0.047 0.000 -0.025
ttt_random_ammo	-366.043396 154.842529 -215.677246	0.047 -0.000 0.033
ttt_random_ammo	-348.620117 213.043503 -215.677277	0.047 0.000 -0.033
ttt_random_ammo	-368.907074 210.968704 -215.607819	0.620 0.005 0.699
ttt_random_ammo	-350.802094 252.977539 -215.660019	0.047 0.000 -0.023
ttt_random_ammo	-372.546692 252.578613 -215.648804	0.052 0.000 -0.011
ttt_random_ammo	-489.981659 214.206604 -215.555817	1.106 0.028 1.340
ttt_random_ammo	-477.258087 215.053467 -215.669662	0.046 0.000 -0.029
ttt_random_ammo	-491.703186 152.015366 -215.609787	0.476 0.003 0.525
ttt_random_ammo	-471.179840 156.087265 -215.550003	0.980 0.026 1.188
ttt_random_ammo	-567.635803 152.774490 -215.582047	1.569 0.041 1.891
ttt_random_ammo	-591.572571 148.816986 -215.650970	0.051 0.000 -0.014
ttt_random_ammo	-574.018433 95.344307 -215.622162	0.149 0.001 0.120
ttt_random_ammo	-595.479797 90.253502 -215.646667	0.055 -0.000 0.007
ttt_random_ammo	-490.607178 1089.493774 -215.660004	0.047 -0.000 0.023
ttt_random_ammo	-507.047821 1089.298096 -215.660019	0.047 0.000 -0.023
ttt_random_ammo	-164.907349 1116.644531 96.344620	0.049 -0.000 0.019
ttt_random_ammo	-166.525497 1104.565063 96.332840	0.047 0.000 -0.028
ttt_random_ammo	-167.708801 1086.322998 96.448708	1.049 0.027 1.275
ttt_random_ammo	-167.825439 1071.685303 96.421265	1.625 -0.037 -1.975
ttt_random_ammo	-328.825256 1406.819824 96.330292	0.045 0.000 -0.029
ttt_random_ammo	-312.255737 1408.285278 96.348976	0.049 0.000 -0.014
ttt_random_ammo	-322.095154 1419.597412 96.382538	0.203 0.001 0.190
ttt_random_ammo	-94.973282 1239.571045 96.353302	0.052 -0.000 0.008
ttt_random_ammo	-118.584579 1240.002563 96.374474	0.115 0.000 0.079
ttt_random_ammo	-167.084686 1370.583862 96.430183	1.149 -0.028 -1.368
ttt_random_ammo	-176.134949 1404.405029 96.421059	1.442 0.033 1.731
ttt_random_ammo	-251.953659 998.419556 304.431854	1.339 0.033 1.620
ttt_random_ammo	-269.112091 996.961182 304.412750	1.761 0.030 2.133
ttt_random_ammo	-246.726440 415.640625 416.374664	-0.049 0.000 0.016
ttt_random_ammo	-262.717133 415.639130 416.378906	-0.052 0.000 0.010
ttt_random_ammo	-518.294006 -209.561798 352.424194	1.377 0.032 1.653
ttt_random_ammo	-537.171021 -207.466904 352.344513	0.047 0.000 -0.019
ttt_random_ammo	-475.593719 -208.076294 352.369110	0.087 0.000 0.042
ttt_random_ammo	-491.692688 -209.039063 352.395111	1.011 0.013 1.179
ttt_random_ammo	-887.565186 -193.607834 352.332733	0.045 0.000 -0.027
ttt_random_ammo	-872.320679 -194.133804 352.417511	1.452 0.032 1.737
ttt_random_ammo	-858.176453 -194.506592 352.353271	0.052 0.000 -0.008
ttt_random_ammo	-1041.716431 -62.728397 352.346741	0.048 0.000 -0.017
ttt_random_ammo	-1026.060547 -59.767048 352.359497	0.060 0.000 0.004
ttt_random_ammo	-1039.036499 11.840656 352.332733	0.045 0.000 -0.027
ttt_random_ammo	-1023.767578 16.102692 352.374390	0.115 -0.000 -0.079
ttt_random_ammo	-1038.943115 67.964241 352.367279	0.080 0.000 0.032
ttt_random_ammo	-1018.175964 72.286972 352.445068	0.955 0.026 1.144
ttt_random_ammo	-1020.284729 -593.223694 96.361549	0.068 0.000 0.012
ttt_random_ammo	-1035.998413 -598.672302 96.425560	1.465 0.034 1.771
ttt_random_ammo	-1020.871460 -634.075684 96.340004	0.048 0.000 -0.024
ttt_random_ammo	-1037.267944 -633.548279 96.394386	1.122 0.015 1.312
ttt_random_ammo	-1296.896973 -572.350586 96.408195	1.581 0.034 1.886
ttt_random_ammo	-1292.823853 -589.801392 96.379448	0.160 0.001 0.137
ttt_random_ammo	-1279.501221 -575.282532 96.322662	0.045 0.000 -0.032
ttt_random_ammo	-1444.186646 -801.841003 96.451447	0.849 0.024 1.020
ttt_random_ammo	-1460.759766 -802.722351 96.359497	0.060 0.000 0.005
ttt_random_ammo	-1487.938721 -608.057678 96.389214	0.395 0.002 0.427
ttt_random_ammo	-1504.604736 -603.331238 96.344528	0.047 0.000 -0.019
ttt_random_ammo	-1472.194580 -587.974915 96.342247	0.046 0.000 -0.021
ttt_random_ammo	-1301.008301 105.279015 96.377823	0.144 0.001 0.116
ttt_random_ammo	-1285.661377 107.290054 96.438507	1.077 0.027 1.290
ttt_random_ammo	-1489.432983 25.481422 128.382507	0.212 0.001 0.200
ttt_random_ammo	-1498.363770 23.086008 128.369156	0.089 0.000 0.044
ttt_random_ammo	-1370.401001 69.423241 148.790680	-5.960 2.970 2.209
ttt_random_ammo	-1349.963257 75.289642 147.688171	-0.588 -14.468 5.901
ttt_random_ammo	-1383.544312 807.552673 138.434647	-2.705 1.328 -0.000
ttt_random_ammo	-1343.234741 797.377808 147.527649	7.192 -0.067 -0.940
ttt_random_ammo	-1294.527466 856.417786 96.386780	0.296 0.001 0.305
ttt_random_ammo	-1279.454956 862.482300 96.394875	1.045 0.013 1.219
ttt_random_ammo	-1287.563110 838.825195 96.357468	0.057 0.000 -0.000
ttt_random_ammo	-1003.559387 741.245239 96.359497	0.060 0.000 0.005
ttt_random_ammo	-1023.294556 740.353943 96.346771	0.048 0.000 -0.017
ttt_random_ammo	-940.133423 867.032593 96.338287	-0.045 -0.000 -0.025
ttt_random_ammo	-920.085876 871.730652 96.349754	-0.049 -0.000 -0.014
ttt_random_ammo	-943.221924 846.133240 96.460289	-0.973 -0.026 1.167
ttt_random_ammo	-115.345703 854.775818 96.385406	0.263 0.001 0.264
ttt_random_ammo	-135.926254 856.292664 96.393867	0.788 0.008 0.907
ttt_random_ammo	-284.446930 -172.900894 96.388031	0.343 0.002 0.363
ttt_random_ammo	-303.260498 -172.453400 96.355400	0.054 -0.000 0.004
ttt_random_ammo	-282.764496 -64.684402 96.361496	0.064 0.000 0.011
ttt_random_ammo	-300.356445 -65.707306 96.346771	0.048 0.000 -0.017
ttt_random_ammo	-526.420349 17.569241 96.355392	0.055 0.000 -0.004
ttt_random_ammo	-522.577942 -1.108771 96.376167	0.129 0.000 0.097
ttt_random_ammo	-528.274414 -28.875162 96.448730	0.902 0.025 1.083
ttt_random_ammo	-525.171997 -51.898678 96.355392	0.055 0.000 -0.004
ttt_random_ammo	-525.986938 170.106812 96.344528	0.047 0.000 -0.019
ttt_random_ammo	-512.337646 174.312332 96.361717	-0.208 0.172 -0.054
ttt_random_ammo	-723.226563 171.379486 352.405823	1.694 0.029 2.029
ttt_random_ammo	-741.991699 174.067368 352.422394	1.375 -0.031 -1.650
ttt_random_ammo	-1046.254883 609.341858 352.353271	0.052 0.000 -0.008
ttt_random_ammo	-1034.788696 622.340698 352.361481	0.064 0.000 0.010
ttt_random_ammo	-576.331177 942.616882 304.444397	1.086 0.028 1.315
ttt_random_ammo	-550.207153 937.689270 304.351227	0.053 0.000 -0.011
ttt_random_ammo	-1004.165161 -350.103638 96.372726	0.105 0.000 0.066
ttt_random_ammo	-993.485901 -349.855164 96.423187	1.297 0.031 1.545
ttt_random_ammo	-1015.603577 -214.583359 96.353287	0.053 0.000 -0.008
ttt_random_ammo	-1000.316895 -214.115021 96.388039	0.342 0.002 0.361
ttt_random_ammo	618.236694 -932.512207 -182.780685	0.148 31.638 0.119
ttt_random_ammo	612.600159 -923.997375 -181.812698	0.090 7.640 0.044
ttt_random_ammo	760.747620 -669.899170 -215.674698	0.046 0.000 -0.032
ttt_random_ammo	736.418823 -669.514954 -215.619019	0.190 0.001 0.172
ttt_random_ammo	726.630310 -868.011963 -215.609772	0.473 0.003 0.520
ttt_random_ammo	698.472839 -867.062500 -215.605286	1.269 0.019 1.490
ttt_random_ammo	764.265625 -735.447815 -215.537308	0.703 0.022 0.851
ttt_random_ammo	743.612488 -735.743347 -215.669662	0.046 0.000 -0.029
ttt_random_ammo	421.621674 -622.955627 -215.619019	0.191 0.001 0.173
ttt_random_ammo	421.058716 -634.543396 -215.623825	0.134 0.000 0.101
ttt_random_ammo	383.369385 -603.569336 -215.623901	0.134 -0.000 -0.102
ttt_random_ammo	397.047150 -605.317261 -215.630844	0.090 0.000 0.044
ttt_random_ammo	-272.979462 18.832285 -215.619781	-0.153 -0.001 0.125
ttt_random_ammo	-247.744537 18.500017 -215.668930	-0.046 -0.000 -0.029
ttt_random_ammo	-923.989563 1165.511108 -215.636505	0.071 0.000 0.018
ttt_random_ammo	-908.851074 1166.828735 -215.574844	1.519 0.035 1.841
ttt_random_ammo	-930.876282 1099.309326 -215.646667	0.054 0.000 -0.008
ttt_random_ammo	-913.950073 1101.120483 -215.614670	0.280 0.001 0.283
ttt_random_ammo	-481.926971 -304.678070 96.390434	0.440 0.003 0.482
ttt_random_ammo	-459.061523 -301.103485 96.385414	0.262 0.001 0.263
ttt_random_ammo	-381.945465 -408.365112 96.454681	0.916 0.025 1.114
ttt_random_ammo	-406.335541 -411.768219 96.332840	0.047 0.000 -0.028
ttt_random_ammo	-751.547363 -1020.867004 80.639984	0.076 -4.338 93.510
ttt_random_ammo	-827.791138 -1055.539795 78.936424	-0.401 -20.143 88.854
ttt_random_ammo	-961.670349 -1066.328979 78.638847	-23.082 -21.019 88.388
ttt_random_ammo	-1049.290649 -1072.171265 80.036972	7.618 -18.870 89.901
ttt_random_ammo	-808.449707 -1133.787964 78.758667	-0.259 0.895 91.940
ttt_random_ammo	-784.808289 -1182.786133 80.902100	-3.702 -69.950 -100.847
ttt_random_ammo	-477.464020 -985.662415 143.381256	0.045 0.000 -0.035
ttt_random_ammo	-478.845764 -976.084656 143.434311	-0.082 0.000 -0.038
ttt_random_ammo	-227.012756 -1074.600830 96.424408	1.573 0.041 1.910
ttt_random_ammo	-246.739960 -1079.586914 96.390724	0.548 -0.004 -0.612
ttt_random_ammo	-273.678864 -871.099365 96.327873	0.047 0.000 -0.031
ttt_random_ammo	-296.978912 -861.960205 96.386673	0.320 0.002 0.332
ttt_random_ammo	465.202423 -774.498169 96.357468	0.057 0.000 -0.000
ttt_random_ammo	465.221405 -788.299255 96.445198	0.938 0.025 1.122
ttt_random_ammo	517.892151 -776.673218 96.339928	0.046 0.000 -0.023
ttt_random_ammo	517.936951 -796.103394 96.435181	1.167 0.029 1.401
ttt_random_ammo	514.427429 -951.397156 96.348976	0.049 0.000 -0.014
ttt_random_ammo	500.692719 -951.639832 96.353287	0.053 0.000 -0.008
ttt_random_ammo	294.339661 -955.880493 96.344528	0.047 0.000 -0.019
ttt_random_ammo	278.769257 -958.091980 96.445015	0.955 0.026 1.144
ttt_random_ammo	244.161011 -956.526367 96.390404	0.444 0.003 0.487
ttt_random_ammo	246.308395 -937.985718 96.395393	1.362 0.022 1.605
ttt_random_ammo	153.572586 -1381.153076 96.340004	0.048 0.000 -0.023
ttt_random_ammo	129.765762 -1382.966431 96.386673	0.319 0.002 0.331
ttt_random_ammo	111.375610 -1534.652832 96.351219	0.053 0.000 -0.011
ttt_random_ammo	89.079651 -1536.939453 96.320160	0.047 -0.000 0.034
ttt_random_ammo	113.984955 -1505.762451 96.442757	1.184 0.030 1.439
ttt_random_ammo	254.639847 530.963440 0.328607	-0.047 -0.000 -0.031
ttt_random_ammo	252.125931 514.448425 0.347630	-0.050 -0.000 -0.017
ttt_random_ammo	252.721848 587.372437 0.359555	0.063 0.000 0.006
ttt_random_ammo	251.872330 570.777283 0.445275	-1.190 -0.029 1.412
ttt_random_ammo	253.317627 636.232849 0.394766	1.459 0.025 1.722
ttt_random_ammo	252.035614 617.363281 0.342338	0.048 -0.000 0.022
ttt_random_ammo	254.135895 689.810852 0.382313	0.220 -0.001 -0.208
ttt_random_ammo	253.337173 672.883911 0.337675	0.047 -0.000 0.025
ttt_random_ammo	257.632355 743.738770 0.433841	1.307 -0.032 -1.584
ttt_random_ammo	253.438278 726.039551 0.386418	0.317 -0.002 -0.329
ttt_random_ammo	35.514153 110.983521 0.360559	-0.064 -0.000 0.007
ttt_random_ammo	16.539553 117.070473 0.366656	-0.078 -0.000 0.027
ttt_random_ammo	35.255096 -21.717230 96.435783	-1.708 -0.030 2.056
ttt_random_ammo	21.970341 -21.087347 96.342972	-0.046 -0.000 -0.021
ttt_random_ammo	41.355476 -249.571320 96.357468	0.057 0.000 -0.000
ttt_random_ammo	25.367775 -247.973495 96.370956	0.094 0.000 0.052
ttt_random_ammo	31.112936 -365.465363 0.322747	0.047 0.000 -0.033
ttt_random_ammo	53.705627 -363.527954 0.322748	0.047 0.000 -0.033
weapon_zm_rifle	-632.820923 -1430.864502 97.341057	3.052 16.298 66.892
weapon_zm_rifle	-1277.302856 645.867188 97.382339	6.194 0.160 0.000
weapon_ttt_glock	-61.084942 950.832153 96.501328	-1.103 26.460 92.075
weapon_ttt_glock	-29.859144 -939.376648 -215.506378	-1.128 26.655 92.316
weapon_zm_mac10	-714.703247 739.903503 353.255005	-0.188 -56.581 -87.346
weapon_ttt_p228	-739.764038 -607.075806 99.942680	36.626 2.903 -3.921
weapon_ttt_p228	-733.117981 -614.929260 99.938515	36.290 4.317 -1.523
weapon_ttt_p228	280.979462 -1404.485229 99.883713	36.012 1.556 0.415
weapon_zm_pistol	336.292694 -286.455597 -214.473938	-0.763 -37.119 -90.877
weapon_zm_pistol	-947.891541 -147.939499 352.287720	-0.410 35.373 89.071
weapon_zm_pistol	-1029.796997 -324.344299 96.250473	-0.573 35.381 88.765
weapon_zm_pistol	280.952087 -1372.916260 96.248474	-0.582 35.380 88.748
weapon_zm_pistol	286.910278 -1392.252563 96.278709	-0.450 35.376 88.997
weapon_zm_pistol	34.253864 722.384705 48.349850	0.224 36.849 89.043
weapon_ttt_revolver	-723.323486 -91.241425 126.934875	9.259 -1.330 74.544
weapon_ttt_revolver	-1027.616943 852.432129 97.999680	9.014 25.971 75.436
weapon_ttt_revolver	-345.658936 -868.706177 97.976486	8.654 26.060 75.931
weapon_ttt_dual_elites	-53.082890 979.580200 101.401161	34.602 1.225 4.029
weapon_ttt_dual_elites	-245.231049 -236.284958 145.427414	34.623 0.732 4.404
weapon_ttt_dual_elites	-278.395782 -1559.678101 -210.573486	34.595 0.842 4.401
weapon_ttt_confgrenade	-732.944763 -208.461655 99.578682	1.039 0.258 -0.431
weapon_ttt_confgrenade	-736.199036 -224.242981 99.598404	0.745 0.257 -0.309
weapon_ttt_confgrenade	-718.044922 -210.387573 99.505714	2.115 0.303 -0.877
weapon_ttt_confgrenade	-1003.780029 -1312.026367 -212.449524	1.179 0.139 -0.299
weapon_ttt_confgrenade	-1013.362976 -1295.576294 -212.419724	0.820 0.134 -0.208
weapon_ttt_confgrenade	-807.954773 58.974991 99.624825	0.372 0.239 -0.117
weapon_ttt_confgrenade	-811.298523 48.103001 99.529915	1.873 0.252 -0.590
weapon_ttt_confgrenade	-1023.473572 962.179382 99.585693	0.935 0.258 -0.387
weapon_ttt_confgrenade	-830.757080 64.462830 355.549744	1.562 0.248 -0.492
weapon_ttt_confgrenade	-852.738647 58.406086 355.546692	1.610 0.244 -0.507
weapon_ttt_confgrenade	-1240.750366 -190.082184 99.567459	1.284 0.242 -0.404
weapon_ttt_confgrenade	-1224.449219 -193.081024 99.546700	1.610 0.244 -0.507
weapon_ttt_confgrenade	-1048.745483 -389.582611 99.510185	2.176 0.275 -0.683
weapon_ttt_confgrenade	-1063.571655 -385.869568 99.543549	1.660 0.244 -0.523
weapon_zm_shotgun	-1233.299438 -1497.966919 97.267151	-0.436 9.093 84.221
weapon_zm_shotgun	-891.576233 -1349.746216 -214.737137	-0.216 8.697 83.510
weapon_zm_shotgun	-650.763733 679.021667 354.367340	9.455 0.055 0.461
weapon_zm_shotgun	-348.455872 433.220062 417.061432	-0.892 -9.566 -88.569
weapon_zm_shotgun	-808.519043 138.053970 97.274277	-0.346 9.560 84.119
weapon_zm_shotgun	-1501.829712 824.432983 129.426544	-0.665 10.005 90.355
weapon_zm_shotgun	-1234.324585 -286.052826 98.390587	9.439 0.023 0.264
weapon_ttt_famas	-389.309784 -703.328674 110.385384	-0.135 -69.941 90.767
weapon_ttt_famas	-1152.271606 -620.117615 97.321785	-0.162 16.539 90.919
weapon_ttt_famas	-63.852100 -922.488281 -214.678970	-0.199 16.535 90.986
weapon_zm_revolver	298.202454 236.276031 -214.104385	2.460 -20.338 -83.360
weapon_zm_revolver	-1119.395996 978.326721 97.936394	2.509 -19.713 -84.123
weapon_zm_revolver	-1174.071411 -351.691559 97.852890	2.150 -18.880 -83.835
weapon_zm_revolver	-197.324677 -1558.479126 -214.078995	2.437 -20.381 -83.932
weapon_zm_revolver	475.693115 -1377.453735 129.904739	2.572 -20.510 -83.367
weapon_ttt_aug	300.936096 161.066132 -214.584213	-0.681 -8.270 -82.197
weapon_ttt_aug	-3.035385 1052.982422 97.426697	-1.103 -8.251 -83.266
weapon_ttt_aug	-435.594025 -21.054436 353.303589	-1.967 -8.302 -84.533
weapon_ttt_sg552	-46.028965 -1299.784668 -212.657181	-2.837 -0.005 -1.006
weapon_ttt_sg552	-1059.132813 -218.678528 99.361717	-2.856 -0.081 -0.197
weapon_ttt_sg552	-436.966583 -874.547546 99.353363	-2.822 -0.006 -1.008
