# Trouble in Terrorist Town weapon/ammo placement overrides
# For map: ttt_bb_schooldayv3_r3
# Exported by: Kopa
setting:	replacespawns 1
ttt_random_weapon	1250.782471 157.048981 17.234226	1.480 5.725 -93.537
ttt_random_weapon	1266.614380 181.423279 17.160345	2.265 5.679 -91.922
ttt_random_weapon	1240.086792 190.423950 17.217245	1.661 5.719 -93.165
ttt_random_weapon	1238.782837 173.284180 17.219917	1.632 5.720 -93.224
ttt_random_weapon	1242.396118 146.623871 17.195704	1.890 5.712 -92.694
ttt_random_weapon	898.465332 306.485992 17.182329	2.032 5.705 -92.402
ttt_random_weapon	895.756287 329.396118 17.165518	2.211 5.690 -92.035
ttt_random_weapon	902.087097 291.757111 17.221155	1.637 5.622 -93.143
ttt_random_weapon	927.762146 286.027832 17.700373	-1.484 -7.824 84.113
ttt_random_weapon	941.869995 325.786041 17.203068	1.812 5.715 -92.855
ttt_random_weapon	955.257507 303.509338 17.224588	1.583 5.721 -93.326
ttt_random_weapon	973.956299 329.110046 17.170383	2.159 5.699 -92.141
ttt_random_weapon	969.019592 296.936981 17.200974	1.834 5.712 -92.809
ttt_random_weapon	1298.631714 404.265656 17.214315	1.692 5.719 -93.101
ttt_random_weapon	1299.343628 385.138428 17.107784	2.073 5.242 -91.182
ttt_random_weapon	1264.213989 402.194885 17.186201	1.991 5.709 -92.486
ttt_random_weapon	1296.839355 372.804657 17.160345	2.265 5.679 -91.922
ttt_random_weapon	1267.974243 381.947906 17.657747	-1.216 -8.564 83.254
ttt_random_weapon	982.118713 -466.566803 52.411694	1.572 6.156 -93.184
ttt_random_weapon	1001.340454 -471.034546 52.852917	-1.342 -1.490 83.547
ttt_random_weapon	975.984375 -554.066101 52.437481	1.626 3.391 -94.592
ttt_random_weapon	996.778687 -541.247986 52.931351	-1.924 11.168 85.114
ttt_random_weapon	1123.472168 -644.953308 52.410751	1.676 4.924 -93.053
ttt_random_weapon	1095.134277 -639.164490 52.398678	1.379 4.932 -93.341
ttt_random_weapon	1128.010742 -552.741089 52.407951	1.454 4.334 -94.543
ttt_random_weapon	1099.904785 -550.060059 53.322475	-0.332 -0.391 -107.527
ttt_random_weapon	856.684570 -555.654053 52.930920	-1.174 -3.546 -86.106
ttt_random_weapon	863.701721 -563.347412 53.725029	-4.392 0.704 -86.176
ttt_random_weapon	854.729797 -638.270081 52.384544	1.971 4.920 -92.376
ttt_random_weapon	868.497559 -646.424744 52.398071	1.819 4.928 -92.725
ttt_random_weapon	859.147217 -726.201050 52.396065	1.842 4.927 -92.673
ttt_random_weapon	869.246277 -735.340454 52.401817	1.777 4.928 -92.822
ttt_random_weapon	722.072998 -640.360474 52.394676	1.857 4.928 -92.638
ttt_random_weapon	750.984009 -646.095459 52.390823	1.901 -3.546 -92.538
ttt_random_weapon	725.765808 -715.944946 52.390862	1.400 9.928 -93.024
ttt_random_weapon	744.244446 -732.265442 53.780045	3.311 -2.864 -94.067
ttt_random_weapon	756.613281 -1319.228760 36.183559	1.469 5.502 -93.483
ttt_random_weapon	717.551575 -1314.766724 36.173149	1.626 5.458 -93.169
ttt_random_weapon	675.337585 -1315.150146 36.145512	1.937 4.784 -92.455
ttt_random_weapon	869.226318 -1157.980469 1.224743	1.596 4.987 -93.236
ttt_random_weapon	816.658081 -1154.428955 1.234111	1.490 4.975 -93.479
ttt_random_weapon	745.395508 -1157.331543 1.223659	1.608 4.988 -93.208
ttt_random_weapon	680.818970 -1161.234741 1.224025	1.604 4.987 -93.218
ttt_random_weapon	600.785950 -1162.289917 1.222911	1.617 4.988 -93.189
ttt_random_weapon	347.548401 -1418.916992 1.198671	1.890 4.927 -92.563
ttt_random_weapon	316.398346 -1425.428467 1.203646	1.834 4.930 -92.691
ttt_random_weapon	281.050140 -1425.459229 1.243012	1.389 4.900 -93.710
ttt_random_weapon	247.052185 -1420.808350 1.195580	1.925 4.924 -92.483
ttt_random_weapon	219.161346 -1407.785889 1.260536	1.932 6.783 -89.476
ttt_random_weapon	252.015091 -1381.385376 1.214759	1.709 4.925 -92.978
ttt_random_weapon	306.903992 -1384.790527 1.226911	1.571 4.917 -93.293
ttt_random_weapon	351.031555 -1372.950073 1.191444	1.971 4.920 -92.376
ttt_random_weapon	385.338593 -1348.369141 1.197149	1.907 4.928 -92.523
ttt_random_weapon	418.147339 -1331.070557 1.201579	1.857 4.928 -92.638
ttt_random_weapon	446.580719 -1357.463257 1.249871	1.122 4.939 -94.300
ttt_random_weapon	436.267609 -1352.527344 2.427447	-3.577 12.960 54.744
ttt_random_weapon	376.809723 -1387.374756 1.213210	1.726 4.926 -92.938
ttt_random_weapon	275.771149 -1391.377197 1.200868	1.865 4.929 -92.619
ttt_random_weapon	262.818481 -1348.150757 1.216716	1.687 4.924 -93.029
ttt_random_weapon	311.245300 -1353.325684 1.196528	1.914 3.664 -92.507
ttt_random_weapon	333.275024 -1344.126587 1.199767	1.878 5.131 -92.591
ttt_random_weapon	365.463806 -1401.803589 1.217651	1.676 4.924 -93.053
ttt_random_weapon	354.749420 -1432.020752 1.215259	1.703 4.926 -92.991
ttt_random_weapon	275.217346 -1433.803833 1.220708	1.642 4.922 -93.132
ttt_random_weapon	229.653748 -1413.255981 1.627842	-0.040 1.700 -74.219
ttt_random_weapon	202.288910 -1399.918701 1.220907	1.639 7.608 -93.137
ttt_random_weapon	166.415558 -606.558472 35.222652	1.800 4.775 -92.769
ttt_random_weapon	200.840958 -606.635864 35.232052	1.694 4.768 -93.012
ttt_random_weapon	169.606308 -495.936340 35.226822	1.753 4.772 -92.877
ttt_random_weapon	214.078186 -499.849152 34.732460	7.955 0.461 -5.596
ttt_random_weapon	363.899902 -503.945984 35.249825	1.386 6.596 -94.133
ttt_random_weapon	392.303497 -501.345367 35.968811	5.930 7.930 -95.995
ttt_random_weapon	175.589828 -397.647614 35.208832	1.956 4.786 -92.412
ttt_random_weapon	206.971466 -392.245667 35.218018	1.852 4.778 -92.649
ttt_random_weapon	170.735062 -280.361908 35.218716	1.844 4.778 -92.667
ttt_random_weapon	210.407898 -287.441803 35.235703	1.653 4.765 -93.106
ttt_random_weapon	368.493317 -293.219604 35.237366	1.634 4.763 -93.149
ttt_random_weapon	404.057068 -289.774841 35.211285	1.928 4.784 -92.476
ttt_random_weapon	364.020508 -391.419952 35.203609	2.016 4.791 -92.275
ttt_random_weapon	400.520905 -396.834442 35.215523	1.880 5.603 -92.585
ttt_random_weapon	574.075989 -286.273163 35.220730	1.822 4.776 -92.719
ttt_random_weapon	607.005615 -292.311249 35.230564	1.711 4.769 -92.973
ttt_random_weapon	566.423889 -390.627777 35.255302	2.038 8.475 -89.770
ttt_random_weapon	593.966064 -391.651245 35.869938	4.998 6.999 -94.031
ttt_random_weapon	1442.730225 -34.820442 1.218417	1.667 4.697 -93.073
ttt_random_weapon	1438.754883 -71.256340 1.229514	1.542 4.682 -93.360
ttt_random_weapon	1438.164917 -104.364876 1.230864	1.527 4.679 -93.395
ttt_random_weapon	1437.368530 -133.314041 1.208533	1.779 4.709 -92.817
ttt_random_weapon	1430.527100 -176.360062 1.234957	1.480 4.672 -93.501
ttt_random_weapon	1429.158203 -216.765442 1.223341	1.612 4.691 -93.200
ttt_random_weapon	1431.330200 -257.212128 1.226487	1.576 4.686 -93.282
ttt_random_weapon	1425.492920 -287.819550 1.228058	1.558 4.684 -93.322
ttt_random_weapon	750.679626 321.922516 17.206976	1.770 5.715 -92.940
ttt_random_weapon	635.200012 97.678032 17.157639	2.294 5.679 -91.864
ttt_random_weapon	644.805847 115.793633 17.164255	2.224 5.692 -92.008
ttt_random_weapon	645.537659 137.390762 17.165518	2.210 5.690 -92.035
ttt_random_weapon	644.681946 153.875412 17.198032	1.866 5.710 -92.745
ttt_random_weapon	339.479828 124.696732 54.105186	1.965 8.164 -91.701
ttt_random_weapon	344.045929 168.794388 54.200203	1.595 4.689 -93.238
ttt_random_weapon	345.772614 194.316437 54.179520	1.829 4.713 -92.703
ttt_random_weapon	342.364777 102.588615 54.198753	1.612 4.691 -93.200
ttt_random_weapon	237.261551 328.973267 54.194950	1.655 3.778 -93.102
ttt_random_weapon	232.790115 303.074554 54.185127	1.766 4.708 -92.848
ttt_random_weapon	329.438141 332.531281 54.186237	1.753 6.962 -92.876
ttt_random_weapon	332.738892 302.495819 54.192451	1.683 4.700 -93.037
ttt_random_weapon	341.818268 519.846497 54.168289	1.955 4.721 -92.413
ttt_random_weapon	339.986145 490.770721 54.192440	1.683 5.052 -93.037
ttt_random_weapon	336.136505 465.795715 54.170437	1.158 4.487 -93.354
ttt_random_weapon	939.161499 549.691406 337.202271	1.850 4.928 -92.656
ttt_random_weapon	1054.911499 559.195251 337.206879	1.798 4.929 -92.775
ttt_random_weapon	1110.686646 556.866577 337.205627	1.812 4.928 -92.742
ttt_random_weapon	1170.764160 528.808960 337.223083	1.615 4.920 -93.193
ttt_random_weapon	1225.686768 530.511047 337.213226	1.726 4.926 -92.938
ttt_random_weapon	1278.017944 530.822266 337.214752	1.709 4.925 -92.978
ttt_random_weapon	1318.041748 534.645752 337.235779	1.471 4.908 -93.523
ttt_random_weapon	1374.183716 537.184326 337.223816	1.606 4.920 -93.213
ttt_random_weapon	1403.264038 531.511902 337.211029	1.751 4.927 -92.882
ttt_random_weapon	1388.021729 482.198578 337.193970	1.943 4.925 -92.441
ttt_random_weapon	1414.929077 402.350647 337.233795	1.494 4.910 -93.471
ttt_random_weapon	1419.384521 306.657471 337.216705	1.687 4.924 -93.029
ttt_random_weapon	1421.787720 255.320007 337.209320	1.770 4.927 -92.837
ttt_random_weapon	1401.742920 192.102768 337.211029	1.751 4.927 -92.882
ttt_random_weapon	1412.408325 115.354523 337.216888	1.345 5.692 -93.422
ttt_random_weapon	1402.586792 117.607582 339.911835	-2.844 3.538 83.144
ttt_random_weapon	1309.479370 132.564529 337.203644	1.834 4.930 -92.691
ttt_random_weapon	1184.834229 120.354675 337.230957	1.526 4.913 -93.397
ttt_random_weapon	1072.520386 96.287102 337.221527	1.632 4.921 -93.153
ttt_random_weapon	1026.156372 95.508850 337.197144	1.907 4.928 -92.523
ttt_random_weapon	986.358521 114.820824 337.226593	1.575 4.917 -93.284
ttt_random_weapon	-422.612396 181.387009 177.206894	1.798 4.929 -92.775
ttt_random_weapon	-521.941040 158.740662 177.196365	1.916 4.929 -92.503
ttt_random_weapon	-642.425110 118.559143 177.213730	1.720 4.926 -92.952
ttt_random_weapon	-755.325867 107.270035 177.217178	1.681 4.924 -93.041
ttt_random_weapon	-840.410522 119.049515 177.223083	1.615 4.920 -93.193
ttt_random_weapon	-916.584167 117.669334 177.223831	1.606 4.920 -93.213
ttt_random_weapon	-985.703674 117.145546 177.202972	1.842 4.927 -92.674
ttt_random_weapon	-1076.358398 125.400284 177.220291	1.646 4.922 -93.121
ttt_random_weapon	-1189.205566 128.974747 177.228745	1.551 4.915 -93.340
ttt_random_weapon	-1309.137573 127.928741 177.231201	1.523 4.913 -93.404
ttt_random_weapon	-1746.260742 -916.972351 13.688964	-1.826 -8.573 86.941
ttt_random_weapon	-1745.765259 -846.408691 17.563326	-0.967 -14.317 86.974
ttt_random_weapon	-1754.322144 -775.882874 25.262655	1.484 -11.616 91.425
ttt_random_weapon	-1746.501343 -711.311096 28.483702	4.391 2.423 -98.118
ttt_random_weapon	-1757.260620 -667.144714 27.834059	4.485 5.017 -92.861
ttt_random_weapon	-1778.444092 -633.561707 29.204088	5.541 4.578 -92.833
ttt_random_weapon	-1767.545654 -581.224548 28.411999	5.407 2.884 -94.936
ttt_random_weapon	-1768.322388 -529.187317 27.380400	4.421 -0.087 -92.867
ttt_random_weapon	-1761.954590 -469.163116 27.685251	3.099 1.976 -92.222
ttt_random_weapon	-1759.141846 -409.070099 25.604258	4.237 7.111 -95.877
ttt_random_weapon	-919.578430 -1368.621094 16.339462	-2.781 10.115 -102.858
ttt_random_weapon	-885.763428 -1397.643188 21.201521	2.941 6.309 -102.183
ttt_random_weapon	-973.546448 -1412.801392 16.454676	-5.249 7.635 -100.105
ttt_random_weapon	-1024.243652 -1407.946899 10.052613	-3.515 6.778 -95.422
ttt_random_weapon	-1076.028687 -1415.579834 10.599156	4.946 6.013 -92.533
ttt_random_weapon	-1128.366577 -1413.913940 10.375987	-4.410 3.458 -93.686
ttt_random_weapon	-1189.237305 -1440.014160 4.905398	-0.218 -14.793 89.754
ttt_random_weapon	-1257.742188 -1440.302368 3.046046	1.138 1.568 -94.309
ttt_random_weapon	-1270.632202 -1438.459351 5.731022	-3.779 6.554 85.092
ttt_random_weapon	50.587402 -1367.661133 1.202060	1.852 4.715 -92.650
ttt_random_weapon	35.160114 -1350.564209 1.216083	1.694 4.700 -93.012
ttt_random_weapon	-30.366877 -1335.232422 1.208528	1.779 4.709 -92.817
ttt_random_weapon	-67.197784 -1346.303467 1.209712	1.766 4.708 -92.848
ttt_random_weapon	-107.598740 -1356.902954 1.206061	1.807 4.711 -92.753
ttt_random_weapon	-138.356216 -1368.762329 1.225483	1.588 4.688 -93.256
ttt_random_weapon	-149.550903 -1402.723145 1.202752	1.844 4.714 -92.668
ttt_random_weapon	77.100151 -1392.717773 1.218860	1.662 4.697 -93.084
ttt_random_weapon	-1553.119629 623.371521 0.406350	0.475 3.994 -93.511
ttt_random_weapon	-1553.457031 653.575623 0.076162	1.188 -1.596 -93.071
ttt_random_weapon	-1553.164307 663.656189 0.045044	1.688 -0.302 -93.642
ttt_random_weapon	-1553.778809 685.837708 -0.086893	2.397 2.148 -93.858
ttt_random_weapon	-1721.962891 1036.221558 -1.299371	0.503 2.735 -93.115
ttt_random_weapon	-1729.111084 1077.358765 -1.369544	2.140 3.645 -95.025
ttt_random_weapon	-1723.703735 1106.705078 -1.729033	1.038 3.088 -93.268
ttt_random_weapon	-1718.009277 1133.878540 -1.721663	0.884 8.813 -94.328
ttt_random_weapon	-1716.435425 1157.087646 -1.486616	-2.200 -5.086 83.682
ttt_random_weapon	-1288.713379 2348.619385 0.064185	1.401 4.794 -95.741
ttt_random_weapon	-1311.724609 2312.165039 0.704755	-1.025 6.275 -93.041
ttt_random_weapon	-1297.756104 2295.597168 1.058091	-2.840 -6.817 91.867
ttt_random_weapon	-1267.802856 2322.009277 1.330554	1.900 5.996 -95.785
ttt_random_weapon	-1234.936157 2355.484863 0.152531	0.592 3.091 -92.942
ttt_random_weapon	-1234.474609 2322.530029 0.718729	3.744 6.169 -95.009
ttt_random_weapon	-1256.745605 2278.079102 1.895652	-8.028 -5.220 76.879
ttt_random_weapon	-1266.885986 2274.818848 0.182705	-3.551 -3.320 78.827
ttt_random_weapon	-1451.903442 798.335388 -261.330292	-4.332 0.400 -10.136
ttt_random_weapon	-1383.365967 798.166138 -261.311005	-3.914 1.839 -12.718
ttt_random_weapon	-1308.685181 798.389954 -261.315552	-4.354 0.669 -9.388
ttt_random_weapon	-1249.507324 797.887024 -261.251068	-4.446 1.054 -5.811
ttt_random_weapon	-1190.452881 795.212097 -262.756256	1.189 -2.244 -94.898
ttt_random_weapon	-1083.207153 796.757080 -261.417175	-3.008 1.601 -33.520
ttt_random_weapon	-1008.128479 795.244873 -262.755463	1.215 -2.341 -94.708
ttt_random_weapon	-895.003357 798.413086 -261.323456	-4.298 0.302 -8.843
ttt_random_weapon	-733.955688 797.749390 -261.291870	-3.958 0.881 -18.948
ttt_random_weapon	-574.408508 789.859680 -262.781891	1.671 4.924 -93.065
ttt_random_weapon	-411.540436 798.134094 -261.355835	-4.064 1.575 -13.271
ttt_random_weapon	-312.785095 795.090149 -262.758514	1.100 -1.713 -95.555
ttt_random_weapon	-656.161682 483.764069 -262.792847	1.795 9.476 -92.781
ttt_random_weapon	-647.885376 354.668732 -262.798431	1.857 4.928 -92.638
ttt_random_weapon	-646.950684 232.244598 -262.803619	1.916 4.929 -92.503
ttt_random_weapon	-656.162659 146.816574 -262.778839	1.637 8.326 -93.143
ttt_random_weapon	-656.241516 10.472640 -262.767761	1.050 4.956 -95.100
ttt_random_weapon	-656.107544 -192.281601 -262.787415	1.733 7.365 -92.922
ttt_random_weapon	-656.115479 -378.318451 -262.778015	1.528 7.271 -93.279
ttt_random_weapon	108.162430 2404.840820 -262.786255	1.720 4.926 -92.951
ttt_random_weapon	49.838776 2446.380371 -262.818451	2.018 7.044 -92.195
ttt_random_weapon	57.837116 2471.913330 -262.786255	1.720 4.926 -92.951
ttt_random_weapon	98.086189 2462.720947 -262.795685	1.827 4.929 -92.708
ttt_random_weapon	115.870125 2449.042480 -262.761017	1.435 4.905 -93.606
ttt_random_weapon	62.913574 2421.703369 -262.793121	1.798 4.929 -92.775
ttt_random_weapon	1093.989014 2465.845459 -262.778076	1.628 4.921 -93.163
ttt_random_weapon	1000.437073 2447.339844 -262.788971	1.751 4.927 -92.882
ttt_random_weapon	925.335327 2453.621582 -262.791870	1.784 4.928 -92.806
ttt_random_weapon	880.127075 2465.579834 -262.797028	1.842 4.927 -92.673
ttt_random_weapon	813.471680 2460.682861 -262.776550	1.611 4.920 -93.203
ttt_random_weapon	718.424438 2454.565430 -262.792480	1.791 4.928 -92.791
ttt_random_weapon	659.521667 2480.588867 -262.789520	1.757 4.927 -92.867
ttt_random_weapon	581.344788 2499.897949 -262.778076	1.628 4.921 -93.163
ttt_random_weapon	1167.895386 1468.345825 161.242477	1.395 6.342 -93.696
ttt_random_weapon	1167.933838 1495.063354 161.216888	1.685 6.580 -93.033
ttt_random_weapon	1167.888428 1572.507324 161.224503	1.599 6.087 -93.230
ttt_random_weapon	1167.867432 1607.327148 161.172516	2.003 5.215 -92.096
ttt_random_weapon	1185.681885 1654.301880 161.190384	1.667 2.090 -92.978
ttt_random_weapon	1210.945557 1650.629150 161.247803	1.324 8.139 -93.902
ttt_random_weapon	1213.571899 1596.122803 161.193970	1.943 4.925 -92.441
ttt_random_weapon	1206.688354 1559.488159 161.213211	1.726 4.926 -92.938
ttt_random_weapon	1211.738892 1522.014282 161.201584	1.857 4.928 -92.638
ttt_random_weapon	1221.939209 1488.098877 161.204315	1.827 4.929 -92.708
ttt_random_weapon	1228.055298 1461.968506 161.190582	1.981 4.920 -92.354
ttt_random_weapon	1207.038940 1425.340820 161.162491	2.159 3.029 -91.820
ttt_random_weapon	1183.109863 1421.667725 162.508698	-3.906 -0.391 98.053
ttt_random_weapon	1169.747192 1447.299561 161.194778	1.934 4.924 -92.462
ttt_random_weapon	1268.023438 1452.508179 161.233566	1.496 4.911 -93.465
ttt_random_weapon	1268.618774 1478.327637 161.232437	1.509 4.912 -93.436
ttt_random_weapon	1249.044434 1531.052734 161.217651	1.676 4.924 -93.053
ttt_random_weapon	1247.666870 1574.497192 161.215256	1.703 4.925 -92.991
ttt_random_weapon	1247.831787 1614.376953 161.202972	1.842 4.927 -92.673
weapon_ttt_sg550	1412.835815 -1266.842529 321.439819	0.336 -12.794 -89.148
weapon_ttt_sg550	1415.639160 -1235.860840 321.455231	0.332 -12.796 -89.240
weapon_ttt_sg550	1402.969360 -1202.757690 321.499390	0.321 -12.801 -89.503
weapon_ttt_m16	-1471.000000 111.323997 181.682999	0.000 0.000 0.000
weapon_ttt_m16	294.020996 847.120972 389.683014	0.000 0.000 0.000
weapon_ttt_m16	571.825012 -1378.310059 5.682850	0.000 0.000 0.000
weapon_ttt_m16	-293.235992 217.182999 21.682800	0.000 0.000 0.000
weapon_ttt_m16	-366.365997 634.822998 21.682800	0.000 0.000 0.000
weapon_ttt_m16	-268.000000 94.132698 -219.317001	0.000 165.000 0.000
weapon_ttt_m16	-274.470001 110.519997 -219.317001	0.000 165.000 0.000
weapon_ttt_m16	840.822021 120.069000 341.683014	0.000 0.000 0.000
weapon_ttt_m16	-31.582100 -1424.520020 5.682850	0.000 0.000 0.000
weapon_ttt_m16	-1590.329956 -1194.550049 19.682800	0.000 0.000 0.000
weapon_ttt_m16	367.042999 1816.349976 -122.317001	0.000 0.000 0.000
item_ammo_pistol_ttt	417.510986 -1417.719971 1.280140	0.000 0.000 0.000
item_ammo_pistol_ttt	430.335999 -1401.770020 1.280140	0.000 0.000 0.000
item_ammo_pistol_ttt	-83.388199 -1425.630005 1.280140	0.000 0.000 0.000
item_ammo_pistol_ttt	-63.580502 -1431.630005 1.280140	0.000 0.000 0.000
item_ammo_pistol_ttt	-891.036011 156.154007 17.280100	0.000 0.000 0.000
item_ammo_pistol_ttt	-807.312012 155.404999 17.280100	0.000 0.000 0.000
item_ammo_pistol_ttt	-1438.189941 1181.599976 17.280100	0.000 0.000 0.000
item_ammo_pistol_ttt	-1446.119995 1478.520020 17.280100	0.000 0.000 0.000
item_ammo_pistol_ttt	-301.013000 1199.849976 17.280100	0.000 0.000 0.000
item_ammo_pistol_ttt	771.625000 154.408997 17.280100	0.000 0.000 0.000
item_ammo_pistol_ttt	1411.849976 502.766998 177.279999	0.000 0.000 0.000
item_ammo_pistol_ttt	-293.809998 97.396400 177.279999	0.000 0.000 0.000
item_ammo_pistol_ttt	-1485.839966 2083.350098 177.279999	0.000 0.000 0.000
item_ammo_pistol_ttt	-288.462006 2071.330078 177.279999	0.000 0.000 0.000
item_ammo_pistol_ttt	1298.300049 -1072.579956 177.279999	0.000 0.000 0.000
item_ammo_pistol_ttt	1273.119995 -1076.510010 177.279999	0.000 0.000 0.000
item_ammo_pistol_ttt	-1574.800049 -1169.930054 15.280100	0.000 0.000 0.000
item_ammo_pistol_ttt	-1599.280029 -1162.890015 15.280100	0.000 0.000 0.000
item_ammo_pistol_ttt	-1266.239990 -1272.170044 -190.720001	0.000 0.000 0.000
item_ammo_pistol_ttt	-1205.369995 -1276.000000 -190.720001	0.000 0.000 0.000
item_ammo_pistol_ttt	-632.687012 -1263.650024 -190.720001	0.000 0.000 0.000
item_ammo_pistol_ttt	-390.070007 128.000000 -259.789001	0.000 0.000 0.000
item_ammo_pistol_ttt	-379.149994 126.750000 -258.720001	0.000 0.000 0.000
item_ammo_pistol_ttt	-368.855011 127.808998 -258.720001	0.000 0.000 0.000
item_ammo_pistol_ttt	-360.000000 126.196999 -258.720001	0.000 0.000 0.000
item_ammo_pistol_ttt	611.799988 455.170013 -262.720001	0.000 0.000 0.000
item_ammo_pistol_ttt	588.388977 487.859985 -262.720001	0.000 0.000 0.000
item_ammo_pistol_ttt	-1361.650024 1313.640015 17.280100	0.000 0.000 0.000
item_ammo_pistol_ttt	-1312.969971 1315.319946 17.280100	0.000 0.000 0.000
item_ammo_pistol_ttt	508.888000 2281.590088 1.280140	0.000 0.000 0.000
item_ammo_pistol_ttt	497.509003 2282.199951 1.280140	0.000 0.000 0.000
item_ammo_pistol_ttt	965.825012 2282.800049 1.280140	0.000 0.000 0.000
item_ammo_pistol_ttt	954.914978 2282.199951 1.280140	0.000 0.000 0.000
item_ammo_pistol_ttt	-1430.630005 99.375397 177.279999	0.000 0.000 0.000
item_ammo_pistol_ttt	1338.290039 2288.639893 161.279999	0.000 0.000 0.000
item_ammo_pistol_ttt	-392.929993 615.085999 17.280100	0.000 0.000 0.000
item_ammo_pistol_ttt	-276.726990 242.981003 17.280100	0.000 0.000 0.000
item_ammo_pistol_ttt	-1006.109985 2353.969971 1.280140	0.000 0.000 0.000
item_ammo_pistol_ttt	566.828003 -1362.750000 1.280140	0.000 0.000 0.000
item_ammo_pistol_ttt	842.062012 135.242996 337.279999	0.000 0.000 0.000
item_ammo_pistol_ttt	337.989014 834.580994 385.279999	0.000 0.000 0.000
item_ammo_pistol_ttt	681.755005 102.125999 177.279999	0.000 0.000 0.000
item_ammo_pistol_ttt	273.574005 134.824005 177.279999	0.000 0.000 0.000
item_ammo_pistol_ttt	-169.873993 2283.929932 1.280140	0.000 0.000 0.000
item_ammo_pistol_ttt	390.691010 1842.439941 -126.720001	0.000 0.000 0.000
item_ammo_pistol_ttt	909.250000 1864.839966 -126.720001	0.000 0.000 0.000
item_ammo_pistol_ttt	-159.195999 -610.848999 -258.720001	0.000 0.000 0.000
item_ammo_pistol_ttt	-71.553101 -599.859985 -258.720001	0.000 0.000 0.000
weapon_ttt_confgrenade	943.737000 843.458008 388.487000	0.000 0.000 0.000
weapon_ttt_confgrenade	285.468994 1904.829956 388.487000	0.000 0.000 0.000
weapon_ttt_confgrenade	-918.518982 177.429993 20.487101	0.000 0.000 0.000
weapon_ttt_confgrenade	-920.921997 190.307007 20.487101	0.000 0.000 0.000
weapon_ttt_confgrenade	-1407.400024 1204.410034 20.487101	0.000 0.000 0.000
weapon_ttt_confgrenade	-1405.949951 1192.369995 20.487101	0.000 0.000 0.000
weapon_ttt_confgrenade	-1401.270020 1481.560059 20.487101	0.000 0.000 0.000
weapon_ttt_confgrenade	-1401.000000 1494.770020 20.487101	0.000 0.000 0.000
weapon_ttt_confgrenade	-299.911987 120.037003 180.487000	0.000 0.000 0.000
weapon_ttt_confgrenade	-284.226013 118.727997 180.487000	0.000 0.000 0.000
weapon_zm_shotgun	-1441.270020 2070.719971 179.488998	0.000 0.000 0.000
weapon_zm_shotgun	1322.150024 2343.570068 163.488998	0.000 0.000 0.000
weapon_zm_shotgun	1025.489990 1930.949951 387.489014	0.000 0.000 0.000
weapon_zm_shotgun	735.031006 110.934998 179.488998	0.000 0.000 0.000
weapon_zm_shotgun	192.906998 152.867996 179.488998	0.000 0.000 0.000
weapon_zm_shotgun	887.117004 245.244003 179.488998	0.000 0.000 0.000
weapon_zm_shotgun	1276.430054 -1174.239990 179.488998	0.000 0.000 0.000
weapon_zm_shotgun	869.935974 -434.002014 19.488600	0.000 0.000 0.000
weapon_zm_shotgun	-263.746002 411.332001 19.488600	0.000 0.000 0.000
weapon_zm_shotgun	-1458.959961 232.970001 19.488600	0.000 0.000 0.000
weapon_zm_shotgun	-1195.010010 652.281982 19.488600	0.000 0.000 0.000
weapon_zm_shotgun	-1358.680054 2041.010010 19.488600	0.000 0.000 0.000
weapon_zm_shotgun	673.351013 454.884003 -260.510986	0.000 0.000 0.000
weapon_zm_shotgun	-192.798004 -251.740997 -231.511002	0.000 0.000 0.000
weapon_zm_shotgun	-181.847000 -261.212006 -231.511002	0.000 0.000 0.000
weapon_zm_shotgun	830.791016 555.580017 339.489014	0.000 0.000 0.000
weapon_zm_shotgun	-611.560974 -1280.939941 -188.511002	0.000 0.000 0.000
weapon_zm_shotgun	461.325989 -1407.910034 3.488650	0.000 0.000 0.000
weapon_zm_shotgun	-1594.719971 -1207.439941 17.488600	0.000 0.000 0.000
weapon_zm_shotgun	568.770020 2283.399902 3.488650	0.000 0.000 0.000
weapon_zm_shotgun	-138.315002 2334.739990 3.488650	0.000 0.000 0.000
weapon_zm_shotgun	1324.479980 1627.329956 3.488650	0.000 0.000 0.000
weapon_zm_shotgun	-54.952999 -611.744995 -256.510986	0.000 0.000 0.000
weapon_ttt_ak47	634.870056 1127.283203 -63.148968	0.189 11.615 -87.103
weapon_ttt_ak47	658.004028 1242.720581 -63.158382	0.202 11.615 -86.999
weapon_ttt_ak47	705.353271 1326.199951 -63.120911	0.150 11.617 -87.411
weapon_ttt_ak47	702.715759 1498.083862 -93.601036	3.803 14.860 -101.112
weapon_ttt_smokegrenade	302.470001 866.179993 389.734985	0.000 0.000 0.000
weapon_ttt_smokegrenade	327.372009 860.942993 389.734985	0.000 0.000 0.000
weapon_ttt_smokegrenade	331.227997 1886.530029 389.734985	0.000 0.000 0.000
weapon_ttt_smokegrenade	1418.579956 449.175995 181.735001	0.000 0.000 0.000
weapon_ttt_smokegrenade	1406.810059 460.157990 181.735001	0.000 0.000 0.000
weapon_ttt_smokegrenade	-320.423004 1180.089966 21.734600	0.000 0.000 0.000
weapon_ttt_smokegrenade	-322.453003 1191.750000 21.734600	0.000 0.000 0.000
weapon_ttt_smokegrenade	757.655029 190.964996 21.734600	0.000 0.000 0.000
weapon_ttt_smokegrenade	746.083008 186.660995 21.734600	0.000 0.000 0.000
weapon_ttt_smokegrenade	7.569600 -1427.359985 5.734560	0.000 0.000 0.000
weapon_ttt_smokegrenade	20.009600 -1413.800049 5.734560	0.000 0.000 0.000
weapon_ttt_smokegrenade	465.721008 -1438.810059 5.734560	0.000 0.000 0.000
weapon_ttt_smokegrenade	471.854004 -1423.729980 5.734560	0.000 0.000 0.000
weapon_ttt_smokegrenade	557.710022 -1408.760010 5.734560	0.000 0.000 0.000
ttt_playerspawn	-890.020386 -863.125854 3.479082	0.636 -0.548 0.169
ttt_playerspawn	-714.369751 -834.301208 3.253776	0.153 -0.205 -0.636
ttt_playerspawn	-596.083862 -718.727966 2.069503	-0.366 0.049 -1.126
ttt_playerspawn	-591.018127 -627.789856 -1.359296	-2.179 -0.383 -0.560
ttt_playerspawn	-728.804199 -493.578064 1.482707	1.479 -0.014 0.755
ttt_playerspawn	-993.898560 -671.820557 12.823668	0.587 2.453 6.452
ttt_playerspawn	-1024.785522 -966.799011 4.175665	0.450 0.158 0.302
ttt_playerspawn	-1236.437500 -810.929443 14.198877	2.612 1.039 2.614
ttt_playerspawn	-914.387146 -1148.410645 4.263598	1.881 -0.141 0.506
ttt_playerspawn	-1433.779907 -655.521423 25.934130	2.481 -1.081 -4.464
ttt_playerspawn	-1425.905884 -118.108521 5.014614	-0.071 0.097 0.071
ttt_playerspawn	-1121.693115 -107.719673 5.159584	-0.086 -0.185 0.086
ttt_playerspawn	-889.523560 -126.640434 3.790286	-0.081 -0.964 0.081
ttt_playerspawn	-546.552551 -129.123856 6.951520	-0.081 0.277 0.081
ttt_playerspawn	-55.431099 -413.224792 5.639856	-0.070 0.554 0.070
ttt_playerspawn	-76.865669 -777.098816 6.721115	-0.019 0.185 0.024
ttt_playerspawn	-44.191483 -1116.024048 2.817610	0.125 -0.757 -0.125
ttt_playerspawn	1031.022827 -1017.170715 0.551459	-0.046 -0.000 0.046
ttt_playerspawn	836.942261 -1040.485474 0.524867	-0.072 -0.000 0.072
ttt_playerspawn	816.826721 -1265.114014 0.519801	-0.078 -0.000 0.078
ttt_playerspawn	1012.242798 -1320.674316 0.536985	-0.062 -0.000 0.062
ttt_playerspawn	589.892212 -57.705532 0.536713	-0.076 -0.000 0.076
ttt_playerspawn	1117.392822 -85.214844 0.553870	-0.056 -0.000 0.056
ttt_playerspawn	1092.389526 231.288879 18.543253	-0.010 -0.444 0.010
ttt_playerspawn	1248.634521 352.837982 19.374500	-0.015 0.277 0.015
ttt_playerspawn	603.852539 2190.187012 3.078266	-0.009 -0.185 0.009
ttt_playerspawn	852.394226 2092.068848 3.336279	-0.005 0.185 0.005
ttt_playerspawn	974.343689 2331.311768 3.136378	-0.048 -0.185 0.048
ttt_playerspawn	530.877869 2341.555420 8.114421	-0.064 1.756 0.064
ttt_playerspawn	753.277771 2338.670654 3.243882	-0.077 -0.185 0.077
ttt_playerspawn	-28.729639 2010.294678 3.885248	-0.090 0.462 0.090
ttt_playerspawn	-46.860096 1654.840942 2.001027	-0.075 0.647 0.075
ttt_playerspawn	-59.321915 1390.240723 4.874259	0.009 0.727 0.067
ttt_playerspawn	-61.947716 1115.407959 2.033387	-0.073 0.554 0.073
ttt_playerspawn	-66.923683 878.231018 2.166194	0.166 -0.174 0.015
weapon_zm_mac10	-271.278992 2063.479980 181.470993	0.000 0.000 0.000
weapon_zm_mac10	272.977997 1920.619995 389.471008	0.000 0.000 0.000
weapon_zm_mac10	743.872009 132.304001 181.470993	0.000 0.000 0.000
weapon_zm_mac10	902.559021 421.462006 181.470993	0.000 0.000 0.000
weapon_zm_mac10	1273.410034 -1110.790039 181.470993	0.000 0.000 0.000
weapon_zm_mac10	560.158997 -1224.699951 5.471190	0.000 0.000 0.000
weapon_zm_mac10	-543.145996 651.796021 21.471201	0.000 0.000 0.000
weapon_zm_mac10	-1241.209961 -1295.650024 -186.529007	0.000 0.000 0.000
weapon_zm_mac10	956.476013 1858.250000 -122.528999	0.000 0.000 0.000
weapon_zm_mac10	206.143997 403.696991 21.471201	0.000 0.000 0.000
weapon_zm_mac10	-133.014008 -603.578003 -254.529007	0.000 0.000 0.000
weapon_zm_molotov	970.317993 833.179993 389.734985	0.000 0.000 0.000
weapon_zm_molotov	1074.910034 1916.119995 389.734985	0.000 0.000 0.000
weapon_zm_molotov	1049.300049 1900.089966 389.734985	0.000 0.000 0.000
weapon_zm_molotov	-822.377991 195.503006 21.734600	0.000 0.000 0.000
weapon_zm_molotov	-819.166016 176.223999 21.734600	0.000 0.000 0.000
weapon_zm_molotov	-1492.979980 107.910004 181.735001	0.000 0.000 0.000
weapon_zm_molotov	-1474.109985 89.489899 181.735001	0.000 0.000 0.000
weapon_zm_molotov	551.598022 -1234.160034 5.734560	0.000 0.000 0.000
item_ammo_357_ttt	-218.798004 1082.949951 177.276001	0.000 0.000 0.000
item_ammo_357_ttt	-217.645004 1048.030029 177.276001	0.000 0.000 0.000
item_ammo_357_ttt	-1188.739990 2064.199951 17.275801	0.000 0.000 0.000
item_ammo_357_ttt	-1342.400024 639.450012 17.275801	0.000 0.000 0.000
item_ammo_357_ttt	-1450.500000 394.382996 17.275801	0.000 0.000 0.000
item_ammo_357_ttt	184.447006 252.738998 17.275801	0.000 0.000 0.000
item_ammo_357_ttt	1022.400024 822.780029 385.276001	0.000 0.000 0.000
item_ammo_357_ttt	267.653992 89.412903 177.276001	0.000 0.000 0.000
item_ammo_357_ttt	1195.479980 1655.180054 1.275810	0.000 0.000 0.000
item_ammo_357_ttt	1371.671753 -1282.157959 320.350525	0.466 0.064 0.043
item_ammo_357_ttt	1366.321167 -1232.678711 320.337158	0.464 0.067 0.048
item_ammo_357_ttt	1370.100220 -1202.145142 320.339142	0.464 0.067 0.048
item_ammo_357_ttt	1337.763672 -1257.180420 320.391846	0.470 0.057 0.028
item_ammo_357_ttt	1345.909424 -1210.188721 320.322296	0.463 0.070 0.054
item_ammo_357_ttt	1349.249878 -1190.140625 320.364166	0.467 0.060 0.039
item_ammo_357_ttt	-1306.623169 2004.082275 176.346313	0.453 0.062 0.049
item_ammo_357_ttt	-1202.378662 2007.159180 176.420212	0.468 0.054 0.020
item_ammo_357_ttt	-1131.383667 2041.024536 176.309998	0.446 0.073 0.064
item_ammo_357_ttt	-1040.932007 2044.421387 176.342514	0.452 0.062 0.051
item_ammo_357_ttt	-949.635681 2029.012207 176.350006	0.454 0.062 0.048
item_ammo_357_ttt	-878.107300 2015.846069 176.393845	0.463 0.055 0.030
item_ammo_357_ttt	-816.678345 1997.981079 176.408417	0.465 0.054 0.025
item_ammo_357_ttt	-699.763000 2007.459961 176.384018	0.461 0.056 0.034
item_ammo_357_ttt	-624.811707 2003.182983 176.358765	0.456 0.060 0.044
item_ammo_357_ttt	-502.025909 1984.184814 176.363693	0.457 0.058 0.042
item_ammo_357_ttt	1268.908081 1697.234863 304.397552	0.470 0.057 0.026
item_ammo_357_ttt	1263.284302 1752.654053 304.394165	0.470 0.057 0.028
item_ammo_357_ttt	1260.250732 1776.416870 304.322296	0.463 0.070 0.054
item_ammo_357_ttt	1237.523682 1787.466064 304.305786	0.461 0.082 0.060
item_ammo_357_ttt	1218.229858 1725.435913 304.379028	0.468 0.058 0.033
item_ammo_357_ttt	1179.870239 1754.963745 304.365753	0.467 0.060 0.038
item_ammo_357_ttt	1238.938599 1712.663818 304.352295	0.466 0.062 0.043
item_ammo_357_ttt	1171.490356 1691.345093 304.337158	0.464 0.066 0.048
item_box_buckshot_ttt	1345.989990 2303.669922 161.294006	0.000 0.000 0.000
item_box_buckshot_ttt	-1498.060059 2052.010010 177.294006	0.000 0.000 0.000
item_box_buckshot_ttt	751.716003 89.574997 177.294006	0.000 0.000 0.000
item_box_buckshot_ttt	1290.640015 -1152.310059 177.294006	0.000 0.000 0.000
item_box_buckshot_ttt	1275.869995 -1153.589966 177.294006	0.000 0.000 0.000
item_box_buckshot_ttt	1039.949951 1944.609985 385.294006	0.000 0.000 0.000
item_box_buckshot_ttt	-651.013000 -1263.770020 -190.705994	0.000 0.000 0.000
item_box_buckshot_ttt	-116.712997 -198.927002 -262.705994	0.000 0.000 0.000
item_box_buckshot_ttt	-116.760002 -226.886993 -262.705994	0.000 0.000 0.000
item_box_buckshot_ttt	721.013977 443.200012 -262.705994	0.000 0.000 0.000
item_box_buckshot_ttt	725.039978 475.716003 -262.705994	0.000 0.000 0.000
item_box_buckshot_ttt	-1357.150024 2069.169922 17.293900	0.000 0.000 0.000
item_box_buckshot_ttt	-1196.130005 621.395020 17.293900	0.000 0.000 0.000
item_box_buckshot_ttt	-1470.760010 248.768005 17.293900	0.000 0.000 0.000
item_box_buckshot_ttt	-255.192001 393.528015 17.293900	0.000 0.000 0.000
item_box_buckshot_ttt	-1619.489990 -1197.969971 15.293900	0.000 0.000 0.000
item_box_buckshot_ttt	860.369995 257.187988 177.294006	0.000 0.000 0.000
item_box_buckshot_ttt	827.093994 524.153992 337.294006	0.000 0.000 0.000
item_box_buckshot_ttt	-194.710007 -290.485992 -258.705994	0.000 0.000 0.000
item_box_buckshot_ttt	-172.942001 -289.795013 -258.705994	0.000 0.000 0.000
item_box_buckshot_ttt	193.720993 140.453003 177.294006	0.000 0.000 0.000
item_box_buckshot_ttt	-164.828995 2349.429932 1.293880	0.000 0.000 0.000
item_box_buckshot_ttt	1361.589966 1647.640015 1.293880	0.000 0.000 0.000
item_box_buckshot_ttt	-55.030300 -628.145996 -258.705994	0.000 0.000 0.000
item_ammo_smg1_ttt	1251.869995 -1078.079956 177.345001	0.000 0.000 0.000
item_ammo_smg1_ttt	561.442017 -1198.400024 1.344720	0.000 0.000 0.000
item_ammo_smg1_ttt	-1258.520020 -1309.839966 -190.654999	0.000 0.000 0.000
item_ammo_smg1_ttt	-531.137024 619.466980 17.344700	0.000 0.000 0.000
item_ammo_smg1_ttt	188.608994 429.957001 17.344700	0.000 0.000 0.000
item_ammo_smg1_ttt	888.843994 389.416992 177.345001	0.000 0.000 0.000
item_ammo_smg1_ttt	317.453003 1917.569946 385.345001	0.000 0.000 0.000
item_ammo_smg1_ttt	751.484985 149.542007 177.345001	0.000 0.000 0.000
item_ammo_smg1_ttt	950.301025 1869.949951 -126.654999	0.000 0.000 0.000
item_ammo_smg1_ttt	-134.406998 -624.078003 -258.654999	0.000 0.000 0.000
item_ammo_smg1_ttt	751.046692 1205.315186 -3.361184	-89.290 140.192 -142.559
item_ammo_smg1_ttt	794.776672 1307.483276 -5.482140	-79.444 178.558 -179.205
item_ammo_smg1_ttt	783.906372 1419.194702 -2.026313	79.192 -167.041 -178.986
item_ammo_smg1_ttt	774.506226 1522.862793 -2.547803	-85.917 174.056 -177.239
item_ammo_smg1_ttt	726.645386 1591.692749 -6.075075	83.791 -177.592 -177.392
item_ammo_smg1_ttt	552.926575 1639.378906 -2.682498	85.311 170.667 176.194
item_ammo_smg1_ttt	510.781586 1521.504883 -4.615045	-78.732 179.354 -179.043
item_ammo_smg1_ttt	498.628754 1366.544678 -4.544935	-84.600 176.748 -177.720
item_ammo_smg1_ttt	518.351318 1235.349976 -6.476120	-85.008 179.790 179.229
item_ammo_smg1_ttt	564.184326 1128.056519 -7.326404	-88.814 -178.123 176.278
item_ammo_smg1_ttt	511.387024 1044.696289 -3.575575	-88.863 -177.552 176.070
item_ammo_smg1_ttt	744.160278 1053.499390 -6.272445	-88.361 166.848 -168.209
weapon_zm_rifle	-263.415985 93.711800 178.957993	0.000 0.000 0.000
weapon_zm_rifle	1000.409973 852.056030 386.958008	0.000 0.000 0.000
weapon_zm_rifle	246.712006 109.639999 178.957993	0.000 0.000 0.000
weapon_zm_rifle	1269.089966 -1135.050049 178.957993	0.000 0.000 0.000
weapon_zm_rifle	-1456.500000 418.010010 18.957500	0.000 0.000 0.000
weapon_zm_rifle	-1363.410034 626.335999 18.957500	0.000 0.000 0.000
weapon_zm_rifle	-1198.750000 2039.729980 18.957500	0.000 0.000 0.000
weapon_zm_rifle	663.958984 488.606995 -261.041992	0.000 0.000 0.000
weapon_zm_rifle	901.112000 2284.590088 2.957510	0.000 0.000 0.000
weapon_zm_rifle	216.332001 239.556000 18.957500	0.000 0.000 0.000
weapon_zm_rifle	1241.449951 1633.640015 2.957510	0.000 0.000 0.000
weapon_zm_rifle	-1240.138184 2062.844482 175.147308	3.597 12.625 65.634
weapon_zm_rifle	-1083.569946 2087.539307 175.139114	3.619 12.633 65.625
weapon_zm_rifle	-846.496704 2044.923096 175.114716	3.687 12.654 65.598
weapon_zm_rifle	-702.884827 2038.535278 175.114716	3.687 12.654 65.598
weapon_zm_rifle	-526.548767 2041.129272 175.147308	3.597 12.625 65.634
weapon_zm_rifle	1268.381226 1733.340820 303.118988	3.665 12.980 65.499
weapon_zm_rifle	1212.711060 1713.840576 303.130463	3.634 12.969 65.521
weapon_zm_rifle	1209.628052 1768.599854 303.101959	3.711 12.989 65.467
weapon_ttt_glock	-264.154999 111.855003 178.932007	0.000 0.000 0.000
weapon_ttt_glock	1316.510010 2324.270020 162.932007	0.000 0.000 0.000
weapon_ttt_glock	702.922974 104.394997 178.932007	0.000 0.000 0.000
weapon_ttt_glock	-1350.150024 1316.550049 18.931700	0.000 0.000 0.000
weapon_ttt_glock	-1333.089966 1317.030029 18.931700	0.000 0.000 0.000
weapon_ttt_glock	1253.660034 -1176.800049 178.932007	0.000 0.000 0.000
weapon_ttt_glock	1253.780029 -1165.900024 178.932007	0.000 0.000 0.000
weapon_ttt_glock	902.635010 -444.157990 18.931700	0.000 0.000 0.000
weapon_ttt_glock	655.093018 443.916992 -261.067993	0.000 0.000 0.000
weapon_ttt_glock	673.932007 437.639008 -261.067993	0.000 0.000 0.000
weapon_ttt_glock	-271.643005 130.962997 -218.067993	0.000 165.000 0.000
weapon_ttt_glock	-289.324005 136.828003 -218.067993	0.000 165.000 0.000
weapon_ttt_glock	-598.159973 -1257.560059 -189.067993	0.000 0.000 0.000
weapon_ttt_glock	921.689026 1879.119995 -125.068001	0.000 0.000 0.000
weapon_ttt_glock	921.210022 1856.599976 -125.068001	0.000 0.000 0.000
weapon_ttt_glock	-58.500000 -597.393982 -257.067993	0.000 0.000 0.000
weapon_ttt_glock	-137.651993 -594.236023 -257.067993	0.000 0.000 0.000
ttt_random_ammo	1301.556030 223.541718 16.322660	0.045 0.000 -0.032
ttt_random_ammo	1297.371704 241.859833 16.434662	1.143 0.029 1.368
ttt_random_ammo	1294.965088 259.010803 16.339945	0.046 -0.000 0.023
ttt_random_ammo	1300.384766 206.536346 16.351149	0.051 0.000 -0.011
ttt_random_ammo	1171.000366 132.560501 16.335203	0.045 -0.000 0.026
ttt_random_ammo	1187.468628 134.259720 16.452827	0.368 1.296 0.710
ttt_random_ammo	1206.390991 132.216965 16.335203	0.045 -0.000 0.026
ttt_random_ammo	1159.325317 131.895874 16.369131	0.087 0.000 0.042
ttt_random_ammo	837.238159 408.372467 16.335182	0.045 0.000 -0.026
ttt_random_ammo	848.927612 375.120209 16.342241	0.046 0.000 -0.021
ttt_random_ammo	851.483765 400.289856 16.389214	0.395 0.002 0.427
ttt_random_ammo	823.893921 374.697205 16.325241	0.045 0.000 -0.031
ttt_random_ammo	825.341064 344.193359 16.346767	0.048 0.000 -0.017
ttt_random_ammo	845.653076 258.861755 16.335180	0.045 0.000 -0.026
ttt_random_ammo	826.811890 228.980927 16.381001	0.183 0.001 0.164
ttt_random_ammo	839.469971 179.653854 16.359495	0.061 0.000 0.005
ttt_random_ammo	828.514282 154.423553 16.344524	0.047 0.000 -0.019
ttt_random_ammo	830.001587 205.361649 16.369133	0.086 0.000 0.042
ttt_random_ammo	817.776733 187.139847 16.367275	0.080 0.000 0.033
ttt_random_ammo	825.199768 256.835815 16.344522	0.047 0.000 -0.019
ttt_random_ammo	844.022522 217.404984 16.346767	0.048 0.000 -0.017
ttt_random_ammo	1336.456421 342.967896 16.363449	0.068 -0.000 -0.016
ttt_random_ammo	1356.829956 341.933075 16.376169	0.129 0.000 0.097
ttt_random_ammo	1372.609131 340.057922 16.390076	0.435 -0.003 -0.476
ttt_random_ammo	1388.756348 344.826965 16.391378	0.519 0.004 0.579
ttt_random_ammo	1350.952637 328.278412 16.361494	0.064 0.000 0.010
ttt_random_ammo	1330.913452 328.282593 16.335203	0.045 -0.000 0.026
ttt_random_ammo	1363.057251 334.802856 16.320040	0.045 0.000 -0.033
ttt_random_ammo	1389.368164 329.946075 16.369131	0.087 0.000 0.042
ttt_random_ammo	1375.639648 327.527649 16.365383	0.074 0.000 0.024
ttt_random_ammo	984.606506 -284.297028 16.429989	1.441 -0.034 -1.752
ttt_random_ammo	1043.464844 -313.626404 16.381020	0.189 0.001 0.170
ttt_random_ammo	1043.989014 -346.331940 16.330372	0.047 0.000 -0.029
ttt_random_ammo	995.728271 -313.355133 16.327896	0.047 -0.000 0.031
ttt_random_ammo	1004.915405 -250.183197 16.357521	0.060 0.000 0.001
ttt_random_ammo	957.083313 -295.457611 16.376089	0.138 -0.000 -0.105
ttt_random_ammo	929.268494 -298.430054 16.382483	0.220 0.001 0.208
ttt_random_ammo	962.945007 -332.401001 16.369143	0.091 -0.000 -0.044
ttt_random_ammo	987.943542 -347.569305 16.455534	0.875 -0.024 -1.064
ttt_random_ammo	1019.525574 -293.048065 16.367315	0.085 0.000 0.036
ttt_random_ammo	1005.273499 -283.427551 16.322750	0.047 0.000 -0.033
ttt_random_ammo	955.352417 -300.782684 16.383726	0.250 -0.001 -0.246
ttt_random_ammo	934.405396 -313.204620 16.389130	0.415 0.003 0.449
ttt_random_ammo	908.841003 -324.081940 16.332836	0.047 0.000 -0.028
ttt_random_ammo	868.485779 -349.570587 16.340004	0.047 0.000 -0.024
ttt_random_ammo	852.985413 -378.183868 16.332836	0.047 0.000 -0.028
ttt_random_ammo	816.752991 -404.404053 16.450880	1.003 0.026 1.220
ttt_random_ammo	872.434937 -342.528961 16.482832	1.653 -0.001 2.003
ttt_random_ammo	882.735229 -332.278351 16.483610	1.547 -0.063 1.875
ttt_random_ammo	898.208496 -340.000824 16.387901	0.369 0.002 0.392
ttt_random_ammo	918.281555 -337.735901 16.337650	0.047 0.000 -0.025
ttt_random_ammo	947.287537 -325.285522 16.390661	0.556 -0.004 -0.622
ttt_random_ammo	971.249207 -315.575348 16.449997	0.931 -0.025 -1.125
ttt_random_ammo	995.347717 -297.682587 16.469072	0.541 -0.020 -0.655
ttt_random_ammo	991.248230 -234.809067 16.440670	0.564 3.903 -0.706
ttt_random_ammo	986.400391 -240.183838 16.471195	0.857 0.300 -1.346
ttt_random_ammo	958.919250 -262.997406 16.327869	0.047 0.000 -0.031
ttt_random_ammo	947.775940 -268.745911 16.369171	0.091 0.000 0.045
ttt_random_ammo	917.821899 -318.994263 16.372761	0.110 0.000 0.070
ttt_random_ammo	904.317444 -335.545105 16.457472	1.678 -0.034 1.394
ttt_random_ammo	675.797119 -1342.534546 0.327878	0.046 -0.000 0.031
ttt_random_ammo	711.248047 -1349.536987 0.427361	1.446 0.034 1.751
ttt_random_ammo	753.693848 -1347.830933 0.353341	0.054 0.000 -0.008
ttt_random_ammo	776.680420 -1350.053467 0.367314	0.083 0.000 0.034
ttt_random_ammo	786.169189 -1280.330200 0.383947	0.245 0.001 0.240
ttt_random_ammo	743.656372 -1283.878174 0.361535	0.067 0.000 0.012
ttt_random_ammo	707.431458 -1288.129150 0.361539	0.066 0.000 0.011
ttt_random_ammo	661.818665 -1290.352783 0.346823	0.050 0.000 -0.017
ttt_random_ammo	640.060547 -1320.024048 0.415370	1.678 0.035 2.029
ttt_random_ammo	802.311096 -1318.357178 0.346824	0.050 0.000 -0.017
ttt_random_ammo	549.119568 -1163.172974 0.346854	0.050 -0.000 0.017
ttt_random_ammo	536.612122 -1147.379150 0.437344	1.270 0.032 1.541
ttt_random_ammo	540.977661 -1127.626953 0.337650	0.047 0.000 -0.025
ttt_random_ammo	559.609863 -1139.369629 0.444035	1.070 -0.028 -1.295
ttt_random_ammo	567.632996 -1153.605591 0.337672	0.047 -0.000 0.025
ttt_random_ammo	879.093811 -1134.263672 0.351219	0.053 0.000 -0.011
ttt_random_ammo	819.234009 -1126.683716 0.379433	0.172 0.001 0.148
ttt_random_ammo	793.214050 -1137.326416 0.365413	0.078 -0.000 -0.026
ttt_random_ammo	746.966553 -1128.967285 0.357521	0.060 0.000 0.001
ttt_random_ammo	707.639343 -1130.856689 0.367316	0.085 0.000 0.036
ttt_random_ammo	669.589294 -1138.360352 0.353355	0.055 0.000 -0.007
ttt_random_ammo	630.994263 -1142.171753 0.419387	1.677 -0.037 -2.040
ttt_random_ammo	611.978210 -1136.422119 0.470870	-1.346 -0.382 -1.248
ttt_random_ammo	579.154236 -1130.679565 0.382497	0.218 0.001 0.206
ttt_random_ammo	144.264343 -1386.346191 20.347198	1.144 0.029 1.380
ttt_random_ammo	149.714691 -1368.443970 20.242933	0.046 0.000 -0.028
ttt_random_ammo	144.308212 -1342.418213 20.245293	0.046 0.000 -0.027
ttt_random_ammo	142.588089 -1310.100220 20.228765	-0.047 0.000 0.035
ttt_random_ammo	149.264511 -1289.144165 20.229483	0.014 0.147 0.194
ttt_random_ammo	149.387238 -1269.313843 20.294409	-0.216 0.001 -0.204
ttt_random_ammo	149.103775 -1256.360596 20.281523	-0.099 0.000 -0.057
ttt_random_ammo	165.341354 -1364.817749 0.330354	0.046 0.000 -0.029
ttt_random_ammo	171.406723 -1359.498779 0.419577	1.637 0.036 1.985
ttt_random_ammo	163.880692 -1301.891846 0.320111	0.047 0.000 -0.034
ttt_random_ammo	166.401260 -1277.399780 0.339986	0.047 0.000 -0.023
ttt_random_ammo	174.234726 -1247.193359 0.351204	0.053 0.000 -0.011
ttt_random_ammo	192.533447 -1307.051636 0.394699	1.467 0.025 1.732
ttt_random_ammo	198.875641 -1329.695068 0.339986	0.047 0.000 -0.023
ttt_random_ammo	205.130768 -1349.821655 0.421172	1.615 0.037 1.960
ttt_random_ammo	238.540497 -1315.276123 0.322730	0.047 0.000 -0.033
ttt_random_ammo	275.513672 -1310.030640 0.325311	0.046 0.000 -0.032
ttt_random_ammo	338.950531 -1307.713135 0.426910	1.391 0.032 1.677
ttt_random_ammo	363.347321 -1311.441528 0.443647	1.124 0.029 1.363
ttt_random_ammo	402.056458 -1301.733643 0.353342	0.054 0.000 -0.008
ttt_random_ammo	434.823883 -1313.047607 0.320111	0.047 0.000 -0.034
ttt_random_ammo	474.099030 -1342.880249 0.344583	0.048 0.000 -0.020
ttt_random_ammo	505.554169 -1373.091431 0.430488	1.289 -0.031 -1.554
ttt_random_ammo	509.344055 -1395.089844 0.433442	-0.578 0.002 -0.762
ttt_random_ammo	499.091553 -1407.672485 0.351205	0.052 0.000 -0.011
ttt_random_ammo	452.975983 -1378.204102 0.339986	0.047 0.000 -0.023
ttt_random_ammo	353.807007 -442.931519 0.322731	0.047 0.000 -0.033
ttt_random_ammo	402.726166 -445.086548 0.337632	0.047 0.000 -0.025
ttt_random_ammo	438.173370 -505.729492 0.392976	0.716 0.007 0.817
ttt_random_ammo	443.068420 -481.790802 0.349030	0.051 0.000 -0.014
ttt_random_ammo	434.215729 -412.649506 0.393034	0.708 0.007 0.807
ttt_random_ammo	434.284546 -370.292114 0.391621	0.620 -0.005 -0.700
ttt_random_ammo	562.731812 -452.089905 0.386699	0.314 0.002 0.325
ttt_random_ammo	591.590698 -439.784912 0.372691	0.110 -0.000 -0.070
ttt_random_ammo	556.788940 -346.470032 0.339986	0.047 0.000 -0.023
ttt_random_ammo	604.936829 -337.466553 0.423261	1.566 0.040 1.900
ttt_random_ammo	347.087921 -329.771515 0.374478	-0.110 -0.000 0.070
ttt_random_ammo	405.813141 -332.718140 0.363499	0.071 0.000 0.018
ttt_random_ammo	163.902573 -443.351013 0.323463	-0.047 -0.000 -0.033
ttt_random_ammo	212.240860 -443.737274 0.382114	-0.171 -0.001 0.148
ttt_random_ammo	161.468765 -558.173035 0.347608	-0.050 -0.000 -0.017
ttt_random_ammo	211.811157 -561.973938 0.462786	0.703 0.022 0.852
ttt_random_ammo	239.518051 -618.539673 0.346825	0.050 0.000 -0.017
ttt_random_ammo	240.270676 -580.615784 0.332843	0.046 -0.000 0.028
ttt_random_ammo	245.597519 -515.034180 0.359537	0.063 -0.000 -0.006
ttt_random_ammo	245.041061 -495.630188 0.359540	0.063 0.000 0.006
ttt_random_ammo	235.679001 -405.511139 0.395704	-0.422 -0.003 0.457
ttt_random_ammo	241.841766 -377.664093 0.338369	-0.047 -0.000 -0.025
ttt_random_ammo	171.436417 -337.138916 0.380209	-0.152 -0.001 0.123
ttt_random_ammo	205.232422 -331.070221 0.384018	-0.194 -0.001 0.176
ttt_random_ammo	160.576981 -227.181854 0.352031	-0.053 -0.000 -0.011
ttt_random_ammo	199.793976 -239.754547 0.370597	-0.092 -0.000 0.046
ttt_random_ammo	233.441513 -291.590393 0.331082	-0.046 -0.000 -0.029
ttt_random_ammo	248.470215 -272.721161 0.409225	-0.961 -0.012 1.116
ttt_random_ammo	347.637238 -234.576004 0.354201	-0.055 -0.000 -0.007
ttt_random_ammo	400.785309 -245.616653 0.331085	-0.046 -0.000 -0.029
ttt_random_ammo	319.400604 -290.232452 0.360534	-0.063 -0.000 0.007
ttt_random_ammo	324.901886 -263.180756 0.335979	-0.047 -0.000 -0.026
ttt_random_ammo	320.253021 -416.430969 0.370972	0.100 0.000 0.056
ttt_random_ammo	322.689301 -399.022278 0.364626	-0.072 -0.000 0.019
ttt_random_ammo	322.599060 -506.761505 0.390809	0.537 -0.004 -0.598
ttt_random_ammo	321.357208 -490.022186 0.393715	0.815 0.009 0.938
ttt_random_ammo	1429.934082 -330.676666 0.351212	0.053 0.000 -0.011
ttt_random_ammo	1420.399170 -319.324738 0.392215	0.618 0.005 0.697
ttt_random_ammo	1394.383545 -327.206329 0.392333	0.714 -0.007 -0.814
ttt_random_ammo	1387.856812 -276.681305 0.368642	-0.085 -0.000 0.036
ttt_random_ammo	1398.642700 -244.364456 0.320863	-0.047 -0.000 -0.034
ttt_random_ammo	1394.712158 -217.902191 0.340742	-0.047 -0.000 -0.023
ttt_random_ammo	1395.705444 -189.162048 0.386379	0.321 -0.002 -0.334
ttt_random_ammo	1395.502930 -171.196365 0.445876	1.094 0.028 1.329
ttt_random_ammo	1399.243164 -150.094681 0.379444	0.169 0.001 0.145
ttt_random_ammo	1400.408447 -134.639816 0.322740	0.047 0.000 -0.033
ttt_random_ammo	1399.574463 -119.522034 0.473297	-1.292 3.315 -1.517
ttt_random_ammo	570.907959 114.396240 53.356056	-0.063 0.000 -0.012
ttt_random_ammo	577.084595 149.611786 53.382843	-0.349 0.002 -0.372
ttt_random_ammo	578.126404 181.597275 53.375622	-0.066 -0.215 0.018
ttt_random_ammo	587.256714 111.747093 53.333080	-0.043 0.000 0.025
ttt_random_ammo	695.538391 158.330734 53.439270	0.807 0.024 0.984
ttt_random_ammo	456.738159 111.555733 53.356060	-0.064 0.000 -0.013
ttt_random_ammo	453.756165 154.481812 53.305729	-0.046 0.000 0.036
ttt_random_ammo	457.714813 178.490585 53.320015	-0.044 0.000 0.031
ttt_random_ammo	288.059967 364.356415 16.376165	0.129 0.000 0.097
ttt_random_ammo	281.833527 334.140137 16.437006	1.132 0.028 1.360
ttt_random_ammo	280.501587 306.582458 16.332752	0.045 0.000 -0.027
ttt_random_ammo	286.079865 290.617340 16.355392	0.055 0.000 -0.004
ttt_random_ammo	302.520599 279.552643 16.342243	0.046 0.000 -0.021
ttt_random_ammo	334.900696 265.573303 16.416523	1.532 0.039 1.840
ttt_random_ammo	379.137390 271.333496 16.342243	0.046 0.000 -0.021
ttt_random_ammo	396.102722 281.688202 16.386749	0.300 0.002 0.310
ttt_random_ammo	358.833496 431.585907 16.337574	0.045 0.000 -0.025
ttt_random_ammo	330.803589 430.254669 16.346767	0.048 0.000 -0.017
ttt_random_ammo	368.453796 415.297424 16.372726	0.105 0.000 0.066
ttt_random_ammo	340.924255 404.710815 16.361494	0.064 0.000 0.010
ttt_random_ammo	336.423401 378.218536 16.370947	0.095 0.000 0.053
ttt_random_ammo	325.623474 393.702637 16.372730	0.105 0.000 0.065
ttt_random_ammo	356.489777 387.981903 16.377823	0.144 0.001 0.116
ttt_random_ammo	1300.975220 495.847321 336.387939	0.364 0.002 0.387
ttt_random_ammo	1279.179810 497.553619 336.335236	0.046 0.000 -0.027
ttt_random_ammo	1200.258057 504.349243 336.427582	1.394 0.032 1.683
ttt_random_ammo	1150.084351 515.839905 336.372742	0.110 0.000 0.070
ttt_random_ammo	1097.361694 523.100159 336.391296	0.537 0.004 0.598
ttt_random_ammo	1040.311890 528.560791 336.346832	0.050 0.000 -0.017
ttt_random_ammo	983.060486 521.354919 336.424927	1.434 0.033 1.729
ttt_random_ammo	934.944824 515.144592 336.383972	0.241 0.001 0.235
ttt_random_ammo	925.282410 502.417389 336.381012	0.188 0.001 0.169
ttt_random_ammo	998.405884 466.908691 336.442047	1.158 0.029 1.405
ttt_random_ammo	1056.266235 482.694458 336.320129	0.047 0.000 -0.034
ttt_random_ammo	1097.081299 496.365448 336.379456	0.168 0.001 0.144
ttt_random_ammo	1137.703857 490.682922 336.392944	0.723 0.007 0.826
ttt_random_ammo	1183.125000 473.678650 336.346832	0.050 0.000 -0.017
ttt_random_ammo	1225.610474 464.531494 336.370972	0.099 0.000 0.055
ttt_random_ammo	1278.014648 479.324707 336.385376	0.274 0.001 0.276
ttt_random_ammo	1331.178955 466.025787 336.357513	0.059 0.000 0.001
ttt_random_ammo	1376.214722 450.244690 336.370941	0.100 -0.000 -0.057
ttt_random_ammo	1372.004639 375.299561 336.353363	0.054 -0.000 0.008
ttt_random_ammo	1349.039795 317.141449 336.392883	0.824 -0.009 -0.948
ttt_random_ammo	1359.020508 260.301117 336.351196	0.053 0.000 -0.011
ttt_random_ammo	1348.446289 218.207306 336.393707	0.817 0.009 0.941
ttt_random_ammo	1335.388916 187.030472 336.340027	0.047 -0.000 0.023
ttt_random_ammo	1321.097900 161.488708 336.385101	0.280 -0.001 -0.283
ttt_random_ammo	1259.108521 173.918335 336.393677	0.821 0.009 0.945
ttt_random_ammo	1187.462158 176.881821 336.357513	0.059 0.000 0.001
ttt_random_ammo	1146.152710 175.631332 336.419220	1.583 -0.042 -1.916
ttt_random_ammo	1096.498169 170.266129 336.446350	0.998 0.026 1.204
ttt_random_ammo	1054.703247 170.265442 336.414124	1.769 0.030 2.146
ttt_random_ammo	1009.213257 169.294800 336.418488	0.519 6.430 0.605
ttt_random_ammo	1008.564026 174.494705 336.479156	1.256 0.010 1.354
ttt_random_ammo	-1356.583862 164.120697 176.327850	0.046 0.000 -0.031
ttt_random_ammo	-1236.766846 188.437607 176.342300	0.048 0.000 -0.021
ttt_random_ammo	-1142.364502 201.210602 176.351212	0.053 -0.000 0.011
ttt_random_ammo	-1020.990112 202.546158 176.351212	0.053 -0.000 0.011
ttt_random_ammo	-913.109131 208.013382 176.386383	0.319 -0.002 -0.331
ttt_random_ammo	-818.041443 171.228287 176.357513	0.059 -0.000 -0.001
ttt_random_ammo	-752.868530 173.424896 176.365402	0.077 -0.000 -0.026
ttt_random_ammo	-680.698608 180.117050 176.429352	1.333 -0.032 -1.609
ttt_random_ammo	-580.807007 198.787659 176.438080	1.187 -0.029 -1.437
ttt_random_ammo	-500.966675 217.461441 176.426422	1.497 0.034 1.816
ttt_random_ammo	-454.412201 225.824020 176.320114	0.047 0.000 -0.034
ttt_random_ammo	-362.150818 218.143463 176.322723	0.047 0.000 -0.033
ttt_random_ammo	-294.943298 219.023422 176.330353	0.046 0.000 -0.029
ttt_random_ammo	-297.420197 178.269318 176.377823	0.152 0.001 0.124
ttt_random_ammo	-384.564087 150.700729 176.392197	0.620 0.005 0.700
ttt_random_ammo	-476.300690 145.656677 176.339981	0.047 0.000 -0.023
ttt_random_ammo	-545.294434 136.191315 176.444992	1.015 -0.026 -1.226
ttt_random_ammo	-604.882507 139.865738 176.353348	0.055 -0.000 0.007
ttt_random_ammo	-647.643066 190.318329 176.344589	0.049 -0.000 0.019
ttt_random_ammo	-1254.645386 97.851799 176.379440	0.169 0.001 0.145
ttt_random_ammo	-1720.234985 -432.782471 25.183825	2.055 -0.996 -5.301
ttt_random_ammo	-1713.113892 -502.103485 25.487261	1.381 0.921 2.853
ttt_random_ammo	-1713.518433 -572.376831 24.975365	3.974 0.926 -1.339
ttt_random_ammo	-1709.211182 -643.913757 25.288557	2.661 -0.287 0.441
ttt_random_ammo	-1702.929077 -677.919006 25.494967	-0.021 -0.030 -1.033
ttt_random_ammo	-1703.464233 -708.568726 25.185112	-0.021 0.104 1.290
ttt_random_ammo	-1701.135254 -730.256958 24.903679	3.188 0.319 -0.089
ttt_random_ammo	-1702.551758 -757.872681 23.537920	0.626 0.295 3.981
ttt_random_ammo	-1701.853638 -801.094543 20.656912	0.493 0.996 5.786
ttt_random_ammo	-1696.894775 -835.749756 17.931547	-1.609 -0.120 3.430
ttt_random_ammo	-1690.179443 -881.984253 15.595840	-1.089 -1.297 3.200
ttt_random_ammo	-1685.818359 -921.288940 13.818307	-1.520 -0.750 3.710
ttt_random_ammo	-1688.682983 -957.400208 11.806107	-1.035 -0.314 4.258
ttt_random_ammo	-1258.257568 -1398.166016 2.121522	0.265 -0.187 -0.044
ttt_random_ammo	-1241.236206 -1386.272705 2.147023	0.277 -0.107 0.001
ttt_random_ammo	-1179.492310 -1380.681763 5.292408	-4.393 -0.711 -2.644
ttt_random_ammo	-1141.797974 -1382.577393 8.373620	-5.528 -0.380 -2.313
ttt_random_ammo	-1089.100464 -1377.091675 8.984828	6.842 0.638 -2.605
ttt_random_ammo	-1033.021484 -1365.204346 7.155473	-2.732 4.406 -96.870
ttt_random_ammo	-982.868774 -1360.744019 10.460089	-4.082 2.393 -98.157
ttt_random_ammo	-942.604736 -1355.665405 13.655827	-4.757 3.185 -98.319
ttt_random_ammo	-900.708191 -1346.705200 12.910379	1.073 -0.723 -6.302
ttt_random_ammo	-870.539490 -1332.027832 12.321133	0.880 -2.087 -99.696
ttt_random_ammo	-823.753479 -1360.603027 12.424453	7.554 -4.591 -98.776
ttt_random_ammo	-798.871826 -1378.864868 13.996641	9.164 -0.438 -114.061
ttt_random_ammo	102.996422 -1346.595703 0.353349	0.055 0.000 -0.008
ttt_random_ammo	101.956947 -1324.734863 0.376179	0.136 0.000 0.103
ttt_random_ammo	22.088816 -1299.490845 0.445166	1.111 0.028 1.349
ttt_random_ammo	-20.915966 -1298.623901 0.363502	0.072 0.000 0.019
ttt_random_ammo	-46.107170 -1296.557251 0.420033	1.671 0.036 2.030
ttt_random_ammo	-87.452438 -1298.527588 0.349042	0.051 0.000 -0.014
ttt_random_ammo	-124.238518 -1294.323853 0.335257	0.047 0.000 -0.027
ttt_random_ammo	-149.654449 -1295.445679 0.330364	0.046 0.000 -0.029
ttt_random_ammo	-161.773163 -1322.017578 0.374482	0.123 0.000 0.086
ttt_random_ammo	-179.319519 -1353.666016 0.322741	0.047 0.000 -0.033
ttt_random_ammo	-192.811050 -1395.256836 2.371262	0.241 0.079 -0.014
ttt_random_ammo	-195.127762 -1422.265381 2.394923	1.238 0.018 1.454
ttt_random_ammo	-1564.531860 727.622253 -0.817633	0.640 -0.058 0.038
ttt_random_ammo	-1582.090942 704.740723 0.436238	6.287 1.826 0.232
ttt_random_ammo	-1600.638916 675.019287 1.946797	3.895 -1.087 0.292
ttt_random_ammo	-1601.745850 661.388855 1.931765	-1.572 -0.046 0.495
ttt_random_ammo	-1596.878906 646.955139 1.534510	4.090 0.053 0.339
ttt_random_ammo	-1588.282837 632.250732 0.870577	4.667 -0.031 0.269
ttt_random_ammo	-1568.185303 604.362366 -0.449764	2.618 0.054 -0.873
ttt_random_ammo	-1781.551270 940.494324 -1.141344	0.015 -0.012 1.620
ttt_random_ammo	-1778.793579 965.781921 -0.935323	-0.633 -0.006 0.858
ttt_random_ammo	-1753.074463 980.026550 -0.990023	1.835 -0.385 0.528
ttt_random_ammo	-1733.734985 938.840454 -1.743943	-1.977 0.076 0.408
ttt_random_ammo	-1755.579102 898.984863 -1.747928	1.819 -0.379 0.500
ttt_random_ammo	-1760.645020 867.583740 -1.899553	1.752 -0.402 0.513
ttt_random_ammo	-1784.848633 896.484192 -1.545527	1.510 0.350 0.722
ttt_random_ammo	-1787.578979 915.537720 -1.496386	-1.816 0.116 -1.079
ttt_random_ammo	-1745.819092 918.149231 -1.765778	1.715 -0.410 0.520
ttt_random_ammo	-1723.637939 919.896545 -1.283228	-2.613 0.407 -0.503
ttt_random_ammo	-1723.098389 949.677429 -1.338379	-2.928 -0.459 -0.479
ttt_random_ammo	-1731.512451 968.451416 -1.846676	-1.340 -0.025 -0.356
ttt_random_ammo	-1753.329712 938.199585 -1.380851	1.745 -0.406 0.514
ttt_random_ammo	-1761.444214 933.999695 -1.253716	1.843 -0.366 0.495
ttt_random_ammo	-1606.053589 2355.694824 -1.734581	-0.499 -0.077 -1.218
ttt_random_ammo	-1579.634888 2360.864258 -1.487623	-1.103 -0.335 -0.479
ttt_random_ammo	-1532.689331 2362.040039 -0.419920	1.258 0.021 1.939
ttt_random_ammo	-1495.803223 2356.048340 0.148670	-1.754 -0.736 3.861
ttt_random_ammo	-1481.962646 2354.510498 0.303342	-0.402 -0.469 2.939
ttt_random_ammo	-1489.301392 2337.394043 -0.211547	0.932 -1.025 -3.341
ttt_random_ammo	-1517.850708 2333.021240 -0.307665	-0.126 0.032 -0.640
ttt_random_ammo	-1536.581299 2336.823730 -0.371074	-1.899 -0.160 -0.442
ttt_random_ammo	-1560.823730 2332.856689 -1.035633	-1.582 -0.127 -0.121
ttt_random_ammo	-1578.084595 2332.255127 -1.202868	-1.091 -0.396 -0.466
ttt_random_ammo	-1601.052612 2332.202393 -1.475792	-0.315 0.140 -1.282
ttt_random_ammo	-1619.543457 2341.424561 -1.635204	-0.047 0.088 -1.320
ttt_random_ammo	-1605.578369 2373.309570 -1.840770	-0.873 -0.528 0.199
ttt_random_ammo	-1564.307129 2369.274658 -1.308108	-1.609 -0.202 -0.210
ttt_random_ammo	-1557.136230 2366.419189 -1.041915	-2.774 0.050 -0.125
ttt_random_ammo	-1544.668579 2357.996582 -0.704625	-1.622 0.371 0.096
ttt_random_ammo	-741.961304 563.339783 -263.558319	0.181 -0.179 1.566
ttt_random_ammo	-828.656677 563.723145 -263.538269	0.221 -0.115 1.088
ttt_random_ammo	-882.429016 564.174072 -261.257538	89.626 123.668 86.037
ttt_random_ammo	-972.356445 563.496582 -261.269043	89.332 127.787 89.493
ttt_random_ammo	-1051.541626 563.496521 -263.542603	-1.983 -1.188 -1.049
ttt_random_ammo	-1170.062378 564.028198 -263.565765	0.261 0.185 1.841
ttt_random_ammo	-1311.451416 563.794617 -263.548706	0.160 0.570 1.296
ttt_random_ammo	-1488.559448 579.179504 -263.617462	0.213 0.001 0.201
ttt_random_ammo	-434.832367 -494.117462 -263.518860	1.193 -0.077 1.514
ttt_random_ammo	-434.931671 -389.510559 -263.504272	-0.556 0.110 -0.758
ttt_random_ammo	-434.718048 -310.616425 -263.494537	-1.416 -0.151 -1.716
ttt_random_ammo	-434.796997 -240.353058 -263.501801	-0.431 1.033 -0.523
ttt_random_ammo	-435.030121 -149.189545 -263.518066	1.215 0.994 1.414
ttt_random_ammo	-435.009216 -74.840813 -263.513336	0.857 0.588 1.092
ttt_random_ammo	-434.664246 6.308180 -263.565521	-0.598 0.335 -0.723
ttt_random_ammo	-434.776520 104.284561 -263.519257	-0.244 -0.905 -0.703
ttt_random_ammo	-435.214325 179.736084 -263.544006	0.244 -6.371 1.260
ttt_random_ammo	-435.018738 262.374054 -263.518341	1.811 0.437 2.196
ttt_random_ammo	-434.654877 344.952148 -263.566345	-0.584 0.013 -0.746
ttt_random_ammo	146.916183 2474.858643 -263.667175	0.046 0.000 -0.028
ttt_random_ammo	141.771439 2500.000732 -263.616028	0.242 0.001 0.237
ttt_random_ammo	110.291115 2521.782471 -263.616058	0.246 0.001 0.241
ttt_random_ammo	73.651131 2526.862061 -263.648804	0.053 0.000 -0.011
ttt_random_ammo	55.982315 2506.097656 -263.669647	0.046 0.000 -0.029
ttt_random_ammo	87.312660 2516.174561 -263.672150	0.046 0.000 -0.031
ttt_random_ammo	116.047073 2501.510742 -263.573700	1.414 0.033 1.706
ttt_random_ammo	135.895081 2524.389404 -263.629028	0.099 0.000 0.056
ttt_random_ammo	155.248169 2498.274170 -263.662354	0.047 0.000 -0.025
ttt_random_ammo	174.209335 2474.540527 -263.618988	0.190 0.001 0.171
ttt_random_ammo	90.837151 2476.465088 -263.638458	0.067 0.000 0.012
ttt_random_ammo	588.123047 2542.856445 -263.636505	0.072 0.000 0.019
ttt_random_ammo	636.605896 2532.676270 -263.628998	0.099 0.000 0.055
ttt_random_ammo	702.208008 2491.493896 -263.660004	0.047 0.000 -0.023
ttt_random_ammo	749.233826 2486.657715 -263.606995	0.714 0.007 0.815
ttt_random_ammo	779.240356 2489.622070 -263.660004	0.047 0.000 -0.023
ttt_random_ammo	813.441345 2492.107178 -263.648773	0.053 0.000 -0.011
ttt_random_ammo	853.897400 2498.112305 -263.555664	1.107 0.028 1.342
ttt_random_ammo	898.326294 2498.190674 -263.617493	0.217 0.001 0.205
ttt_random_ammo	964.633423 2498.154297 -263.623901	0.135 -0.000 -0.102
ttt_random_ammo	1015.068481 2493.301270 -263.685242	0.047 0.000 -0.036
ttt_random_ammo	1085.198608 2489.088867 -263.623810	0.135 0.000 0.102
ttt_random_ammo	1141.350342 2483.742188 -263.569855	-0.613 -0.003 0.810
ttt_random_ammo	1268.451782 1646.990723 160.370590	-0.091 -0.000 0.045
ttt_random_ammo	1238.791504 1653.431274 160.372559	-0.100 -0.000 0.057
ttt_random_ammo	1277.125366 1628.558716 160.352036	-0.053 -0.000 -0.011
ttt_random_ammo	1278.126953 1596.422607 160.465607	-1.015 -0.027 1.234
ttt_random_ammo	1283.923828 1555.451538 160.333557	-0.046 -0.000 -0.028
ttt_random_ammo	1292.295776 1523.998779 160.443253	1.122 0.028 1.359
ttt_random_ammo	1303.388550 1481.223267 160.383759	0.246 -0.001 -0.241
ttt_random_ammo	1299.666016 1452.354370 160.327866	0.046 0.000 -0.031
weapon_zm_pistol	-241.091003 2031.229980 178.723007	0.000 0.000 0.000
weapon_zm_pistol	-269.209991 2032.630005 178.723007	0.000 0.000 0.000
weapon_zm_pistol	-1487.060059 2053.530029 178.723007	0.000 0.000 0.000
weapon_zm_pistol	-1452.239990 2045.260010 178.723007	0.000 0.000 0.000
weapon_zm_pistol	708.393005 119.697998 178.723007	0.000 0.000 0.000
weapon_zm_pistol	724.046997 125.663002 178.723007	0.000 0.000 0.000
weapon_zm_pistol	230.938004 129.699997 178.723007	0.000 0.000 0.000
weapon_zm_pistol	243.796997 144.009003 178.723007	0.000 0.000 0.000
weapon_zm_pistol	1413.979980 477.046997 178.723007	0.000 0.000 0.000
weapon_zm_pistol	1413.739990 458.677002 178.723007	0.000 0.000 0.000
weapon_zm_pistol	1255.469971 -1122.780029 178.723007	0.000 0.000 0.000
weapon_zm_pistol	1266.369995 -1099.650024 178.723007	0.000 0.000 0.000
weapon_zm_pistol	876.041016 -446.816986 18.723200	0.000 0.000 0.000
weapon_zm_pistol	-929.481995 208.339005 18.723200	0.000 0.000 0.000
weapon_zm_pistol	-912.598022 206.436996 18.723200	0.000 0.000 0.000
weapon_zm_pistol	-839.431030 208.776993 18.723200	0.000 0.000 0.000
weapon_zm_pistol	-816.528992 208.871994 18.723200	0.000 0.000 0.000
weapon_zm_pistol	-1420.280029 1197.859985 18.723200	0.000 0.000 0.000
weapon_zm_pistol	-1422.170044 1188.140015 18.723200	0.000 0.000 0.000
weapon_zm_pistol	-1414.390015 1494.170044 18.723200	0.000 0.000 0.000
weapon_zm_pistol	-1416.609985 1478.130005 18.723200	0.000 0.000 0.000
weapon_zm_pistol	-346.212006 1186.599976 18.723200	0.000 0.000 0.000
weapon_zm_pistol	-338.079987 1173.550049 18.723200	0.000 0.000 0.000
weapon_zm_pistol	755.538025 205.095001 18.723200	0.000 0.000 0.000
weapon_zm_pistol	746.773987 203.231995 18.723200	0.000 0.000 0.000
weapon_zm_pistol	628.275024 486.362000 -261.277008	0.000 0.000 0.000
weapon_zm_pistol	630.533020 465.178986 -261.277008	0.000 0.000 0.000
weapon_zm_pistol	-167.731003 -244.289001 -232.276993	0.000 0.000 0.000
weapon_zm_pistol	-183.705994 -243.953995 -232.276993	0.000 0.000 0.000
weapon_zm_pistol	-623.166992 -1260.660034 -189.276993	0.000 0.000 0.000
weapon_zm_pistol	-1254.550049 -1270.239990 -189.276993	0.000 0.000 0.000
weapon_zm_pistol	-1238.819946 -1271.689941 -189.276993	0.000 0.000 0.000
weapon_zm_pistol	-1612.849976 2042.989990 2.531680	0.000 0.000 0.000
weapon_zm_pistol	-1623.599976 2059.560059 2.279560	0.000 0.000 0.000
weapon_zm_pistol	-990.372009 2348.889893 2.723160	0.000 0.000 0.000
weapon_zm_pistol	-990.708008 2327.929932 2.723160	0.000 0.000 0.000
weapon_zm_pistol	8.731040 -1395.459961 2.723160	0.000 0.000 0.000
weapon_zm_pistol	-21.757700 -1395.869995 2.723160	0.000 0.000 0.000
weapon_zm_pistol	430.183014 -1432.020020 2.723160	0.000 0.000 0.000
weapon_zm_pistol	473.729004 -1434.760010 2.723160	0.000 0.000 0.000
weapon_zm_pistol	-1554.239990 -1175.219971 16.723200	0.000 0.000 0.000
weapon_zm_pistol	-1578.930054 -1184.060059 16.723200	0.000 0.000 0.000
weapon_zm_pistol	-1587.920044 -1186.079956 16.723200	0.000 0.000 0.000
weapon_zm_pistol	-1615.930054 -1179.650024 16.723200	0.000 0.000 0.000
weapon_zm_pistol	532.918030 2278.510010 2.723160	0.000 0.000 0.000
weapon_zm_pistol	529.297974 2287.500000 2.723160	0.000 0.000 0.000
weapon_zm_pistol	858.304016 2274.810059 2.723160	0.000 0.000 0.000
weapon_zm_pistol	862.554993 2291.070068 2.723160	0.000 0.000 0.000
weapon_zm_pistol	-171.307999 2311.239990 2.723160	0.000 0.000 0.000
weapon_zm_pistol	-144.322998 2310.070068 2.723160	0.000 0.000 0.000
item_ammo_revolver_ttt	-234.695007 1054.949951 177.276001	0.000 0.000 0.000
item_ammo_revolver_ttt	-237.889008 1074.510010 177.276001	0.000 0.000 0.000
item_ammo_revolver_ttt	959.142029 -226.675003 -262.723999	0.000 0.000 0.000
item_ammo_revolver_ttt	962.747986 -212.274002 -262.723999	0.000 0.000 0.000
item_ammo_revolver_ttt	526.859985 2538.810059 -262.723999	0.000 0.000 0.000
item_ammo_revolver_ttt	527.257019 2555.229980 -262.723999	0.000 0.000 0.000
item_ammo_revolver_ttt	-1325.989990 1274.189941 17.275801	0.000 0.000 0.000
item_ammo_revolver_ttt	-1341.780029 1273.969971 17.275801	0.000 0.000 0.000
item_ammo_revolver_ttt	-950.348999 -1263.959961 -190.723999	0.000 0.000 0.000
item_ammo_revolver_ttt	1255.589966 -1353.250000 1.275810	0.000 0.000 0.000
item_ammo_revolver_ttt	324.125000 1858.439941 -126.723999	0.000 0.000 0.000
item_ammo_revolver_ttt	1209.849976 1653.030029 1.275810	0.000 0.000 0.000
item_ammo_revolver_ttt	1375.140015 1653.550049 1.275810	0.000 0.000 0.000
weapon_zm_sledge	-1712.969971 -1390.719971 8.558280	0.000 0.000 0.000
weapon_zm_sledge	-1470.900024 1299.229980 20.857800	0.000 0.000 0.000
weapon_zm_sledge	-1469.500000 1318.280029 20.857800	0.000 0.000 0.000
weapon_zm_sledge	1236.790039 -1373.510010 4.857780	0.000 0.000 0.000
weapon_zm_sledge	1253.380005 -1383.579956 4.857780	0.000 0.000 0.000
weapon_zm_sledge	1213.339966 149.268005 -259.141998	0.000 0.000 0.000
weapon_zm_sledge	1213.989990 125.473999 -259.141998	0.000 0.000 0.000
weapon_zm_sledge	-920.250000 -1301.060059 -187.141998	0.000 0.000 0.000
weapon_zm_sledge	524.916992 2492.479980 -259.141998	0.000 0.000 0.000
weapon_zm_sledge	528.135010 2508.030029 -259.141998	0.000 0.000 0.000
weapon_zm_revolver	-1499.680054 93.516701 178.998001	0.000 0.000 0.000
weapon_zm_revolver	-1353.949951 1291.900024 18.997900	0.000 0.000 0.000
weapon_zm_revolver	-1332.479980 1289.930054 18.997900	0.000 0.000 0.000
weapon_zm_revolver	1274.199951 -1354.500000 2.997950	0.000 0.000 0.000
weapon_zm_revolver	1275.520020 -1365.209961 2.997950	0.000 0.000 0.000
weapon_zm_revolver	973.359009 -220.645004 -261.002014	0.000 0.000 0.000
weapon_zm_revolver	971.322021 -198.709000 -261.002014	0.000 0.000 0.000
weapon_zm_revolver	-941.145020 -1276.410034 -189.001999	0.000 0.000 0.000
weapon_zm_revolver	-915.848022 -1278.119995 -189.001999	0.000 0.000 0.000
weapon_zm_revolver	537.580994 2540.270020 -261.002014	0.000 0.000 0.000
weapon_zm_revolver	529.947021 2570.209961 -261.002014	0.000 0.000 0.000
weapon_zm_revolver	341.412994 1847.290039 -125.001999	0.000 0.000 0.000
weapon_zm_revolver	362.565002 1845.040039 -125.001999	0.000 0.000 0.000
weapon_zm_revolver	1246.430054 1656.199951 2.997950	0.000 0.000 0.000
weapon_zm_revolver	1323.469971 1652.199951 2.997950	0.000 0.000 0.000
