# Trouble in Terrorist Town weapon/ammo placement overrides
# For map: ttt_woodshop
# Exported by: <^ S.￦AT? GoGoNaL ^>
setting:	replacespawns 1
ttt_random_weapon	-797.119019 -1871.859985 -245.626999	0.000 0.000 0.000
ttt_random_weapon	-792.304993 -1892.349976 -245.626999	0.000 0.000 0.000
ttt_random_weapon	-110.066002 1373.199951 -998.627014	0.000 0.000 0.000
ttt_random_weapon	-105.251999 1352.709961 -998.627014	0.000 0.000 0.000
ttt_random_weapon	-2948.820068 825.666016 -375.588989	0.000 0.000 0.000
ttt_random_weapon	-2944.010010 805.174988 -375.588989	0.000 0.000 0.000
ttt_random_weapon	-2852.770020 715.341980 -1030.630005	0.000 0.000 0.000
ttt_random_weapon	-2847.959961 694.851990 -1030.630005	0.000 0.000 0.000
ttt_random_weapon	-2484.219971 1282.569946 -1242.739990	0.000 0.000 0.000
ttt_random_weapon	-2479.409912 1262.079956 -1242.739990	0.000 0.000 0.000
ttt_random_weapon	2474.159912 -530.817017 -1098.140015	0.000 0.000 0.000
ttt_random_weapon	2478.979980 -551.307007 -1098.140015	0.000 0.000 0.000
ttt_random_weapon	-1153.329956 -2087.419922 -1734.630005	0.000 0.000 0.000
ttt_random_weapon	-1148.520020 -2107.909912 -1734.630005	0.000 0.000 0.000
ttt_random_weapon	-2949.020020 -2524.709961 -1110.630005	0.000 0.000 0.000
ttt_random_weapon	-2944.209961 -2545.199951 -1110.630005	0.000 0.000 0.000
ttt_random_weapon	-2550.199951 -1357.719971 -294.627014	0.000 0.000 0.000
ttt_random_weapon	-2545.389893 -1378.209961 -294.627014	0.000 0.000 0.000
ttt_random_weapon	-1423.260010 1244.459961 -223.197006	0.000 0.000 0.000
ttt_random_weapon	-1418.439941 1223.969971 -223.197006	0.000 0.000 0.000
ttt_random_weapon	-865.380981 566.768005 -1735.359985	0.000 0.000 0.000
ttt_random_weapon	-860.567993 546.278015 -1735.359985	0.000 0.000 0.000
ttt_random_weapon	-1999.739990 -827.241028 -1750.630005	0.000 0.000 0.000
ttt_random_weapon	-1994.920044 -847.731018 -1750.630005	0.000 0.000 0.000
ttt_random_weapon	1971.660034 -127.081001 -1750.630005	0.000 0.000 0.000
ttt_random_weapon	1976.469971 -147.570999 -1750.630005	0.000 0.000 0.000
ttt_random_weapon	1256.630005 -2128.560059 -1244.650024	0.000 0.000 0.000
ttt_random_weapon	1261.449951 -2149.050049 -1244.650024	0.000 0.000 0.000
ttt_random_weapon	416.127014 1248.880005 -1750.630005	0.000 0.000 0.000
ttt_random_weapon	420.940002 1228.390015 -1750.630005	0.000 0.000 0.000
ttt_random_weapon	-1333.489990 1141.319946 -540.757019	0.000 0.000 0.000
ttt_random_weapon	-1328.680054 1120.829956 -540.757019	0.000 0.000 0.000
ttt_random_weapon	-2493.600098 -832.943970 -1030.630005	0.000 0.000 0.000
ttt_random_weapon	-2488.780029 -853.434021 -1030.630005	0.000 0.000 0.000
ttt_random_weapon	-951.716980 -2034.449951 -921.892029	0.000 0.000 0.000
ttt_random_weapon	-946.903992 -2054.939941 -921.892029	0.000 0.000 0.000
ttt_random_weapon	540.513000 -1703.329956 -1025.160034	0.000 0.000 0.000
ttt_random_weapon	545.325989 -1723.819946 -1025.160034	0.000 0.000 0.000
ttt_random_weapon	120.363998 -1369.170044 -1750.630005	0.000 0.000 0.000
ttt_random_weapon	125.178001 -1389.660034 -1750.630005	0.000 0.000 0.000
ttt_random_weapon	-2274.169922 -515.038025 -1750.630005	0.000 0.000 0.000
ttt_random_weapon	-2269.350098 -535.528015 -1750.630005	0.000 0.000 0.000
ttt_random_weapon	354.405518 1070.557495 -1006.774536	1.587 5.900 -93.257
ttt_random_weapon	301.934845 1068.667847 -1006.765381	1.480 5.889 -93.502
ttt_random_weapon	256.146118 1063.165771 -1006.774170	1.583 5.901 -93.266
ttt_random_weapon	-382.707825 1070.955933 -1006.771362	1.548 5.899 -93.346
ttt_random_weapon	-378.843658 1059.902710 -1006.768066	1.510 5.894 -93.434
ttt_random_weapon	-1456.607910 1066.424927 -899.885376	1.523 5.898 -93.403
ttt_random_weapon	-1472.928467 1047.444824 -899.881897	1.485 5.891 -93.491
ttt_random_weapon	-1466.598267 1031.550781 -899.884155	1.509 5.895 -93.435
ttt_random_weapon	-2531.001465 1240.560059 -899.879517	1.459 5.886 -93.550
ttt_random_weapon	-2522.561035 1155.002197 -899.889099	1.569 5.901 -93.299
ttt_random_weapon	-2517.684814 1066.851685 -899.890320	1.584 5.900 -93.265
ttt_random_weapon	-2510.078857 1036.732666 -899.883728	1.504 5.895 -93.447
ttt_random_weapon	-2305.007813 -1407.326416 -854.797241	1.842 4.208 -92.672
ttt_random_weapon	-2291.601807 -1451.438232 -854.796570	1.835 4.207 -92.690
ttt_random_weapon	-2284.376709 -1501.489380 -854.770691	1.541 4.167 -93.362
ttt_random_weapon	-2299.031006 -1703.985474 -854.791992	1.784 4.200 -92.805
ttt_random_weapon	-2293.964355 -1669.360840 -854.783203	1.682 4.186 -93.039
ttt_random_weapon	-2292.576904 -1636.951050 -854.770203	1.535 4.166 -93.377
ttt_random_weapon	-2531.775879 -2413.403564 -1118.802490	1.744 4.269 -93.412
ttt_random_weapon	-2527.065674 -2373.359131 -1118.786499	1.614 4.272 -93.547
ttt_random_weapon	-2529.615967 -2329.637207 -1118.797363	1.703 4.270 -93.455
ttt_random_weapon	-1965.749512 -2209.998047 -1294.805542	1.770 4.266 -93.386
ttt_random_weapon	-1910.187256 -2193.351318 -1294.777100	1.533 4.255 -93.677
ttt_random_weapon	-1856.959229 -2167.243896 -1294.799072	1.718 4.245 -93.527
ttt_random_weapon	-660.504456 -134.759949 -1758.792725	1.668 4.247 -93.570
ttt_random_weapon	-698.516907 -140.028671 -1758.782715	1.584 4.251 -93.636
ttt_random_weapon	-680.583313 -166.823898 -1758.785278	1.429 4.443 -93.536
ttt_random_weapon	736.621887 -1368.307129 -1758.796997	1.700 4.246 -93.543
ttt_random_weapon	721.827026 -1285.671875 -1758.791260	1.653 4.250 -93.581
ttt_random_weapon	715.759338 -1221.516479 -1758.776611	1.529 4.250 -93.683
ttt_random_weapon	1646.386963 -1858.981323 -1758.802734	1.747 4.239 -93.505
ttt_random_weapon	1666.623779 -1806.494263 -1758.764282	1.415 3.864 -93.843
ttt_random_weapon	1583.387573 -1877.730347 -1758.781250	1.507 4.323 -93.536
ttt_random_weapon	1634.996094 -1747.287598 -1758.783813	1.592 4.252 -93.630
ttt_random_weapon	1602.345703 -1787.993286 -1758.775757	1.494 4.227 -94.056
ttt_random_weapon	1576.230835 -1745.648926 -1758.808350	1.660 4.300 -93.261
ttt_random_weapon	1574.109009 -1809.874268 -1758.817749	1.714 4.300 -93.167
ttt_random_weapon	651.155151 -1886.308960 -1758.801147	1.735 4.243 -93.515
ttt_random_weapon	685.241211 -1873.180786 -1758.772461	1.499 4.252 -93.705
ttt_random_weapon	712.246033 -1841.295532 -1758.783813	1.592 4.252 -93.630
ttt_random_weapon	525.708740 -1514.483887 -1033.281982	1.332 4.001 -93.841
ttt_random_weapon	522.449768 -1474.261108 -1033.281982	1.332 3.994 -93.841
ttt_random_weapon	515.374939 -1441.967041 -1033.281982	1.332 4.016 -93.841
ttt_random_weapon	2514.933594 -1068.561890 -1054.761230	1.438 5.879 -93.599
ttt_random_weapon	2449.563232 -1061.086548 -1054.768799	1.518 5.897 -93.416
ttt_random_weapon	2391.921875 -1067.113281 -1054.773682	1.576 5.902 -93.284
ttt_random_weapon	2913.790771 335.167419 -1758.787476	1.621 4.249 -93.607
ttt_random_weapon	2923.841797 288.472137 -1758.807129	1.785 4.231 -93.478
ttt_random_weapon	2939.051025 240.987595 -1758.775757	1.523 4.251 -93.687
ttt_random_weapon	2920.354980 194.869858 -1758.798950	1.715 4.241 -93.534
ttt_random_weapon	2380.493408 1050.921875 -1466.765137	1.469 5.868 -93.527
ttt_random_weapon	2406.309814 1033.916138 -1466.774414	1.586 5.886 -93.259
ttt_random_weapon	2401.137451 996.387451 -1466.762573	1.380 5.851 -93.778
ttt_random_weapon	1361.730957 725.062134 -1054.768799	1.518 5.897 -93.416
ttt_random_weapon	1377.532715 741.786072 -1054.760986	1.435 5.879 -93.605
ttt_random_weapon	1385.949829 763.092957 -1054.771362	1.548 5.900 -93.347
ttt_random_weapon	1931.432251 -76.508026 -1054.773804	1.578 5.903 -93.277
ttt_random_weapon	1905.414673 -38.649204 -1054.771118	1.545 5.901 -93.355
ttt_random_weapon	1939.164673 13.893435 -1054.772461	1.561 5.903 -93.318
ttt_random_weapon	-2282.756104 659.817444 -913.239441	1.217 -15.103 94.704
ttt_random_weapon	-2153.532471 616.408203 -921.780823	1.010 -13.824 95.137
ttt_random_weapon	-2064.679443 542.320313 -935.801270	0.895 -12.941 94.795
ttt_random_weapon	-2550.100586 1013.978760 -548.894043	1.469 5.850 -93.528
ttt_random_weapon	-2515.298584 1015.169434 -548.901001	1.548 5.863 -93.347
ttt_random_weapon	-2441.636230 1009.679138 -548.898193	1.515 5.858 -93.422
ttt_random_weapon	-2475.495361 1008.430725 -548.897217	1.504 5.856 -93.447
ttt_random_weapon	-2352.373535 1003.124573 -548.901001	1.548 5.863 -93.347
ttt_random_weapon	-2240.827393 990.636780 -548.887756	1.334 6.268 -93.764
ttt_random_weapon	-2183.683350 996.424072 -548.897705	1.509 5.858 -93.435
ttt_random_weapon	-2304.367432 1002.239197 -548.894409	1.473 5.850 -93.517
ttt_random_weapon	-1761.712402 1039.871338 -548.904297	1.584 5.762 -93.263
ttt_random_weapon	-1687.062500 1035.900391 -548.897705	1.509 5.858 -93.435
ttt_random_weapon	-1588.594604 1028.078125 -548.895081	1.480 5.850 -93.502
ttt_random_weapon	-1506.208008 1023.726563 -548.900452	1.541 5.863 -93.361
ttt_random_weapon	-1408.095947 1014.530762 -548.894104	1.469 5.848 -93.527
ttt_random_weapon	-1519.679077 1239.317261 -231.328232	1.403 5.870 -93.678
ttt_random_weapon	-1506.912231 1201.281128 -231.343369	1.575 5.903 -93.285
ttt_random_weapon	-1501.762085 1158.057007 -231.339798	1.534 5.900 -93.378
ttt_random_weapon	-2363.945801 991.675781 -231.343033	1.571 5.903 -93.294
ttt_random_weapon	-2338.654785 986.094421 -231.334229	1.471 5.889 -93.523
ttt_random_weapon	-2271.218018 981.102295 -231.341965	1.212 5.509 -93.719
ttt_random_weapon	-2302.061768 979.492004 -231.366501	1.522 3.185 -93.257
ttt_random_weapon	-364.013855 1053.277588 -1006.789490	1.610 5.557 -93.246
ttt_random_weapon	-362.334717 1026.606567 -1006.760193	1.333 5.880 -93.739
ttt_random_weapon	-2475.542480 -152.525589 -1038.773193	1.570 5.896 -93.297
ttt_random_weapon	-2479.330322 -111.594681 -1038.763306	1.458 5.878 -93.553
ttt_random_weapon	-2485.134521 -6.964565 -1038.771606	1.550 5.894 -93.341
ttt_random_weapon	-2468.579346 22.213121 -1038.769653	1.529 5.891 -93.391
ttt_random_weapon	-2735.019043 -1678.977173 -302.751953	1.332 3.975 -93.841
ttt_random_weapon	-2714.251709 -1611.730469 -302.751953	1.332 3.988 -93.841
ttt_random_weapon	-2715.996826 -1594.243408 -302.751953	1.332 3.981 -93.841
ttt_random_weapon	-2643.810547 -1618.103638 -302.753265	1.289 4.007 -94.158
ttt_random_weapon	-2642.688721 -1656.574341 -302.751953	1.332 3.968 -93.841
ttt_random_weapon	-2656.608643 -1683.827637 -302.764740	1.085 4.003 -94.015
ttt_random_weapon	-2547.185791 1358.284546 -231.334641	1.475 5.734 -93.512
ttt_random_weapon	-2500.524414 1356.415039 -231.339508	1.531 5.893 -93.386
ttt_random_weapon	-2463.402100 1362.941772 -231.331467	1.436 4.650 -93.616
ttt_random_weapon	-2559.447510 1322.079468 -231.339188	1.527 5.894 -93.393
ttt_random_weapon	-2515.011230 1325.102539 -231.339508	1.531 5.893 -93.386
ttt_random_weapon	-2475.811279 1329.767334 -231.329666	1.418 5.868 -93.643
ttt_random_weapon	-1594.688721 1268.402466 -899.890381	1.585 5.897 -93.262
ttt_random_weapon	-1537.499268 1251.229980 -899.886108	1.532 5.899 -93.382
ttt_random_weapon	-1505.780029 1234.364136 -899.885376	1.523 5.898 -93.403
ttt_random_weapon	-1198.461548 1376.686768 -899.874390	1.434 5.881 -94.012
ttt_random_weapon	-1197.867554 1326.040283 -899.886719	1.539 5.895 -93.366
ttt_random_weapon	-1180.276001 1304.099487 -899.883484	1.502 5.891 -93.451
ttt_random_weapon	-1149.708008 1291.861450 -899.886963	1.542 5.897 -93.359
ttt_random_weapon	-2504.370605 -107.059601 -1467.710815	1.547 5.898 -93.349
ttt_random_weapon	-2504.288818 -23.430105 -1467.709595	1.534 5.897 -93.379
ttt_random_weapon	-2494.223877 -1.321709 -1467.707153	1.505 5.891 -93.445
ttt_random_weapon	-2496.281982 23.727610 -1467.703979	1.454 5.879 -93.561
ttt_random_weapon	-2468.272949 -54.131432 -1467.695068	1.240 3.833 -94.524
ttt_random_weapon	-1565.823120 458.196106 -1758.768555	1.521 7.216 -93.408
ttt_random_weapon	-1543.346680 454.478424 -1758.768433	1.521 8.511 -93.409
ttt_random_weapon	-1519.671753 451.233398 -1758.753906	1.990 8.149 -89.767
ttt_random_weapon	-1503.011963 448.230194 -1757.466675	6.217 3.476 -85.132
ttt_random_weapon	-1483.970459 445.071777 -1757.524292	5.774 2.198 -83.515
ttt_random_weapon	-699.407654 -1647.450806 -1758.808105	1.794 4.232 -93.467
ttt_random_weapon	-668.006042 -1613.168945 -1758.800415	1.729 4.243 -93.520
ttt_random_weapon	-635.105042 -1572.834106 -1758.804077	1.760 4.238 -93.494
ttt_random_weapon	-605.293884 -1513.719604 -1758.802490	1.747 4.242 -93.502
ttt_random_weapon	1152.538940 386.313934 -1758.781616	1.575 4.250 -93.646
ttt_random_weapon	1190.951172 312.686920 -1758.806396	1.780 4.232 -93.478
ttt_random_weapon	1221.445801 243.338608 -1758.787964	1.625 4.250 -93.603
ttt_random_weapon	1254.126465 156.420456 -1758.789673	1.639 4.249 -93.593
ttt_random_weapon	1285.403564 771.962097 -1758.800293	1.727 4.241 -93.524
ttt_random_weapon	1310.157959 822.354187 -1758.787354	1.620 4.249 -93.610
ttt_random_weapon	1297.113770 871.971680 -1758.793945	1.677 4.246 -93.564
ttt_random_weapon	1072.106934 641.634888 -1758.800415	1.727 4.240 -93.524
ttt_random_weapon	1004.508667 590.812500 -1758.795532	1.687 4.244 -93.556
ttt_random_weapon	933.018494 524.721558 -1758.790527	1.647 4.248 -93.588
ttt_random_weapon	817.194153 437.330841 -1758.773438	1.505 4.271 -93.700
ttt_random_weapon	797.507629 374.365997 -1758.783203	1.587 4.250 -93.637
ttt_random_weapon	-129.958679 -515.735291 -1758.775757	1.604 5.688 -93.217
ttt_random_weapon	-126.324348 -508.054047 -1758.751709	1.332 8.556 -93.840
ttt_random_weapon	-56.058796 -439.602173 -1758.780640	1.505 4.324 -93.542
ttt_random_weapon	-2222.342529 1089.411743 -1635.295288	1.597 5.898 -93.234
ttt_random_weapon	-2185.947998 1097.073242 -1635.290405	1.542 5.896 -93.360
ttt_random_weapon	-2359.443115 1077.226929 -1635.289551	1.532 5.895 -93.382
ttt_random_weapon	-2278.891846 1092.893555 -1635.281616	1.411 5.867 -93.659
ttt_random_weapon	-1638.043091 1063.563965 -1635.290161	1.539 5.896 -93.367
ttt_random_weapon	-1564.175781 1086.405029 -1635.292236	1.563 5.898 -93.313
ttt_random_weapon	-1502.261475 1102.495728 -1635.289429	1.529 5.894 -93.390
ttt_random_weapon	-1435.387817 1115.718140 -1635.291992	1.559 5.897 -93.321
ttt_random_weapon	-1350.788208 1106.286499 -1635.284180	1.453 5.879 -93.564
ttt_random_weapon	-263.934906 43.829117 -1758.793335	1.672 4.247 -93.568
ttt_random_weapon	-113.317085 100.818420 -1758.798950	1.715 4.241 -93.534
ttt_random_weapon	-9.210242 108.858376 -1758.767822	1.434 4.260 -93.715
ttt_random_weapon	52.602791 131.292816 -1758.788452	1.628 4.249 -93.603
ttt_random_weapon	1073.654419 1316.633789 -1758.777100	1.536 4.252 -93.675
ttt_random_weapon	998.122925 1278.807739 -1758.800415	1.729 4.243 -93.520
ttt_random_weapon	920.556946 1216.232178 -1758.801758	1.739 4.242 -93.514
ttt_random_weapon	843.378662 1178.050537 -1758.799683	1.721 4.241 -93.529
ttt_random_weapon	2132.547852 1013.715393 -1758.791138	1.652 4.248 -93.584
ttt_random_weapon	2217.059570 955.690430 -1758.785889	1.607 4.250 -93.620
ttt_random_weapon	2302.256592 902.898010 -1758.800781	1.630 4.327 -93.326
ttt_random_weapon	2447.908936 852.823425 -1758.801025	1.733 4.241 -93.519
weapon_ttt_confgrenade	-2029.276123 -2343.559326 -1293.844116	-36.672 -55.807 -91.439
weapon_ttt_confgrenade	-1937.304565 -2318.953613 -1293.775635	-37.742 -54.651 -93.173
weapon_ttt_confgrenade	-1923.534546 -2306.596436 -1293.890747	-35.961 -56.540 -90.329
weapon_ttt_confgrenade	-1958.550903 -2304.438965 -1293.851318	-36.561 -55.925 -91.263
weapon_ttt_confgrenade	-1991.529419 -2310.826416 -1293.525391	15.285 -25.662 -96.789
weapon_ttt_confgrenade	-2005.280518 -2309.369873 -1293.895020	-35.894 -56.584 -90.231
weapon_ttt_confgrenade	-1956.127319 -2272.430420 -1293.915527	-35.583 -56.895 -89.750
weapon_ttt_confgrenade	-2785.502441 -2501.511719 -1117.826660	-36.937 -55.539 -91.859
weapon_ttt_confgrenade	-2706.283936 -2510.705566 -1117.875610	-36.188 -56.311 -90.683
weapon_ttt_confgrenade	-2733.879150 -2450.584229 -1117.817017	-37.085 -59.111 -92.098
weapon_ttt_confgrenade	-2694.819824 -2395.152344 -1117.828613	-36.906 -55.581 -91.810
weapon_ttt_confgrenade	-2339.045654 -1582.946899 -853.871704	-36.247 -49.378 -90.774
weapon_ttt_confgrenade	-2300.856689 -1563.866211 -853.878662	-36.139 -49.470 -90.607
weapon_ttt_confgrenade	-2259.516602 -1580.742676 -853.878784	-36.138 -49.470 -90.606
weapon_ttt_confgrenade	-2251.202637 -1472.643311 -853.852417	-36.539 -49.117 -91.230
weapon_ttt_confgrenade	-2291.708740 -1418.673340 -853.848511	-36.599 -49.058 -91.323
weapon_ttt_confgrenade	-2339.722900 -1492.390259 -853.844604	-36.656 -49.000 -91.414
weapon_ttt_confgrenade	-1578.440674 1204.770264 -898.938599	14.526 -27.187 -90.840
weapon_ttt_confgrenade	-1577.988159 1200.043213 -898.776794	29.324 -44.400 -91.205
weapon_ttt_confgrenade	-1468.885742 1086.011230 -900.274597	20.909 -8.475 -42.601
weapon_ttt_confgrenade	-1464.998169 1081.981567 -897.816040	10.950 150.664 111.064
weapon_ttt_confgrenade	-2502.706055 1108.348999 -898.855408	9.391 -68.110 -93.410
weapon_ttt_confgrenade	-2499.315674 1122.326538 -898.750183	40.609 -11.450 -91.249
weapon_ttt_confgrenade	-2285.746582 727.612122 -899.265015	5.308 15.724 119.239
weapon_ttt_confgrenade	-2237.359131 694.091553 -905.612061	7.315 15.935 119.359
weapon_ttt_confgrenade	-2093.510010 605.931091 -922.467896	6.394 15.847 119.301
weapon_ttt_confgrenade	-2027.893799 591.760681 -925.336060	7.173 15.665 119.360
weapon_ttt_confgrenade	-133.476807 994.527344 -1005.594910	12.462 -86.784 95.086
weapon_ttt_confgrenade	-300.032654 1084.334229 -1005.864258	14.936 -26.041 -90.069
weapon_ttt_confgrenade	-408.968964 1039.250610 -1005.703918	9.547 -128.045 93.417
weapon_ttt_confgrenade	121.634987 1095.602051 -1007.413879	19.119 2.736 -22.940
weapon_ttt_confgrenade	-2437.175049 -31.935709 -1037.612427	8.813 12.105 95.111
weapon_ttt_confgrenade	-2515.061523 -89.269524 -1037.909424	15.486 -25.886 -89.215
weapon_ttt_confgrenade	-2515.019775 1301.136963 -230.356018	14.557 21.655 -91.429
weapon_ttt_confgrenade	-2320.600586 1029.422852 -230.378937	14.331 -26.254 -91.103
weapon_ttt_confgrenade	-2525.653076 1068.648071 -547.968140	14.590 -26.150 -90.570
weapon_ttt_confgrenade	-2254.066406 1049.704102 -548.038696	15.441 -25.885 -89.236
weapon_ttt_confgrenade	-1483.215576 1013.611694 -547.942505	14.381 -26.245 -91.034
weapon_ttt_confgrenade	-1632.452393 1028.100098 -548.037903	15.447 -25.884 -89.247
weapon_ttt_confgrenade	2447.161865 -1038.911743 -1053.929321	15.643 -25.811 -88.855
weapon_ttt_confgrenade	2357.332520 -1088.777710 -1053.389526	13.692 -13.601 -101.190
weapon_ttt_confgrenade	2448.228271 -1090.969360 -1053.937378	15.728 -25.775 -88.708
weapon_ttt_smokegrenade	-1706.335327 -1284.978271 -1759.840454	-2.581 -1.238 -1.413
weapon_ttt_smokegrenade	-1656.139282 -1302.330688 -1759.836426	-2.430 -1.323 -1.330
weapon_ttt_smokegrenade	-1627.404663 -1317.467285 -1759.808228	-1.393 -1.488 -0.762
weapon_ttt_smokegrenade	-1602.280884 -1331.332520 -1759.832397	-2.288 -1.366 -1.252
weapon_ttt_smokegrenade	-1575.615723 -1345.317627 -1759.825317	-2.028 -1.422 -1.110
weapon_ttt_smokegrenade	-1559.103638 -1368.418823 -1759.789673	-0.710 -1.511 -0.389
weapon_ttt_smokegrenade	-1538.514404 -1385.897339 -1759.824707	-1.995 -1.430 -1.097
weapon_ttt_smokegrenade	-1522.804443 -1400.402588 -1759.839355	-2.542 -1.297 -1.391
weapon_ttt_smokegrenade	-1513.176270 -1434.720459 -1759.836548	-2.426 -1.323 -1.337
weapon_ttt_smokegrenade	239.799301 1067.647583 -1006.305359	18.947 44.535 -90.599
weapon_ttt_smokegrenade	-118.435577 1111.880981 -1007.872314	-1.023 -1.553 -1.559
weapon_ttt_smokegrenade	-354.626282 1047.710083 -1005.784058	1.289 99.476 90.676
weapon_ttt_smokegrenade	-2490.091309 -30.173857 -1039.859375	-0.894 -1.607 -1.362
weapon_ttt_smokegrenade	-2486.145508 -86.934387 -1039.858154	-0.881 -1.638 -1.341
ttt_playerspawn	-2238.581543 819.703674 -875.438416	-0.073 2.647 10.658
ttt_playerspawn	-1847.341675 523.736145 -933.501038	-0.002 0.189 10.585
ttt_playerspawn	-2516.871094 175.795990 -1028.693848	-0.044 -0.737 0.045
ttt_playerspawn	-2478.973877 -334.708801 -1024.214966	-0.025 -1.124 0.025
ttt_playerspawn	-2445.363525 -728.762878 -1026.115234	-0.035 -1.347 0.035
ttt_playerspawn	-2348.852783 -1096.036255 -842.099915	-0.066 1.548 0.066
ttt_playerspawn	-2749.312988 -373.121033 -1023.090454	-0.038 0.645 0.039
ttt_playerspawn	-2833.427002 605.125854 -1039.508911	-0.044 -0.000 0.044
ttt_playerspawn	-2160.225830 1132.339478 -525.488586	-0.045 0.433 0.045
ttt_playerspawn	-2646.875977 1136.564697 -526.429260	-0.030 0.386 0.031
ttt_playerspawn	-1632.634888 1085.311523 -534.021301	-0.046 -0.246 0.046
ttt_playerspawn	-1742.161865 1145.812988 -533.263123	-0.031 -2.370 0.031
ttt_playerspawn	-1716.062744 1080.604858 -221.048660	-0.039 -0.526 0.039
ttt_playerspawn	-2419.345703 1041.335815 -220.653488	0.001 0.038 0.123
ttt_playerspawn	1068.802246 -1045.703857 -1696.100830	-0.042 0.743 0.040
ttt_playerspawn	743.480957 15.262777 -1701.424072	-0.078 -1.534 0.078
ttt_playerspawn	648.829773 -384.890411 -1713.680542	-0.072 0.221 0.072
ttt_playerspawn	-2536.616943 -1104.407104 -284.044952	-0.043 0.177 0.042
ttt_playerspawn	-2648.631104 -1443.467651 -288.325287	-0.080 -0.385 0.080
ttt_playerspawn	-2742.940674 -2330.773926 -1088.638916	-0.086 0.999 0.085
ttt_playerspawn	-2137.948242 -2221.093506 -1273.836426	0.168 0.057 -0.033
ttt_playerspawn	-1198.459839 -2213.363037 -1395.351563	-0.045 -0.178 0.222
ttt_playerspawn	2339.444336 1100.646606 -1453.022827	0.090 -0.390 -0.090
ttt_playerspawn	2726.614014 -243.595871 -1076.173828	-0.035 2.187 0.036
ttt_playerspawn	1610.346191 -1616.394043 -1727.607910	-0.091 1.493 0.091
ttt_playerspawn	853.936890 -2078.921631 -1738.816650	-0.061 0.364 0.060
ttt_playerspawn	-866.607971 -1911.615601 -911.025085	-0.088 -0.940 -0.088
ttt_playerspawn	-81.426857 1068.754761 -989.390381	-0.032 0.524 0.032
ttt_playerspawn	-527.079224 1018.254211 -991.873474	-0.001 -0.044 -0.135
ttt_playerspawn	-2779.013672 768.314758 -367.884277	-0.136 -0.285 -0.004
ttt_playerspawn	785.175720 -1679.108521 -1011.082642	-0.075 0.729 0.076
ttt_playerspawn	2384.780029 -1009.610474 -996.183105	-0.064 34.555 0.063
weapon_zm_molotov	-2305.779053 -1444.915527 -854.516174	18.881 43.992 -89.367
weapon_zm_molotov	-2301.416260 -1485.608765 -855.837402	-1.437 -1.478 -1.462
weapon_zm_molotov	-2339.750244 -1678.891479 -855.841553	-1.526 -1.456 -1.553
weapon_zm_molotov	-2269.718506 -1703.003174 -855.849426	-1.695 -1.374 -1.725
weapon_zm_molotov	-2578.371826 -2460.377441 -1119.837402	-2.464 -1.326 -1.347
weapon_zm_molotov	-2507.919678 -2292.309814 -1119.843872	-2.697 -1.247 -1.475
weapon_zm_molotov	-1937.263550 -2214.658936 -1295.848511	-2.870 -1.204 -1.570
weapon_zm_molotov	-1978.255005 -2127.367432 -1295.837524	-2.472 -1.324 -1.349
weapon_zm_molotov	-2040.214844 -2315.266113 -1295.840698	-2.584 -1.237 -1.412
weapon_zm_molotov	-656.051941 -213.277252 -1759.839355	-2.543 -1.297 -1.392
weapon_zm_molotov	-150.844635 69.005905 -1759.830688	-2.219 -1.361 -1.216
weapon_zm_molotov	-4.279799 103.583946 -1757.977905	21.917 -109.723 89.852
weapon_zm_molotov	-757.946655 -123.875801 -1759.810547	-1.478 -1.483 -0.810
weapon_zm_molotov	-2462.649170 9.412912 -1466.778442	-67.336 73.938 -92.195
weapon_zm_molotov	-2475.567139 554.444031 -1468.778931	-0.697 -1.711 -1.051
weapon_zm_molotov	-2248.221191 1023.719055 -1757.955933	23.631 -103.320 89.871
weapon_zm_molotov	-2178.316895 1121.502197 -1636.380493	-0.901 -1.606 -1.384
weapon_zm_molotov	-2419.586670 1144.198730 -1250.385010	-50.491 -63.363 -86.492
weapon_zm_molotov	-2418.455811 1135.485229 -1250.321533	-47.505 47.956 -87.626
weapon_zm_molotov	-1460.075195 1095.053589 -899.301147	-32.685 -65.438 -89.934
weapon_zm_molotov	-1460.843384 1088.572266 -899.438660	20.135 59.299 -90.120
weapon_zm_molotov	-1569.369141 1194.841187 -899.460693	-49.994 -61.262 -86.044
weapon_zm_molotov	-1569.675903 1187.072998 -899.219910	-28.139 54.534 -90.865
weapon_zm_molotov	12.784420 983.165039 -1007.846924	-0.770 -1.675 -1.171
weapon_zm_molotov	-357.046143 1067.949097 -1007.863464	-0.935 -1.616 -1.424
weapon_zm_molotov	-27.733255 1179.109375 -1007.854126	-0.842 -1.650 -1.282
weapon_zm_molotov	212.925446 1058.867065 -1006.248657	-51.111 36.688 -86.735
weapon_zm_molotov	-2828.984619 745.505493 -1039.853027	-0.831 -1.650 -1.262
weapon_zm_molotov	1398.947388 825.260254 -1055.869263	-0.993 -1.578 -1.512
ttt_random_ammo	-760.309998 -1871.849976 -254.998993	0.000 0.000 0.000
ttt_random_ammo	-731.286987 -1871.650024 -254.998993	0.000 0.000 0.000
ttt_random_ammo	-733.025024 -1896.479980 -254.998993	0.000 0.000 0.000
ttt_random_ammo	-759.648010 -1897.439941 -254.998993	0.000 0.000 0.000
ttt_random_ammo	-733.424988 -1848.849976 -254.998993	0.000 0.000 0.000
ttt_random_ammo	-758.179016 -1849.449951 -254.998993	0.000 0.000 0.000
ttt_random_ammo	-72.595299 1347.619995 -1008.000000	0.000 0.000 0.000
ttt_random_ammo	-45.972401 1348.579956 -1008.000000	0.000 0.000 0.000
ttt_random_ammo	-44.233898 1373.410034 -1008.000000	0.000 0.000 0.000
ttt_random_ammo	-73.257103 1373.199951 -1008.000000	0.000 0.000 0.000
ttt_random_ammo	-71.126503 1395.609985 -1008.000000	0.000 0.000 0.000
ttt_random_ammo	-46.371799 1396.209961 -1008.000000	0.000 0.000 0.000
ttt_random_ammo	-2911.350098 800.085999 -384.960999	0.000 0.000 0.000
ttt_random_ammo	-2884.729980 801.049011 -384.960999	0.000 0.000 0.000
ttt_random_ammo	-2882.989990 825.875977 -384.960999	0.000 0.000 0.000
ttt_random_ammo	-2912.010010 825.671021 -384.960999	0.000 0.000 0.000
ttt_random_ammo	-2909.879883 848.075012 -384.960999	0.000 0.000 0.000
ttt_random_ammo	-2885.129883 848.677002 -384.960999	0.000 0.000 0.000
ttt_random_ammo	-2815.300049 689.763000 -1040.000000	0.000 0.000 0.000
ttt_random_ammo	-2788.679932 690.724976 -1040.000000	0.000 0.000 0.000
ttt_random_ammo	-2786.939941 715.552002 -1040.000000	0.000 0.000 0.000
ttt_random_ammo	-2815.969971 715.348022 -1040.000000	0.000 0.000 0.000
ttt_random_ammo	-2813.830078 737.752014 -1040.000000	0.000 0.000 0.000
ttt_random_ammo	-2789.080078 738.354004 -1040.000000	0.000 0.000 0.000
ttt_random_ammo	-2446.750000 1256.989990 -1252.109985	0.000 0.000 0.000
ttt_random_ammo	-2420.129883 1257.949951 -1252.109985	0.000 0.000 0.000
ttt_random_ammo	-2418.389893 1282.780029 -1252.109985	0.000 0.000 0.000
ttt_random_ammo	-2447.409912 1282.569946 -1252.109985	0.000 0.000 0.000
ttt_random_ammo	-2445.280029 1304.979980 -1252.109985	0.000 0.000 0.000
ttt_random_ammo	-2420.530029 1305.579956 -1252.109985	0.000 0.000 0.000
ttt_random_ammo	2511.629883 -556.395996 -1107.510010	0.000 0.000 0.000
ttt_random_ammo	2538.260010 -555.434021 -1107.510010	0.000 0.000 0.000
ttt_random_ammo	2540.000000 -530.606995 -1107.510010	0.000 0.000 0.000
ttt_random_ammo	2510.969971 -530.810974 -1107.510010	0.000 0.000 0.000
ttt_random_ammo	2513.100098 -508.407013 -1107.510010	0.000 0.000 0.000
ttt_random_ammo	2537.860107 -507.806000 -1107.510010	0.000 0.000 0.000
ttt_random_ammo	-1115.859985 -2113.000000 -1744.000000	0.000 0.000 0.000
ttt_random_ammo	-1089.239990 -2112.040039 -1744.000000	0.000 0.000 0.000
ttt_random_ammo	-1087.500000 -2087.209961 -1744.000000	0.000 0.000 0.000
ttt_random_ammo	-1116.520020 -2087.419922 -1744.000000	0.000 0.000 0.000
ttt_random_ammo	-1114.390015 -2065.010010 -1744.000000	0.000 0.000 0.000
ttt_random_ammo	-1089.640015 -2064.409912 -1744.000000	0.000 0.000 0.000
ttt_random_ammo	-2911.550049 -2550.290039 -1120.000000	0.000 0.000 0.000
ttt_random_ammo	-2884.929932 -2549.320068 -1120.000000	0.000 0.000 0.000
ttt_random_ammo	-2883.189941 -2524.500000 -1120.000000	0.000 0.000 0.000
ttt_random_ammo	-2912.219971 -2524.699951 -1120.000000	0.000 0.000 0.000
ttt_random_ammo	-2910.080078 -2502.300049 -1120.000000	0.000 0.000 0.000
ttt_random_ammo	-2885.330078 -2501.699951 -1120.000000	0.000 0.000 0.000
ttt_random_ammo	-2512.729980 -1383.290039 -303.998993	0.000 0.000 0.000
ttt_random_ammo	-2486.110107 -1382.329956 -303.998993	0.000 0.000 0.000
ttt_random_ammo	-2484.370117 -1357.510010 -303.998993	0.000 0.000 0.000
ttt_random_ammo	-2513.389893 -1357.709961 -303.998993	0.000 0.000 0.000
ttt_random_ammo	-2511.260010 -1335.310059 -303.998993	0.000 0.000 0.000
ttt_random_ammo	-2486.510010 -1334.699951 -303.998993	0.000 0.000 0.000
ttt_random_ammo	-1385.790039 1218.880005 -232.569000	0.000 0.000 0.000
ttt_random_ammo	-1359.160034 1219.839966 -232.569000	0.000 0.000 0.000
ttt_random_ammo	-1357.420044 1244.670044 -232.569000	0.000 0.000 0.000
ttt_random_ammo	-1386.449951 1244.469971 -232.569000	0.000 0.000 0.000
ttt_random_ammo	-1384.319946 1266.869995 -232.569000	0.000 0.000 0.000
ttt_random_ammo	-1359.560059 1267.469971 -232.569000	0.000 0.000 0.000
ttt_random_ammo	-827.911011 541.189026 -1744.729980	0.000 0.000 0.000
ttt_random_ammo	-801.288025 542.151001 -1744.729980	0.000 0.000 0.000
ttt_random_ammo	-799.549011 566.978027 -1744.729980	0.000 0.000 0.000
ttt_random_ammo	-828.572998 566.773987 -1744.729980	0.000 0.000 0.000
ttt_random_ammo	-826.442017 589.177002 -1744.729980	0.000 0.000 0.000
ttt_random_ammo	-801.687012 589.778992 -1744.729980	0.000 0.000 0.000
ttt_random_ammo	-1962.270020 -852.820007 -1760.000000	0.000 0.000 0.000
ttt_random_ammo	-1935.640015 -851.857971 -1760.000000	0.000 0.000 0.000
ttt_random_ammo	-1933.910034 -827.031006 -1760.000000	0.000 0.000 0.000
ttt_random_ammo	-1962.930054 -827.234985 -1760.000000	0.000 0.000 0.000
ttt_random_ammo	-1960.800049 -804.831970 -1760.000000	0.000 0.000 0.000
ttt_random_ammo	-1936.040039 -804.229980 -1760.000000	0.000 0.000 0.000
ttt_random_ammo	2009.130005 -152.660004 -1760.000000	0.000 0.000 0.000
ttt_random_ammo	2035.750000 -151.697998 -1760.000000	0.000 0.000 0.000
ttt_random_ammo	2037.489990 -126.871002 -1760.000000	0.000 0.000 0.000
ttt_random_ammo	2008.469971 -127.074997 -1760.000000	0.000 0.000 0.000
ttt_random_ammo	2010.599976 -104.671997 -1760.000000	0.000 0.000 0.000
ttt_random_ammo	2035.349976 -104.070000 -1760.000000	0.000 0.000 0.000
ttt_random_ammo	1294.099976 -2154.139893 -1254.020020	0.000 0.000 0.000
ttt_random_ammo	1320.729980 -2153.179932 -1254.020020	0.000 0.000 0.000
ttt_random_ammo	1322.469971 -2128.350098 -1254.020020	0.000 0.000 0.000
ttt_random_ammo	1293.439941 -2128.560059 -1254.020020	0.000 0.000 0.000
ttt_random_ammo	1295.569946 -2106.149902 -1254.020020	0.000 0.000 0.000
ttt_random_ammo	1320.329956 -2105.550049 -1254.020020	0.000 0.000 0.000
ttt_random_ammo	453.596985 1223.300049 -1760.000000	0.000 0.000 0.000
ttt_random_ammo	480.220001 1224.270020 -1760.000000	0.000 0.000 0.000
ttt_random_ammo	481.959015 1249.089966 -1760.000000	0.000 0.000 0.000
ttt_random_ammo	452.934998 1248.890015 -1760.000000	0.000 0.000 0.000
ttt_random_ammo	455.066010 1271.290039 -1760.000000	0.000 0.000 0.000
ttt_random_ammo	479.821014 1271.890015 -1760.000000	0.000 0.000 0.000
ttt_random_ammo	-1296.020020 1115.739990 -550.129028	0.000 0.000 0.000
ttt_random_ammo	-1269.400024 1116.699951 -550.129028	0.000 0.000 0.000
ttt_random_ammo	-1267.660034 1141.530029 -550.129028	0.000 0.000 0.000
ttt_random_ammo	-1296.689941 1141.319946 -550.129028	0.000 0.000 0.000
ttt_random_ammo	-1294.560059 1163.729980 -550.129028	0.000 0.000 0.000
ttt_random_ammo	-1269.800049 1164.329956 -550.129028	0.000 0.000 0.000
ttt_random_ammo	-2456.129883 -858.523010 -1040.000000	0.000 0.000 0.000
ttt_random_ammo	-2429.500000 -857.559998 -1040.000000	0.000 0.000 0.000
ttt_random_ammo	-2427.760010 -832.732971 -1040.000000	0.000 0.000 0.000
ttt_random_ammo	-2456.790039 -832.937988 -1040.000000	0.000 0.000 0.000
ttt_random_ammo	-2454.659912 -810.533997 -1040.000000	0.000 0.000 0.000
ttt_random_ammo	-2429.899902 -809.932007 -1040.000000	0.000 0.000 0.000
ttt_random_ammo	-914.247009 -2060.030029 -931.263977	0.000 0.000 0.000
ttt_random_ammo	-887.624023 -2059.070068 -931.263977	0.000 0.000 0.000
ttt_random_ammo	-885.885010 -2034.239990 -931.263977	0.000 0.000 0.000
ttt_random_ammo	-914.908997 -2034.449951 -931.263977	0.000 0.000 0.000
ttt_random_ammo	-912.778015 -2012.040039 -931.263977	0.000 0.000 0.000
ttt_random_ammo	-888.023010 -2011.439941 -931.263977	0.000 0.000 0.000
ttt_random_ammo	577.982971 -1728.910034 -1034.530029	0.000 0.000 0.000
ttt_random_ammo	604.606018 -1727.939941 -1034.530029	0.000 0.000 0.000
ttt_random_ammo	606.344971 -1703.119995 -1034.530029	0.000 0.000 0.000
ttt_random_ammo	577.320984 -1703.319946 -1034.530029	0.000 0.000 0.000
ttt_random_ammo	579.452026 -1680.920044 -1034.530029	0.000 0.000 0.000
ttt_random_ammo	604.206970 -1680.319946 -1034.530029	0.000 0.000 0.000
ttt_random_ammo	157.835007 -1394.739990 -1760.000000	0.000 0.000 0.000
ttt_random_ammo	184.457993 -1393.780029 -1760.000000	0.000 0.000 0.000
ttt_random_ammo	186.197006 -1368.959961 -1760.000000	0.000 0.000 0.000
ttt_random_ammo	157.173004 -1369.160034 -1760.000000	0.000 0.000 0.000
ttt_random_ammo	159.304001 -1346.760010 -1760.000000	0.000 0.000 0.000
ttt_random_ammo	184.059006 -1346.150024 -1760.000000	0.000 0.000 0.000
ttt_random_ammo	-2236.699951 -540.617004 -1760.000000	0.000 0.000 0.000
ttt_random_ammo	-2210.070068 -539.655029 -1760.000000	0.000 0.000 0.000
ttt_random_ammo	-2208.330078 -514.828003 -1760.000000	0.000 0.000 0.000
ttt_random_ammo	-2237.360107 -515.031982 -1760.000000	0.000 0.000 0.000
ttt_random_ammo	-2235.229980 -492.628998 -1760.000000	0.000 0.000 0.000
ttt_random_ammo	-2210.469971 -492.027008 -1760.000000	0.000 0.000 0.000
ttt_random_ammo	209.609482 1053.997681 -1007.621033	0.757 0.007 0.842
ttt_random_ammo	244.869171 1036.556641 -1007.624268	0.502 0.003 0.530
ttt_random_ammo	264.149750 1038.114990 -1007.527710	-0.138 2.853 -0.767
ttt_random_ammo	259.081573 1033.205566 -1007.503845	-0.782 -3.273 -1.047
ttt_random_ammo	327.889801 1041.689209 -1007.524536	-0.083 0.113 -0.610
ttt_random_ammo	290.352478 1041.446655 -1007.659546	0.081 0.000 -0.006
ttt_random_ammo	327.663300 1036.513428 -1007.553162	0.320 -4.104 -1.542
ttt_random_ammo	282.851929 1041.408569 -1007.652832	0.093 0.000 0.014
ttt_random_ammo	312.851837 1041.559937 -1007.642517	0.141 0.000 0.079
ttt_random_ammo	372.851074 1041.860596 -1007.642456	0.138 0.000 0.075
ttt_random_ammo	342.848663 1041.713379 -1007.622925	0.556 0.004 0.597
ttt_random_ammo	380.344849 1041.905762 -1007.618469	1.112 0.015 1.276
ttt_random_ammo	350.350586 1041.748291 -1007.633301	0.233 0.001 0.197
ttt_random_ammo	299.268890 1021.702271 -1007.598816	1.532 0.029 1.826
ttt_random_ammo	-420.769623 1058.577026 -1007.618652	1.315 0.020 1.523
ttt_random_ammo	-406.537872 1048.026733 -1007.636841	0.188 0.001 0.140
ttt_random_ammo	-400.292572 1043.581299 -1007.517700	1.128 -4.279 1.479
ttt_random_ammo	-405.831299 1066.288574 -1007.618652	1.120 0.015 1.287
ttt_random_ammo	-1425.749390 1056.098999 -900.777893	0.074 0.000 -0.015
ttt_random_ammo	-1437.454590 1047.787720 -900.709412	1.538 0.030 1.842
ttt_random_ammo	-1442.728394 1037.037598 -900.711975	1.526 0.030 1.820
ttt_random_ammo	-1419.526978 1036.788452 -900.756531	0.141 0.000 0.080
ttt_random_ammo	-2504.640381 1226.801880 -900.736267	0.582 -0.004 -0.631
ttt_random_ammo	-2499.227539 1166.477905 -900.756531	0.140 0.000 0.079
ttt_random_ammo	-2497.980713 1114.031860 -900.635437	-0.815 -2.198 0.981
ttt_random_ammo	-2493.345459 1072.201782 -900.766724	0.088 -0.000 -0.009
ttt_random_ammo	-2487.043945 1047.869751 -900.718140	1.652 0.028 1.973
ttt_random_ammo	-2253.036865 -1505.129517 -855.674011	0.061 -0.000 -0.041
ttt_random_ammo	-2260.156738 -1446.386230 -855.627075	0.164 0.000 0.116
ttt_random_ammo	-2276.306641 -1399.001831 -855.613037	0.558 0.004 0.605
ttt_random_ammo	-2261.460205 -1636.864990 -855.573730	1.299 0.031 1.550
ttt_random_ammo	-2254.910889 -1677.750854 -855.661682	0.062 0.000 -0.031
ttt_random_ammo	-2255.165771 -1702.176636 -855.620605	0.260 0.001 0.237
ttt_random_ammo	-2486.531250 -2338.315918 -1119.651001	0.037 0.000 -0.032
ttt_random_ammo	-2479.507324 -2374.153320 -1119.570923	-0.902 0.007 -1.131
ttt_random_ammo	-2473.589600 -2404.459473 -1119.646729	0.035 0.000 -0.032
ttt_random_ammo	-2458.977051 -2414.802246 -1119.628662	0.026 0.000 -0.033
ttt_random_ammo	-2456.318359 -2396.655029 -1119.640381	0.033 0.000 -0.031
ttt_random_ammo	-2466.467041 -2369.586670 -1119.525757	-1.265 0.030 -1.586
ttt_random_ammo	-2461.740967 -2355.232178 -1119.655518	0.038 0.000 -0.033
ttt_random_ammo	-2469.264404 -2335.614746 -1119.592651	-0.116 0.000 -0.187
ttt_random_ammo	-2444.876465 -2339.134766 -1119.667236	0.042 0.000 -0.035
ttt_random_ammo	-2473.392822 -2313.923340 -1119.583496	-0.311 0.001 -0.419
ttt_random_ammo	-1869.899780 -2140.984131 -1295.628540	0.035 0.000 -0.022
ttt_random_ammo	-1907.291992 -2162.997314 -1295.599121	1.716 0.033 2.058
ttt_random_ammo	-1967.993652 -2182.828857 -1295.623169	0.036 0.000 -0.019
ttt_random_ammo	-719.724548 -168.387878 -1759.593506	1.370 0.029 1.615
ttt_random_ammo	-732.200256 -139.735107 -1759.618896	0.744 0.007 0.827
ttt_random_ammo	-705.075928 -179.345215 -1759.644409	0.114 0.000 0.044
ttt_random_ammo	-644.608826 -175.582245 -1759.583008	1.264 0.027 1.498
ttt_random_ammo	-648.764221 -146.877548 -1759.618286	0.864 0.009 0.974
ttt_random_ammo	-700.140991 -166.306107 -1756.341431	-90.000 -177.906 180.000
ttt_random_ammo	687.840393 -1223.037964 -1759.625366	0.421 0.002 0.430
ttt_random_ammo	694.599365 -1277.627319 -1759.661865	0.072 0.000 -0.020
ttt_random_ammo	700.899780 -1359.146362 -1759.602173	1.629 0.025 1.936
ttt_random_ammo	777.664246 -1356.949463 -1759.655029	0.080 0.000 -0.005
ttt_random_ammo	762.186157 -1286.930054 -1759.638428	0.141 0.000 0.081
ttt_random_ammo	758.804443 -1210.312866 -1759.657227	0.084 0.000 -0.002
ttt_random_ammo	1577.521606 -1853.882813 -1759.661865	0.071 0.000 -0.021
ttt_random_ammo	1570.993408 -1829.291870 -1759.608765	0.020 0.078 -0.160
ttt_random_ammo	1563.915039 -1793.816772 -1759.626099	0.284 0.001 0.263
ttt_random_ammo	1568.808228 -1761.830566 -1759.599731	1.462 0.034 1.721
ttt_random_ammo	1563.467163 -1732.784546 -1759.666504	0.068 0.000 -0.028
ttt_random_ammo	1574.153809 -1720.820190 -1759.636963	0.122 0.055 -0.063
ttt_random_ammo	1606.375000 -1731.702148 -1759.650513	0.086 0.000 0.006
ttt_random_ammo	1640.493896 -1734.293213 -1759.638428	0.134 0.000 0.072
ttt_random_ammo	1675.165405 -1756.426147 -1759.648560	0.091 0.000 0.013
ttt_random_ammo	1689.705322 -1818.113159 -1759.615356	1.087 0.014 1.247
ttt_random_ammo	1632.563477 -1846.949829 -1759.659546	0.073 0.000 -0.017
ttt_random_ammo	1656.073975 -1801.637085 -1759.542969	0.009 3.626 -0.968
ttt_random_ammo	1636.532959 -1772.109009 -1759.661865	0.071 0.000 -0.021
ttt_random_ammo	1601.520508 -1779.133179 -1757.441162	0.322 -1.150 -89.449
ttt_random_ammo	676.331909 -1909.200317 -1759.629395	0.242 0.001 0.209
ttt_random_ammo	704.422241 -1884.291626 -1759.623413	0.390 0.002 0.393
ttt_random_ammo	739.033997 -1858.232056 -1759.638428	0.141 0.000 0.081
ttt_random_ammo	702.362732 -1930.339233 -1759.629395	0.240 0.001 0.206
ttt_random_ammo	728.418579 -1910.532593 -1759.642334	0.118 0.000 0.050
ttt_random_ammo	748.093445 -1887.220581 -1759.596558	1.594 0.029 1.903
ttt_random_ammo	558.250183 -1509.357056 -1034.166626	0.156 0.000 0.100
ttt_random_ammo	558.459656 -1429.598511 -1034.170410	0.129 0.000 0.065
ttt_random_ammo	563.830139 -1456.821289 -1034.153442	0.400 0.002 0.406
ttt_random_ammo	2353.107666 -1082.832031 -1055.543091	-1.213 -0.590 -1.519
ttt_random_ammo	2405.881836 -1081.279541 -1055.594116	1.564 0.030 1.874
ttt_random_ammo	2450.601563 -1081.041992 -1055.679321	0.065 -0.000 -0.038
ttt_random_ammo	2506.863525 -1091.309448 -1055.648560	0.102 0.000 0.027
ttt_random_ammo	2465.196045 -1090.492432 -1055.631470	0.240 0.001 0.208
ttt_random_ammo	2407.764893 -1086.883789 -1055.633179	0.214 0.001 0.174
ttt_random_ammo	2371.916748 -1091.798218 -1055.626709	0.347 0.002 0.340
ttt_random_ammo	2348.545166 -1101.532837 -1055.628174	0.306 0.001 0.289
ttt_random_ammo	2896.518799 198.391739 -1759.533081	0.347 1.067 -0.058
ttt_random_ammo	2890.629639 197.955368 -1759.511841	-0.504 1.530 -0.861
ttt_random_ammo	2895.125732 220.085388 -1759.657349	0.097 0.000 0.014
ttt_random_ammo	2897.068359 226.354523 -1759.583740	-0.874 -1.437 -1.011
ttt_random_ammo	2897.281738 232.089539 -1757.358521	-1.815 -5.980 -90.015
ttt_random_ammo	2900.453125 273.400360 -1759.598267	-0.569 0.327 -1.357
ttt_random_ammo	2893.369385 271.484497 -1756.433838	-89.406 24.845 -17.823
ttt_random_ammo	2879.313965 322.884155 -1759.595947	1.083 -0.261 0.979
ttt_random_ammo	2875.903809 316.864288 -1757.351440	-0.146 -7.676 89.328
ttt_random_ammo	2402.973877 972.207764 -1467.646851	0.109 -0.000 -0.038
ttt_random_ammo	2403.811523 999.090027 -1464.978271	-0.479 0.075 1.061
ttt_random_ammo	2412.190430 1023.902771 -1467.642212	0.033 -0.000 0.032
ttt_random_ammo	2370.959473 1041.584106 -1467.589111	1.422 -0.031 -1.701
ttt_random_ammo	2350.443848 1029.303101 -1467.662109	0.074 -0.000 0.015
ttt_random_ammo	2369.430176 1016.974548 -1467.650879	0.095 -0.000 -0.018
ttt_random_ammo	2383.425293 993.006714 -1467.546997	-1.097 2.845 -0.034
ttt_random_ammo	2384.745361 972.195862 -1467.620361	0.775 -0.007 -0.865
ttt_random_ammo	1399.854126 714.025574 -1055.655029	0.084 0.000 0.002
ttt_random_ammo	1406.598633 734.282593 -1055.674194	0.067 -0.000 -0.033
ttt_random_ammo	1416.271973 760.341187 -1055.628296	0.309 0.001 0.293
ttt_random_ammo	1995.891357 -66.787704 -1055.618896	0.698 0.006 0.772
ttt_random_ammo	2002.834229 -64.517654 -1055.519653	0.640 -0.029 1.033
ttt_random_ammo	1946.741821 -26.752527 -1055.636597	0.158 0.000 0.104
ttt_random_ammo	1953.588135 -30.721077 -1055.602539	-0.345 -0.039 0.703
ttt_random_ammo	1965.013306 12.117704 -1055.629517	0.246 0.001 0.215
ttt_random_ammo	1992.009155 15.971662 -1055.616089	1.623 0.030 1.900
ttt_random_ammo	-2270.695068 664.838562 -910.742371	-13.403 6.760 87.466
ttt_random_ammo	-2250.053467 672.995972 -909.942322	0.769 -3.535 100.141
ttt_random_ammo	-2128.521240 596.683472 -924.534485	0.719 -3.542 100.014
ttt_random_ammo	-2098.864502 596.914124 -924.692627	0.562 -3.603 99.613
ttt_random_ammo	-2041.587524 541.363525 -935.051941	79.190 96.505 -157.120
ttt_random_ammo	-2021.919067 520.066895 -939.129578	0.641 -3.498 99.849
ttt_random_ammo	-2561.280273 999.517517 -549.750732	1.572 0.028 1.835
ttt_random_ammo	-2496.449951 1001.736572 -549.751160	-0.211 0.001 -0.195
ttt_random_ammo	-2473.166260 1002.039429 -549.780762	0.095 0.000 0.018
ttt_random_ammo	-2554.781250 993.330444 -549.721375	1.253 0.026 1.476
ttt_random_ammo	-2523.895264 996.323181 -549.695374	0.888 0.022 1.048
ttt_random_ammo	-2455.603516 1002.215088 -549.718323	0.725 -0.169 0.819
ttt_random_ammo	-2453.928223 996.974365 -549.647034	1.433 0.104 -1.735
ttt_random_ammo	-2470.916504 996.881714 -549.651123	1.106 0.056 -1.516
ttt_random_ammo	-2396.186035 1002.000000 -549.708862	1.234 0.028 1.470
ttt_random_ammo	-2331.223633 1001.481018 -549.747375	1.154 0.016 1.329
ttt_random_ammo	-2284.569336 998.747498 -549.780640	0.386 -0.012 -0.207
ttt_random_ammo	-2299.855957 996.700378 -549.747437	1.215 -0.017 -1.404
ttt_random_ammo	-2375.101318 995.582031 -549.785156	0.085 0.000 0.002
ttt_random_ammo	-2328.877441 995.193298 -549.686829	0.934 -0.023 -1.123
ttt_random_ammo	-2246.827393 990.526550 -547.242432	-1.105 0.523 0.104
ttt_random_ammo	-2234.251221 988.649292 -549.649170	0.163 3.634 0.355
ttt_random_ammo	-2159.702881 985.373718 -549.715393	0.105 0.227 -0.439
ttt_random_ammo	-2187.555664 985.704285 -549.799194	0.067 -0.000 0.028
ttt_random_ammo	-2233.909180 983.371826 -549.655090	0.518 -0.516 0.260
ttt_random_ammo	-2163.302734 980.584656 -549.675964	0.951 -3.057 1.742
ttt_random_ammo	-2203.366943 983.961670 -549.750427	0.674 0.006 0.743
ttt_random_ammo	-2245.147217 985.688049 -549.655579	0.469 0.332 1.011
ttt_random_ammo	-2221.317383 1011.062378 -549.747986	1.017 0.012 1.162
ttt_random_ammo	-1411.597290 999.047668 -549.688049	0.151 -1.477 -0.569
ttt_random_ammo	-1411.296631 994.202026 -549.690918	0.966 -0.502 1.022
ttt_random_ammo	-1472.217529 997.751770 -549.689697	0.966 0.024 1.159
ttt_random_ammo	-1547.176636 997.879578 -549.658813	-0.155 -2.047 -0.820
ttt_random_ammo	-1550.473511 993.062805 -549.639587	0.622 -2.030 0.754
ttt_random_ammo	-1480.522583 998.462830 -549.656311	-0.396 1.037 -1.026
ttt_random_ammo	-1480.059204 993.600342 -549.642090	0.954 0.878 1.156
ttt_random_ammo	-1540.168213 1000.669312 -549.801697	0.068 0.000 -0.029
ttt_random_ammo	-1630.117310 1005.901672 -549.669678	-0.331 0.537 -1.100
ttt_random_ammo	-1629.996460 1001.028992 -549.690796	-0.809 1.433 -1.224
ttt_random_ammo	-1608.072388 1003.158508 -549.792053	0.075 0.000 -0.014
ttt_random_ammo	-1578.093018 1002.115051 -549.756775	0.350 0.002 0.344
ttt_random_ammo	-1728.384033 1006.993591 -549.658447	0.342 1.016 0.128
ttt_random_ammo	-1728.368286 1002.099426 -549.668274	-0.005 1.147 -0.345
ttt_random_ammo	-1793.545288 1006.829102 -549.749451	0.767 0.007 0.857
ttt_random_ammo	-1786.605713 1006.832886 -549.696167	1.051 0.025 1.257
ttt_random_ammo	-1696.407593 1006.811279 -549.705017	0.675 5.423 0.796
ttt_random_ammo	-1734.321777 999.243591 -549.672058	0.000 13.836 -0.939
ttt_random_ammo	-1740.061157 996.816223 -549.673523	0.130 7.278 1.130
ttt_random_ammo	-1778.878906 1006.909973 -549.755310	0.400 0.002 0.406
ttt_random_ammo	-1702.326416 1005.033142 -549.699951	-0.748 1.419 -0.624
ttt_random_ammo	-1702.632324 997.758484 -547.371094	-0.010 2.104 90.502
ttt_random_ammo	-1747.530151 1006.550842 -549.697571	1.122 -0.093 1.272
ttt_random_ammo	-1754.213501 1007.238098 -546.503174	-89.820 -13.026 0.524
ttt_random_ammo	-1563.898071 1226.651001 -232.247269	0.045 0.000 -0.034
ttt_random_ammo	-1584.955078 1233.621704 -232.120102	1.101 0.029 1.335
ttt_random_ammo	-1595.496216 1228.075806 -232.140137	1.496 0.036 1.805
ttt_random_ammo	-1604.047729 1221.620483 -232.198746	0.060 0.000 0.009
ttt_random_ammo	-1538.271484 1194.433594 -232.237198	0.043 0.000 -0.031
ttt_random_ammo	-1554.998291 1192.937988 -232.115738	1.026 0.028 1.247
ttt_random_ammo	-1579.637939 1195.044434 -232.182129	0.152 0.001 0.129
ttt_random_ammo	-1592.290039 1193.421021 -232.180710	0.173 0.001 0.156
ttt_random_ammo	-1529.458374 1149.188721 -232.208359	0.048 0.000 -0.011
ttt_random_ammo	-1546.950195 1148.271851 -232.169571	0.655 0.006 0.748
ttt_random_ammo	-1580.762451 1156.641113 -232.237198	0.043 0.000 -0.031
ttt_random_ammo	-1592.180298 1157.897095 -232.247269	0.045 0.000 -0.034
ttt_random_ammo	-2390.650879 979.423157 -232.143326	-0.597 -5.735 -1.035
ttt_random_ammo	-2385.528809 974.348022 -232.102509	1.096 -0.270 -1.604
ttt_random_ammo	-2375.536133 976.863403 -232.232346	0.042 -0.000 0.030
ttt_random_ammo	-2363.677490 973.310181 -232.186615	0.088 -0.000 -0.050
ttt_random_ammo	-2350.909424 971.660217 -232.210373	0.047 0.000 -0.013
ttt_random_ammo	-2339.230713 973.378784 -232.190002	0.091 0.000 0.051
ttt_random_ammo	-2318.417480 968.402405 -232.145889	1.571 -0.038 -1.888
ttt_random_ammo	-2289.019043 972.805420 -232.191620	0.069 -0.000 -0.023
ttt_random_ammo	-2253.780273 976.546143 -232.250366	0.108 0.000 0.076
ttt_random_ammo	-2289.775146 964.333313 -232.186737	0.109 0.000 0.075
ttt_random_ammo	-2309.002686 963.846069 -232.174194	0.322 0.002 0.340
ttt_random_ammo	-364.255798 1039.053955 -1007.530212	-0.486 -1.647 -1.319
ttt_random_ammo	-364.913727 1034.182251 -1007.514771	1.318 0.054 1.597
ttt_random_ammo	-382.426056 1025.647095 -1004.368652	-89.253 -85.219 90.894
ttt_random_ammo	-383.236328 1008.391052 -1007.549866	0.782 -0.021 -0.939
ttt_random_ammo	-381.047302 999.897278 -1007.638611	0.168 0.000 0.115
ttt_random_ammo	-2462.574219 -69.404465 -1039.657349	0.076 -0.000 0.010
ttt_random_ammo	-2443.875488 -151.622742 -1039.622437	0.448 -0.003 -0.466
ttt_random_ammo	-2440.754395 -162.418945 -1039.606934	1.678 -0.032 -1.996
ttt_random_ammo	-2447.209473 -144.207809 -1039.567993	1.139 -0.027 -1.368
ttt_random_ammo	-2454.864258 -129.064346 -1039.587036	1.520 0.035 1.828
ttt_random_ammo	-2451.384766 -80.842125 -1039.648560	0.094 -0.000 -0.017
ttt_random_ammo	-2449.747803 -20.399275 -1039.579346	1.216 0.028 1.442
ttt_random_ammo	-2452.550537 7.720424 -1039.634888	0.171 -0.000 -0.120
ttt_random_ammo	-2441.480469 -7.974741 -1039.666626	0.068 -0.000 0.026
ttt_random_ammo	-2437.968994 -41.734505 -1039.549927	-0.452 0.272 0.584
ttt_random_ammo	-2440.338867 -68.348923 -1039.616943	1.632 -0.031 -1.912
ttt_random_ammo	-2443.309570 -113.758522 -1039.655029	0.080 -0.000 0.004
ttt_random_ammo	-2701.432861 -1623.820068 -303.669678	0.057 -0.000 0.017
ttt_random_ammo	-2702.459717 -1642.057007 -303.570251	0.931 -0.023 -1.101
ttt_random_ammo	-2674.152588 -1677.711060 -301.343506	0.990 38.374 -89.999
ttt_random_ammo	-2662.514648 -1682.758301 -301.203857	-1.671 -0.788 0.047
ttt_random_ammo	-2656.999512 -1651.785278 -303.622406	0.588 -0.005 -0.654
ttt_random_ammo	-2671.201416 -1622.864136 -303.655579	0.071 0.000 0.007
ttt_random_ammo	-2685.975586 -1599.702148 -303.672180	0.055 -0.000 0.020
ttt_random_ammo	-2707.168701 -1647.757446 -303.635529	0.189 -0.001 -0.161
ttt_random_ammo	-2707.708984 -1688.336060 -303.579437	1.179 0.027 1.407
ttt_random_ammo	-2670.206787 -1692.133179 -303.653381	0.079 -0.000 -0.018
ttt_random_ammo	-2646.618408 -1608.657104 -301.282196	-0.116 23.234 -90.295
ttt_random_ammo	-2451.712646 1321.826538 -232.220230	-0.053 -0.000 -0.011
ttt_random_ammo	-2464.079346 1306.863159 -232.229980	0.036 0.000 -0.037
ttt_random_ammo	-2488.644775 1302.880371 -232.249176	-0.047 -0.000 -0.033
ttt_random_ammo	-2504.793213 1307.143921 -232.108261	-1.099 -0.028 1.335
ttt_random_ammo	-2522.693848 1307.122192 -232.088058	-0.971 -0.267 -1.164
ttt_random_ammo	-2548.504150 1304.266724 -232.146255	1.305 0.031 1.565
ttt_random_ammo	-2560.729980 1342.325806 -232.212601	0.070 0.000 0.014
ttt_random_ammo	-2514.367432 1347.028442 -232.215836	-0.057 -0.000 -0.003
ttt_random_ammo	-2491.326904 1348.080811 -232.249176	-0.047 -0.000 -0.033
ttt_random_ammo	-2466.230469 1353.083374 -232.229324	-0.048 -0.000 -0.021
ttt_random_ammo	-2444.354004 1363.853271 -229.812180	89.776 -175.623 -173.911
ttt_random_ammo	-1554.668823 1239.658936 -900.762512	0.109 0.000 0.037
ttt_random_ammo	-1598.547241 1231.403931 -900.708984	1.540 0.031 1.846
ttt_random_ammo	-1601.466675 1215.517456 -900.738586	0.510 0.003 0.541
ttt_random_ammo	-1589.874512 1201.832642 -900.678772	1.007 0.025 1.206
ttt_random_ammo	-1560.470215 1209.483887 -900.752747	0.171 0.000 0.120
ttt_random_ammo	-1546.436035 1216.003296 -900.766724	0.094 0.000 0.017
ttt_random_ammo	-1521.489746 1216.327759 -900.698486	1.341 0.029 1.605
ttt_random_ammo	-1508.686768 1220.347900 -900.780334	0.072 0.000 -0.019
ttt_random_ammo	-1153.299194 1326.775024 -900.736938	0.503 0.003 0.534
ttt_random_ammo	-1166.589600 1361.025513 -900.758362	0.116 0.000 0.049
ttt_random_ammo	-1165.442139 1370.257446 -900.699341	1.345 0.029 1.604
ttt_random_ammo	-1150.026489 1373.482544 -900.732910	0.873 0.009 0.987
ttt_random_ammo	-1138.810913 1348.357178 -900.678772	0.995 0.024 1.187
ttt_random_ammo	-1142.254761 1335.867188 -900.758362	0.116 0.000 0.049
ttt_random_ammo	-1147.185181 1321.201294 -900.645081	1.705 1.451 1.779
ttt_random_ammo	-1160.114746 1317.236328 -900.702820	0.287 -0.073 0.929
ttt_random_ammo	-1186.037109 1358.426636 -900.754578	0.139 0.000 0.080
ttt_random_ammo	-1192.523438 1386.111450 -898.533630	0.187 -7.743 -89.323
ttt_random_ammo	-1178.027954 1341.998535 -900.677063	0.966 0.024 1.152
ttt_random_ammo	-1156.263794 1316.284546 -898.414978	1.041 79.732 90.003
ttt_random_ammo	-1146.734375 1303.175781 -900.747253	0.211 0.001 0.171
ttt_random_ammo	-2469.165283 5.340438 -1468.551392	1.609 0.027 1.894
ttt_random_ammo	-2461.877197 2.470559 -1468.454346	1.285 -0.108 1.558
ttt_random_ammo	-2479.981201 -20.125246 -1468.535156	1.362 0.029 1.603
ttt_random_ammo	-2474.618164 -25.259438 -1468.565063	0.364 0.002 0.362
ttt_random_ammo	-2467.902100 15.662516 -1468.478027	-0.491 -6.886 -0.642
ttt_random_ammo	-2460.965332 20.358528 -1468.462036	1.050 -0.041 1.522
ttt_random_ammo	-2471.677002 -92.657372 -1468.611572	0.067 0.000 -0.031
ttt_random_ammo	-2465.062256 -92.892326 -1468.468506	1.350 0.024 1.300
ttt_random_ammo	-2471.241455 -62.795349 -1468.578613	0.144 0.000 0.086
ttt_random_ammo	-2464.378906 -61.075832 -1468.457764	1.456 0.001 1.722
ttt_random_ammo	-1570.700806 420.939941 -1759.676636	0.066 -0.000 -0.037
ttt_random_ammo	-1563.729614 422.286224 -1759.538696	1.319 -0.007 2.223
ttt_random_ammo	-1536.334839 427.022736 -1759.523560	0.345 0.017 0.415
ttt_random_ammo	-1529.555176 426.031189 -1759.666748	0.070 0.000 -0.026
ttt_random_ammo	-1503.342773 422.047607 -1759.615356	1.627 0.030 1.905
ttt_random_ammo	-1493.038696 420.472076 -1759.581543	1.406 0.032 1.689
ttt_random_ammo	-1516.951050 422.893188 -1759.633057	0.199 0.001 0.155
ttt_random_ammo	-1544.648560 421.632263 -1759.655029	0.082 0.000 -0.003
ttt_random_ammo	-1551.334351 419.539795 -1759.619873	0.614 0.005 0.668
ttt_random_ammo	-1563.772949 485.187897 -1759.584961	-1.623 -0.030 1.923
ttt_random_ammo	-1543.738159 489.276642 -1759.652710	0.086 0.000 0.004
ttt_random_ammo	-1528.176758 488.285492 -1759.640259	0.133 0.000 0.070
ttt_random_ammo	-1518.757690 484.481873 -1759.636719	0.161 0.000 0.106
ttt_random_ammo	-1491.360474 483.105804 -1759.596802	1.358 0.028 1.591
ttt_random_ammo	-1470.308594 484.168915 -1759.610962	-0.228 -0.598 -0.941
ttt_random_ammo	-1470.448120 479.321381 -1759.571045	1.983 -0.361 1.102
ttt_random_ammo	-1509.479370 489.190918 -1759.636719	0.161 0.000 0.107
ttt_random_ammo	-1552.098022 493.643066 -1759.608398	-0.860 -0.009 0.967
ttt_random_ammo	-1572.688599 493.950409 -1759.619629	0.142 -0.062 -0.095
ttt_random_ammo	-636.790955 -1487.877808 -1759.607178	1.294 -0.152 1.246
ttt_random_ammo	-643.416138 -1487.183594 -1756.329102	-89.602 109.421 -119.345
ttt_random_ammo	-666.688049 -1553.042725 -1759.603149	-0.352 0.092 -0.440
ttt_random_ammo	-668.328613 -1551.343994 -1749.213989	-0.499 -0.008 -1.841
ttt_random_ammo	-688.868347 -1589.343018 -1759.565186	1.236 -0.072 1.339
ttt_random_ammo	-695.219177 -1588.445190 -1756.440308	-89.434 -14.396 1.724
ttt_random_ammo	-707.149414 -1625.643555 -1759.642334	0.118 0.000 0.050
ttt_random_ammo	-709.167480 -1620.120117 -1759.514893	1.334 -0.078 1.617
ttt_random_ammo	1217.312256 149.353043 -1759.554932	0.120 2.442 0.087
ttt_random_ammo	1211.504028 148.385117 -1759.521484	-0.562 2.138 -0.734
ttt_random_ammo	1176.817017 220.817932 -1759.544189	0.972 1.669 0.370
ttt_random_ammo	1171.010864 218.680054 -1759.583252	0.646 1.503 0.434
ttt_random_ammo	1140.343018 299.168945 -1759.579590	0.903 0.764 0.615
ttt_random_ammo	1134.676514 295.444946 -1759.582031	-0.101 1.642 0.001
ttt_random_ammo	1110.593384 359.022369 -1759.563354	-1.331 -0.029 1.587
ttt_random_ammo	1104.459106 355.005157 -1759.509155	-1.319 0.024 1.994
ttt_random_ammo	1275.409058 849.201050 -1759.674072	0.068 -0.000 -0.033
ttt_random_ammo	1271.849976 855.231567 -1759.626587	0.358 0.002 0.352
ttt_random_ammo	1272.895752 862.844971 -1759.625244	0.412 0.002 0.419
ttt_random_ammo	1266.755737 871.406799 -1759.609619	1.520 0.022 1.781
ttt_random_ammo	1278.015625 825.053894 -1759.605835	0.957 -0.759 0.889
ttt_random_ammo	1276.490845 818.983093 -1757.303711	0.207 -8.964 89.696
ttt_random_ammo	1270.729004 816.908203 -1757.299072	1.044 -49.581 90.003
ttt_random_ammo	1264.936768 821.592407 -1757.406616	-0.146 -14.149 -89.261
ttt_random_ammo	1264.638062 775.653564 -1759.636841	0.178 0.000 0.127
ttt_random_ammo	1260.578857 765.156555 -1759.636841	0.197 0.001 0.150
ttt_random_ammo	1248.928833 769.765259 -1759.610962	1.631 0.030 1.929
ttt_random_ammo	1244.465332 779.745728 -1759.638672	0.165 0.000 0.110
ttt_random_ammo	989.879944 616.816284 -1759.631226	0.222 0.001 0.183
ttt_random_ammo	988.667358 621.594177 -1759.555054	0.269 -0.002 -0.896
ttt_random_ammo	1032.089722 667.719299 -1759.633179	0.230 0.001 0.192
ttt_random_ammo	1036.871216 674.273193 -1759.624023	0.479 0.003 0.502
ttt_random_ammo	906.314209 558.923645 -1759.594116	0.923 6.044 1.011
ttt_random_ammo	906.899170 564.133911 -1759.518311	0.952 0.037 1.299
ttt_random_ammo	765.496155 383.903961 -1759.531738	-0.618 -0.019 0.737
ttt_random_ammo	762.090515 389.477356 -1759.492676	-1.508 0.066 1.827
ttt_random_ammo	782.212769 445.072784 -1759.594360	0.517 1.025 -0.383
ttt_random_ammo	779.531494 452.211670 -1757.329102	0.791 36.222 -90.019
ttt_random_ammo	-93.631737 -524.783325 -1759.569824	1.095 0.025 1.307
ttt_random_ammo	-86.623283 -523.001892 -1759.539063	1.431 -0.021 2.173
ttt_random_ammo	-53.892403 -467.762360 -1759.646362	0.111 0.000 0.038
ttt_random_ammo	-57.129208 -475.646912 -1759.625122	0.399 0.002 0.404
ttt_random_ammo	-90.944084 -494.371582 -1759.587646	1.451 0.035 1.739
ttt_random_ammo	-83.931610 -494.763733 -1759.538086	1.332 -0.022 2.017
ttt_random_ammo	-2169.966064 1071.002930 -1636.053345	-0.045 0.537 -0.776
ttt_random_ammo	-2168.985352 1066.026489 -1636.020508	-0.845 3.875 -1.000
ttt_random_ammo	-2215.701660 1071.143555 -1636.092163	1.133 -0.026 -1.355
ttt_random_ammo	-2214.432129 1066.004761 -1636.038208	1.526 -0.002 -1.849
ttt_random_ammo	-2343.038818 1036.394897 -1636.106812	1.347 0.029 1.602
ttt_random_ammo	-2335.787598 1033.157349 -1636.035034	1.376 -0.100 1.668
ttt_random_ammo	-2269.636475 1071.008667 -1636.092163	-1.142 -0.293 1.068
ttt_random_ammo	-2266.260498 1066.166260 -1636.034912	1.341 3.448 1.625
ttt_random_ammo	-1636.764526 1035.322266 -1636.035034	-0.235 -0.532 0.000
ttt_random_ammo	-1636.012329 1030.406616 -1636.026001	-0.294 -1.403 0.339
ttt_random_ammo	-1553.465820 1059.767456 -1636.089478	-0.094 -0.808 -0.937
ttt_random_ammo	-1554.278931 1054.845947 -1636.030884	-0.889 -3.627 1.392
ttt_random_ammo	-1473.662598 1080.194580 -1636.084961	0.200 0.092 -0.323
ttt_random_ammo	-1476.955444 1075.342163 -1636.061401	-0.292 -2.430 1.355
ttt_random_ammo	-1418.109009 1092.867188 -1636.101318	-1.551 -0.023 1.840
ttt_random_ammo	-1432.896973 1085.015991 -1636.171631	-0.097 -0.000 0.019
ttt_random_ammo	-1375.210205 1078.166870 -1636.052612	0.366 -1.822 -0.189
ttt_random_ammo	-1376.117188 1073.257935 -1636.056396	0.674 -2.694 0.151
ttt_random_ammo	-245.192093 15.639207 -1759.546265	0.803 -1.394 0.379
ttt_random_ammo	-241.008255 10.869702 -1759.528931	-0.161 4.850 0.633
ttt_random_ammo	-86.573425 97.508308 -1759.638672	0.161 0.000 0.105
ttt_random_ammo	-82.754150 88.511978 -1759.646606	0.112 0.000 0.040
ttt_random_ammo	14.124740 80.913124 -1759.604370	-0.936 -0.010 1.060
ttt_random_ammo	8.155638 76.687218 -1759.606079	0.247 0.025 0.913
ttt_random_ammo	77.056389 109.664726 -1759.565186	0.629 -0.549 0.515
ttt_random_ammo	74.873383 104.732635 -1759.496704	-1.057 -2.236 1.287
ttt_random_ammo	842.460815 1142.939453 -1759.563721	1.464 0.408 1.046
ttt_random_ammo	843.721069 1138.073608 -1759.511719	0.792 3.930 0.969
ttt_random_ammo	940.165405 1193.432129 -1759.579590	-0.452 0.063 -0.516
ttt_random_ammo	935.264709 1188.657715 -1759.590698	0.190 -2.049 0.554
ttt_random_ammo	1005.190918 1236.560303 -1759.536133	-0.279 -1.818 -0.671
ttt_random_ammo	1003.014526 1231.715210 -1759.536987	0.422 -1.111 0.663
ttt_random_ammo	1093.502930 1300.575928 -1759.546753	-0.334 -1.563 -0.897
ttt_random_ammo	1090.544189 1295.765991 -1759.533081	0.543 -1.111 1.110
ttt_random_ammo	2414.108887 819.197815 -1759.552856	0.516 -1.379 0.574
ttt_random_ammo	2405.900879 816.282166 -1756.392090	-88.746 137.631 -89.398
ttt_random_ammo	2290.031250 877.294067 -1759.631714	-0.231 -0.001 0.192
ttt_random_ammo	2283.680908 875.369873 -1759.494263	-1.268 0.055 1.537
ttt_random_ammo	2206.023193 908.280396 -1759.537231	0.174 1.186 -0.566
ttt_random_ammo	2203.076660 903.315369 -1759.516357	1.126 -1.068 1.288
ttt_random_ammo	2115.570313 988.946594 -1759.551025	1.296 0.389 0.630
ttt_random_ammo	2115.086426 984.039856 -1759.516968	0.580 0.194 0.913
ttt_random_ammo	-1584.849976 -1358.237183 -1759.620605	0.478 0.003 0.503
