# Trouble in Terrorist Town weapon/ammo placement overrides
# For map: ttt_lumbridge_a4
# Exported by: Ahbiga
setting:	replacespawns 1
ttt_random_weapon	112.265747 -107.215462 65.174957	2.111 5.694 -92.241
ttt_random_weapon	119.513084 -72.861588 65.190720	1.943 5.711 -92.585
ttt_random_weapon	125.603203 -127.416557 65.212746	1.709 5.717 -93.066
ttt_random_weapon	274.774536 -79.833740 65.168282	2.099 5.636 -92.318
ttt_random_weapon	275.822540 -106.267502 65.196487	1.882 5.711 -92.711
ttt_random_weapon	265.832001 -138.960602 65.199524	1.850 5.713 -92.777
ttt_random_weapon	-106.651276 -85.689796 65.138222	2.263 -0.254 -92.926
ttt_random_weapon	-101.653465 -113.822540 65.196495	1.882 5.711 -92.711
ttt_random_weapon	-113.372139 -135.557343 65.197266	1.874 5.711 -92.728
ttt_random_weapon	-269.397797 -135.547897 65.237671	1.443 5.728 -93.613
ttt_random_weapon	-274.694885 -109.372948 65.212746	1.709 5.717 -93.066
ttt_random_weapon	-272.523956 -86.013252 65.203064	1.812 5.715 -92.855
ttt_random_weapon	-335.207794 -104.612083 65.154846	2.323 5.662 -91.803
ttt_random_weapon	-334.679138 -126.266502 65.214317	1.692 5.719 -93.101
ttt_random_weapon	305.855804 -90.545029 65.212212	1.715 5.718 -93.055
ttt_random_weapon	313.896027 -116.383926 65.191582	1.934 5.710 -92.604
ttt_random_weapon	-102.710609 258.777435 113.232788	1.505 4.977 -93.445
ttt_random_weapon	-148.669098 256.797211 113.225441	1.588 4.986 -93.254
ttt_random_weapon	-194.742493 251.058273 113.228020	1.559 4.984 -93.321
ttt_random_weapon	-234.992554 250.743088 113.222137	1.625 4.988 -93.169
ttt_random_weapon	290.006073 427.882080 113.243294	1.283 5.377 -93.836
ttt_random_weapon	-1435.350952 -1136.166870 65.413948	-4.540 6.479 -93.695
ttt_random_weapon	-1433.719849 -1155.381714 66.332069	-3.870 -2.300 -1.331
ttt_random_weapon	-1321.411255 -1562.392578 67.961220	-2.402 7.982 -95.067
ttt_random_weapon	-1320.760864 -1523.489380 67.067848	-1.541 3.690 -92.341
ttt_random_weapon	-1323.352051 -1485.600586 66.302818	-1.705 6.552 -96.064
ttt_random_weapon	-1326.450562 -1449.774902 65.265533	0.935 3.573 -94.808
ttt_random_weapon	-1319.997070 -1589.524902 68.482346	-3.948 4.559 -94.607
ttt_random_weapon	-1318.770996 -1633.602905 67.815620	-3.079 2.697 -90.484
ttt_random_weapon	-962.376709 -1526.865479 66.199821	1.877 4.713 -92.592
ttt_random_weapon	-958.823303 -1549.143555 66.192802	1.793 5.017 -92.598
ttt_random_weapon	-960.882263 -1504.820923 66.224709	1.596 4.687 -93.235
ttt_random_weapon	-962.297180 -1471.944336 66.176544	1.928 5.020 -92.234
ttt_random_weapon	-1249.654785 -953.940796 59.734192	1.022 3.492 -91.405
ttt_random_weapon	-1261.025391 -918.451172 59.670437	1.992 2.930 -93.305
ttt_random_weapon	-1152.750122 -921.032410 62.055611	-2.533 5.269 -93.599
ttt_random_weapon	-1154.588135 -964.910217 62.096016	-5.581 -8.129 86.297
ttt_random_weapon	-194.436646 -1419.278198 97.219284	1.658 4.765 -93.095
ttt_random_weapon	-192.925293 -1397.081299 97.220566	1.643 4.764 -93.128
ttt_random_weapon	-190.430786 -1370.910400 97.209694	1.766 4.772 -92.847
ttt_random_weapon	-188.752213 -1350.486084 97.196098	1.919 4.783 -92.496
ttt_random_weapon	-191.867065 -1333.430908 97.227119	1.569 4.759 -93.298
ttt_random_weapon	-191.139862 -1312.825562 97.209694	1.766 4.772 -92.847
ttt_random_weapon	-184.752197 -1037.197632 97.166046	2.243 5.003 -91.738
ttt_random_weapon	-184.874115 -1007.422180 97.236877	1.459 3.284 -93.551
ttt_random_weapon	-188.680130 -1064.718384 97.202034	1.852 4.778 -92.649
ttt_random_weapon	-184.802521 -1090.957397 97.161011	2.154 2.681 -92.090
ttt_random_weapon	-184.780869 -1111.939575 97.205597	1.804 5.157 -92.789
ttt_random_weapon	-185.520416 -1136.750000 97.200615	1.868 4.779 -92.613
ttt_random_weapon	254.885788 -925.312378 65.034157	3.154 2.669 -91.987
ttt_random_weapon	243.380188 -864.389771 65.219429	1.656 4.251 -93.099
ttt_random_weapon	623.501465 -794.381653 82.051506	-0.854 6.751 -97.550
ttt_random_weapon	196.863297 -1926.557983 80.513588	2.960 -4.535 86.297
ttt_random_weapon	159.703339 -1931.079590 82.820770	1.488 -10.261 90.308
ttt_random_weapon	1330.978638 -1560.669678 40.623177	-2.809 -10.134 92.932
ttt_random_weapon	1574.456665 -1468.909668 33.217243	1.661 5.719 -93.165
ttt_random_weapon	1447.372681 -1594.862305 40.148067	-1.003 7.057 -94.879
ttt_random_weapon	1958.657349 -1538.385742 32.390144	0.009 1.344 -96.433
ttt_random_weapon	1952.802979 -1577.072021 33.545609	1.227 6.325 -94.484
ttt_random_weapon	-799.059204 -2228.009277 65.202164	1.851 4.124 -92.653
ttt_random_weapon	-768.937012 -2199.097656 65.178452	1.312 3.082 -92.617
ttt_random_weapon	509.956055 -408.173065 93.608574	3.527 12.775 -101.129
ttt_random_weapon	506.113373 -367.493195 87.535049	4.434 2.972 -99.582
ttt_random_weapon	997.312683 -639.534546 65.132965	1.759 4.773 -94.721
ttt_random_weapon	1162.945435 -258.043823 66.236710	1.460 4.437 -93.547
ttt_random_weapon	1077.014771 647.012146 72.981888	0.863 4.068 -92.616
ttt_random_weapon	1076.863403 676.543518 72.498283	0.864 5.664 -93.211
ttt_random_weapon	2101.691406 -14.469771 97.222168	1.625 6.617 -93.170
ttt_random_weapon	1880.002808 -347.401306 97.205376	1.815 6.630 -92.736
ttt_random_weapon	1874.030640 -310.416138 97.202019	1.853 6.632 -92.649
ttt_random_weapon	1751.722656 -362.341431 95.179161	1.548 4.611 -93.283
ttt_random_weapon	1736.568481 -32.600281 92.897118	2.964 4.194 -96.418
ttt_random_weapon	1739.867920 -57.438881 93.839622	0.800 6.406 -94.269
ttt_random_weapon	-479.693176 -304.503387 65.182732	1.209 3.699 -93.374
ttt_random_weapon	-444.196320 -313.120300 65.218437	1.667 4.457 -93.073
ttt_random_weapon	-555.672913 387.847992 113.191444	1.972 4.920 -92.376
ttt_random_weapon	-552.450684 422.231323 113.215256	1.703 4.926 -92.991
ttt_random_weapon	-554.557068 459.026093 113.213860	1.531 4.546 -93.265
ttt_random_weapon	-556.300537 489.412903 113.206261	1.805 4.927 -92.758
ttt_random_weapon	-552.931030 515.810059 113.226585	1.575 4.917 -93.284
ttt_random_weapon	-550.759399 553.983582 113.235596	1.473 4.909 -93.518
ttt_random_weapon	-550.835205 605.607117 113.197144	1.907 4.928 -92.523
ttt_random_weapon	-552.578796 645.217651 113.229599	1.541 4.915 -93.362
ttt_random_weapon	-553.852234 690.475403 113.206886	1.798 4.929 -92.775
ttt_random_weapon	-550.410339 744.189453 113.233994	1.491 4.910 -93.476
ttt_random_weapon	-377.217712 885.227051 385.218109	1.671 4.924 -93.065
ttt_random_weapon	-330.231079 884.191589 385.232422	1.509 4.912 -93.436
ttt_random_weapon	-271.304779 887.368713 385.225586	1.586 4.918 -93.258
ttt_random_weapon	-199.226181 882.795044 385.240936	1.413 4.902 -93.656
ttt_random_weapon	519.891479 769.507629 385.230682	1.529 4.914 -93.390
ttt_random_weapon	472.630615 767.466064 385.229034	1.547 4.915 -93.348
ttt_random_weapon	415.826447 770.171814 385.238708	1.438 4.905 -93.598
ttt_random_weapon	309.969391 891.776550 385.191437	1.971 4.920 -92.376
ttt_random_weapon	357.477600 888.711548 385.206268	1.805 4.928 -92.758
ttt_random_weapon	-535.101746 619.508484 249.208130	1.784 4.928 -92.806
ttt_random_weapon	-420.800110 255.048904 249.219009	1.661 4.923 -93.088
ttt_random_weapon	457.681580 314.298035 249.204315	1.827 4.929 -92.708
ttt_random_weapon	-142.691010 956.421204 113.202538	1.818 5.693 -92.841
ttt_random_weapon	-88.109612 956.881653 113.193268	1.916 5.709 -92.640
ttt_random_weapon	-302.270935 927.480896 149.956039	1.807 4.775 -92.753
ttt_random_weapon	-316.024323 936.914551 149.992386	1.146 3.645 -95.221
ttt_random_weapon	765.845581 1192.722412 65.109932	1.315 5.810 -93.253
ttt_random_weapon	779.094849 1170.864746 65.221573	1.615 5.721 -93.260
ttt_random_weapon	-692.629578 44.877338 65.193268	1.916 5.709 -92.640
ttt_random_weapon	-105.061081 -305.312073 289.230072	1.536 4.856 -93.374
ttt_random_weapon	-37.238277 -300.729218 289.191437	1.971 4.920 -92.376
ttt_random_weapon	34.930027 -304.869720 289.213745	1.720 4.926 -92.952
ttt_random_weapon	156.623337 -346.483490 65.200592	1.868 6.631 -92.612
ttt_random_weapon	169.762436 -451.340698 65.217934	1.673 6.621 -93.060
weapon_ttt_m16	-611.232971 -432.217010 90.742104	0.000 189.500 90.000
weapon_ttt_m16	-1244.000000 -602.471008 69.682800	0.000 270.000 90.000
weapon_ttt_m16	-636.000000 -1214.469971 144.682999	0.000 270.000 90.000
weapon_ttt_m16	1644.000000 672.000000 112.682999	0.000 0.000 90.000
weapon_ttt_m16	-11.006600 399.677002 -45.067200	0.000 258.500 90.000
weapon_ttt_m16	-90.000000 606.000000 424.683014	0.000 341.500 90.000
weapon_ttt_m16	-787.232971 -376.217010 228.992004	0.000 189.500 90.000
weapon_ttt_m16	1900.000000 -394.000000 142.000000	0.000 330.000 90.000
weapon_ttt_m16	1644.000000 656.000000 112.682999	0.000 0.000 90.000
weapon_ttt_m16	1644.000000 640.000000 112.682999	0.000 0.000 90.000
weapon_ttt_m16	1486.150024 751.481995 240.682999	0.000 154.000 90.000
weapon_ttt_m16	205.940002 887.051025 328.683014	0.000 168.500 90.000
weapon_ttt_m16	252.000000 660.000000 160.000000	0.000 300.000 90.000
weapon_ttt_m16	1638.469971 -1462.000000 36.682899	0.000 0.000 90.000
weapon_ttt_m16	352.319000 276.510986 -41.067200	0.000 348.500 90.000
weapon_ttt_m16	-206.000000 108.511002 -75.317200	0.000 348.500 90.000
weapon_ttt_m16	-534.000000 -1400.000000 100.682999	0.000 0.000 90.000
item_ammo_pistol_ttt	-611.340027 -413.682007 91.022003	0.000 180.000 0.000
item_ammo_pistol_ttt	-635.340027 -413.682007 91.022003	0.000 180.000 0.000
item_ammo_pistol_ttt	-623.340027 -413.682007 91.022003	0.000 180.000 0.000
item_ammo_pistol_ttt	-1264.000000 -600.000000 69.962799	0.000 270.000 0.000
item_ammo_pistol_ttt	-1264.000000 -624.000000 69.962799	0.000 270.000 0.000
item_ammo_pistol_ttt	-1264.000000 -612.000000 69.962799	0.000 270.000 0.000
item_ammo_pistol_ttt	-656.000000 -1212.000000 144.962997	0.000 270.000 0.000
item_ammo_pistol_ttt	-656.000000 -1236.000000 144.962997	0.000 270.000 0.000
item_ammo_pistol_ttt	-656.000000 -1224.000000 144.962997	0.000 270.000 0.000
item_ammo_pistol_ttt	-41.729401 391.178009 -44.787201	0.000 285.000 0.000
item_ammo_pistol_ttt	-35.517700 367.996002 -44.787201	0.000 285.000 0.000
item_ammo_pistol_ttt	-38.623501 379.587006 -44.787201	0.000 285.000 0.000
item_ammo_pistol_ttt	-787.340027 -357.682007 229.272003	0.000 180.000 0.000
item_ammo_pistol_ttt	-811.340027 -357.682007 229.272003	0.000 180.000 0.000
item_ammo_pistol_ttt	-799.340027 -357.682007 229.272003	0.000 180.000 0.000
item_ammo_pistol_ttt	1668.000000 688.000000 64.280197	0.000 0.000 0.000
item_ammo_pistol_ttt	1656.000000 688.000000 64.280197	0.000 0.000 0.000
item_ammo_pistol_ttt	1644.000000 688.000000 64.280197	0.000 0.000 0.000
item_ammo_pistol_ttt	1632.000000 688.000000 64.280197	0.000 0.000 0.000
item_ammo_pistol_ttt	1620.000000 688.000000 64.280197	0.000 0.000 0.000
item_ammo_pistol_ttt	1608.000000 688.000000 64.280197	0.000 0.000 0.000
item_ammo_pistol_ttt	1596.000000 688.000000 64.280197	0.000 0.000 0.000
item_ammo_pistol_ttt	1584.000000 688.000000 64.280197	0.000 0.000 0.000
item_ammo_pistol_ttt	1572.000000 688.000000 64.280197	0.000 0.000 0.000
item_ammo_pistol_ttt	1527.439941 765.062012 272.279999	0.000 184.500 0.000
item_ammo_pistol_ttt	1539.400024 766.002991 272.279999	0.000 184.500 0.000
item_ammo_pistol_ttt	1551.369995 766.945007 272.279999	0.000 184.500 0.000
item_ammo_pistol_ttt	1584.000000 412.000000 64.280197	0.000 0.000 0.000
item_ammo_pistol_ttt	1596.000000 412.000000 64.280197	0.000 0.000 0.000
item_ammo_pistol_ttt	1608.000000 412.000000 64.280197	0.000 0.000 0.000
item_ammo_pistol_ttt	254.000000 890.000000 328.963013	0.000 180.000 0.000
item_ammo_pistol_ttt	242.000000 890.000000 328.963013	0.000 180.000 0.000
item_ammo_pistol_ttt	230.000000 890.000000 328.963013	0.000 180.000 0.000
item_ammo_pistol_ttt	-42.000000 562.000000 248.279999	0.000 0.000 0.000
item_ammo_pistol_ttt	-30.000000 562.000000 248.279999	0.000 0.000 0.000
item_ammo_pistol_ttt	-16.151600 600.211975 456.279999	0.000 0.000 0.000
item_ammo_pistol_ttt	-36.000000 608.000000 456.279999	0.000 291.500 0.000
item_ammo_pistol_ttt	-30.857300 583.510010 456.279999	0.000 91.000 0.000
item_ammo_pistol_ttt	58.000000 584.000000 384.279999	0.000 0.000 0.000
item_ammo_pistol_ttt	46.000000 584.000000 384.279999	0.000 0.000 0.000
item_ammo_pistol_ttt	298.000000 626.000000 112.279999	0.000 225.000 0.000
item_ammo_pistol_ttt	289.515015 617.515015 112.279999	0.000 225.000 0.000
item_ammo_pistol_ttt	281.028992 609.028992 112.279999	0.000 225.000 0.000
item_ammo_pistol_ttt	1924.579956 -430.000000 142.000000	0.000 0.000 0.000
item_ammo_pistol_ttt	1936.579956 -430.000000 142.000000	0.000 0.000 0.000
item_ammo_pistol_ttt	1948.579956 -430.000000 142.000000	0.000 0.000 0.000
item_ammo_pistol_ttt	1976.000000 -428.000000 96.280098	0.000 0.000 0.000
item_ammo_pistol_ttt	1964.000000 -428.000000 96.280098	0.000 0.000 0.000
item_ammo_pistol_ttt	1660.000000 -1482.000000 36.962898	0.000 0.000 0.000
item_ammo_pistol_ttt	1648.000000 -1482.000000 36.962898	0.000 0.000 0.000
item_ammo_pistol_ttt	1636.000000 -1482.000000 36.962898	0.000 0.000 0.000
item_ammo_pistol_ttt	384.000000 252.000000 -40.787201	0.000 15.000 0.000
item_ammo_pistol_ttt	362.000000 244.000000 -40.787201	0.000 85.000 0.000
item_ammo_pistol_ttt	354.000000 262.000000 -40.787201	0.000 64.500 0.000
item_ammo_pistol_ttt	362.000000 336.000000 -40.787201	0.000 93.000 0.000
item_ammo_pistol_ttt	377.618988 323.998993 -40.787201	0.000 113.500 0.000
item_ammo_pistol_ttt	-204.319000 94.000000 -75.037201	0.000 64.500 0.000
item_ammo_pistol_ttt	-174.319000 84.000000 -75.037201	0.000 15.000 0.000
item_ammo_pistol_ttt	-196.319000 76.000000 -75.037201	0.000 85.000 0.000
item_ammo_pistol_ttt	-538.000000 -1422.000000 100.962997	0.000 0.000 0.000
item_ammo_pistol_ttt	-526.000000 -1422.000000 100.962997	0.000 0.000 0.000
item_ammo_pistol_ttt	-514.000000 -1422.000000 100.962997	0.000 0.000 0.000
item_ammo_pistol_ttt	190.217163 201.539551 112.334000	-0.082 0.041 0.280
item_ammo_pistol_ttt	206.216644 201.721298 112.304237	-0.121 0.029 0.284
item_ammo_pistol_ttt	226.417252 202.845795 112.337219	0.118 -0.033 0.267
weapon_ttt_confgrenade	1544.000000 595.888977 243.487000	0.000 143.000 90.000
weapon_ttt_confgrenade	1554.310059 584.000000 243.487000	0.000 26.000 90.000
weapon_ttt_confgrenade	1369.689941 547.888977 95.987099	0.000 143.000 90.000
weapon_ttt_confgrenade	1380.000000 536.000000 95.987099	0.000 26.000 90.000
weapon_ttt_confgrenade	1865.760010 -79.322098 152.000000	0.000 103.500 90.000
weapon_ttt_confgrenade	1866.150024 -95.050903 152.000000	0.000 346.500 90.000
weapon_ttt_confgrenade	1028.000000 -416.000000 95.487099	0.000 143.000 90.000
weapon_ttt_confgrenade	-275.889008 717.695007 149.737000	0.000 233.000 90.000
weapon_ttt_confgrenade	-264.000000 728.000000 149.737000	0.000 116.000 90.000
weapon_ttt_confgrenade	-100.347000 587.614990 423.487000	0.000 188.000 90.000
weapon_ttt_confgrenade	-84.653099 586.494995 423.487000	0.000 71.000 90.000
weapon_ttt_confgrenade	-829.859009 -423.056000 111.487000	0.000 263.000 90.000
weapon_ttt_confgrenade	-824.716003 -408.187012 111.487000	0.000 146.000 90.000
weapon_ttt_confgrenade	-1516.000000 -1624.000000 89.737099	0.000 233.000 90.000
weapon_ttt_confgrenade	-1504.109985 -1613.689941 89.737099	0.000 116.000 90.000
weapon_ttt_confgrenade	-812.000000 -1044.000000 140.919998	0.000 116.000 90.000
weapon_ttt_confgrenade	-796.000000 -1290.920044 132.850998	0.000 233.000 90.000
weapon_ttt_confgrenade	491.694000 7.933030 90.919403	0.000 52.000 90.000
weapon_ttt_confgrenade	479.627014 -2.163090 90.919403	0.000 295.000 90.000
weapon_ttt_confgrenade	492.877014 21.332399 90.919403	0.000 151.000 90.000
weapon_ttt_confgrenade	479.876007 22.766001 90.919403	0.000 24.000 90.000
weapon_ttt_confgrenade	417.209015 -0.555576 90.919403	0.000 204.000 90.000
weapon_ttt_confgrenade	404.208008 0.878006 90.919403	0.000 331.000 90.000
weapon_ttt_confgrenade	405.390991 14.277400 90.919403	0.000 232.000 90.000
weapon_ttt_confgrenade	417.458008 24.373501 90.919403	0.000 115.000 90.000
weapon_zm_shotgun	-872.000000 -400.000000 113.042999	0.000 0.000 90.000
weapon_zm_shotgun	-351.453003 582.273010 149.334000	0.000 285.000 90.000
weapon_zm_shotgun	-345.912994 459.401001 251.334000	0.000 315.000 90.000
weapon_zm_shotgun	1441.989990 -1277.880005 35.333900	0.000 45.000 90.000
weapon_zm_shotgun	340.000000 616.000000 251.334000	0.000 90.000 90.000
weapon_zm_shotgun	1592.000000 640.000000 110.488998	0.000 0.000 90.000
weapon_zm_shotgun	1592.000000 656.000000 110.488998	0.000 0.000 90.000
weapon_zm_shotgun	1592.000000 672.000000 110.488998	0.000 0.000 90.000
weapon_zm_shotgun	264.964996 703.174988 5.333860	0.000 83.500 90.000
weapon_zm_shotgun	-268.000000 690.484009 115.334000	0.000 75.000 90.000
weapon_zm_shotgun	247.214996 216.000000 -40.166100	0.000 330.000 90.000
weapon_zm_shotgun	-1509.390015 -1581.670044 89.583900	0.000 270.000 90.000
weapon_zm_shotgun	2184.000000 -140.000000 204.000000	0.000 90.000 0.000
weapon_zm_shotgun	2184.000000 -140.000000 192.000000	0.000 90.000 0.000
weapon_zm_shotgun	1982.000000 -438.000000 192.000000	0.000 0.000 0.000
weapon_zm_shotgun	1982.000000 -438.000000 204.000000	0.000 0.000 0.000
weapon_zm_shotgun	-432.000000 -1116.000000 99.333900	0.000 283.500 90.000
weapon_ttt_ak47	-34.590263 248.451706 -79.111816	0.138 11.848 -87.520
weapon_ttt_ak47	-1401.735718 -1705.109131 64.881271	0.148 11.848 -87.445
weapon_ttt_ak47	-1546.970947 -950.613342 62.446415	1.921 11.523 -86.299
weapon_ttt_ak47	184.094376 -1979.689209 77.229576	2.017 7.283 -83.875
weapon_ttt_ak47	-1674.924805 -2259.410156 63.770409	-3.085 6.149 -97.707
weapon_ttt_ak47	-339.217682 469.640564 384.879181	0.151 11.848 -87.422
weapon_ttt_ak47	166.957153 -467.134644 288.879150	0.151 11.848 -87.422
weapon_ttt_smokegrenade	170.028000 597.927002 388.734009	0.000 300.500 90.000
weapon_ttt_smokegrenade	181.072006 609.132996 388.734009	0.000 57.500 90.000
weapon_ttt_smokegrenade	180.966003 622.583984 388.734009	0.000 156.500 90.000
weapon_ttt_smokegrenade	167.886993 622.765015 388.734009	0.000 29.500 90.000
weapon_ttt_smokegrenade	-416.580994 -5.607520 90.919403	0.000 295.000 90.000
weapon_ttt_smokegrenade	-416.332001 19.321600 90.919403	0.000 24.000 90.000
weapon_ttt_smokegrenade	-403.330994 17.888000 90.919403	0.000 151.000 90.000
weapon_ttt_smokegrenade	-404.514008 4.488600 90.919403	0.000 52.000 90.000
weapon_ttt_smokegrenade	-478.750000 20.929100 90.919403	0.000 115.000 90.000
weapon_ttt_smokegrenade	-478.998993 -4.000000 90.919403	0.000 204.000 90.000
weapon_ttt_smokegrenade	-492.000000 -2.566420 90.919403	0.000 331.000 90.000
weapon_ttt_smokegrenade	-490.816010 10.833000 90.919403	0.000 232.000 90.000
weapon_ttt_smokegrenade	-301.436005 890.744019 169.031998	0.000 70.000 90.000
weapon_ttt_smokegrenade	-317.108002 892.137024 169.031998	0.000 187.000 90.000
weapon_ttt_smokegrenade	261.393005 715.671021 -38.530102	0.000 97.000 90.000
weapon_ttt_smokegrenade	260.000000 700.000000 -38.530102	0.000 340.000 90.000
weapon_ttt_smokegrenade	264.000000 896.000000 116.735001	0.000 187.000 90.000
weapon_ttt_smokegrenade	279.670990 894.606995 116.735001	0.000 70.000 90.000
weapon_ttt_smokegrenade	-771.466980 -1195.589966 129.235001	0.000 187.000 90.000
weapon_ttt_smokegrenade	-755.794983 -1196.979980 129.235001	0.000 70.000 90.000
weapon_ttt_smokegrenade	-707.671997 -454.606995 104.000000	0.000 187.000 90.000
weapon_ttt_smokegrenade	-692.000000 -456.000000 104.000000	0.000 70.000 90.000
weapon_ttt_smokegrenade	381.914001 397.648010 20.734600	0.000 277.000 90.000
weapon_ttt_smokegrenade	383.307007 413.320007 20.734600	0.000 160.000 90.000
weapon_ttt_smokegrenade	-204.000000 553.393005 -24.000000	0.000 187.000 90.000
weapon_ttt_smokegrenade	-188.328003 552.000000 -24.000000	0.000 70.000 90.000
weapon_ttt_smokegrenade	1578.150024 615.146973 244.735001	0.000 198.000 90.000
weapon_ttt_smokegrenade	1593.800049 616.770020 244.735001	0.000 81.000 90.000
ttt_playerspawn	-107.922882 -183.868896 66.854439	0.008 -0.066 -0.008
ttt_playerspawn	22.770906 -197.408936 66.963676	0.015 0.131 -0.015
ttt_playerspawn	142.824783 -189.516159 65.649033	0.015 0.263 -0.014
ttt_playerspawn	7.492167 -98.358467 65.472328	-0.015 0.131 -0.015
ttt_playerspawn	172.484665 23.024223 65.620842	0.010 0.132 -0.010
ttt_playerspawn	56.934315 15.863793 65.464066	0.008 0.132 -0.008
ttt_playerspawn	-30.229477 14.693150 66.647346	0.013 0.378 -0.013
ttt_playerspawn	-134.251694 8.644188 67.018166	0.014 0.131 -0.014
ttt_playerspawn	-275.923309 -3.236322 65.742271	0.014 -0.000 -0.014
ttt_playerspawn	-1149.245728 -1254.158813 63.337601	-0.117 0.469 -0.279
ttt_playerspawn	-1158.546265 -1380.979736 65.565872	-3.261 -0.090 -1.105
ttt_playerspawn	-1233.011841 -1308.639893 65.001709	5.815 0.127 1.170
ttt_playerspawn	-1355.842407 -1096.107666 63.495049	2.288 0.005 -0.734
ttt_playerspawn	-1547.597412 -1026.990112 64.439255	0.453 0.085 -0.134
ttt_playerspawn	-1081.373169 -991.546509 65.456329	-4.954 -0.737 1.086
ttt_playerspawn	-1397.469604 -1277.629761 62.279808	-0.834 0.360 1.111
ttt_playerspawn	-349.383545 -1231.331299 98.869560	-0.030 -0.000 0.030
ttt_playerspawn	-414.079987 -1224.137939 98.444901	-0.049 0.066 0.049
ttt_playerspawn	-487.479401 -1215.685791 98.008896	-0.040 -0.000 0.040
ttt_playerspawn	-557.625000 -1219.598633 97.388359	-0.125 -0.032 0.001
ttt_playerspawn	1496.299194 -1604.055664 43.448341	0.662 8.902 0.764
ttt_playerspawn	580.875000 -1961.755859 69.361908	-0.783 -0.006 0.065
ttt_playerspawn	580.644958 -2036.491699 67.317535	-0.531 0.001 0.509
ttt_playerspawn	530.511414 -2116.749023 66.771500	-0.017 0.042 0.538
ttt_playerspawn	468.676056 -2023.633301 66.953232	0.726 0.006 0.563
ttt_playerspawn	463.777100 -1917.904541 67.666946	0.709 -0.026 -0.871
ttt_playerspawn	1674.070435 545.155090 66.901115	-0.037 -0.262 -0.037
ttt_playerspawn	1599.334961 474.439087 66.333023	-0.044 -0.000 0.045
ttt_playerspawn	1539.353638 533.281372 66.839531	-0.038 0.528 0.038
ttt_playerspawn	1923.846558 -277.669098 98.021141	0.017 0.132 -0.017
ttt_playerspawn	1949.419556 -169.307877 97.855423	-0.016 0.396 -0.016
ttt_playerspawn	2027.252930 -144.382996 98.868523	-0.067 -0.000 0.067
ttt_playerspawn	346.832123 825.197754 387.853729	-0.061 -0.000 0.061
ttt_playerspawn	305.775116 646.424866 386.273346	-0.077 0.132 -0.077
ttt_playerspawn	-22.481962 853.693542 386.875214	-0.058 0.132 0.058
weapon_zm_mac10	-1295.920044 -840.408020 90.623596	0.000 285.000 90.000
weapon_zm_mac10	-345.315002 867.646973 153.220993	0.000 225.000 90.000
weapon_zm_mac10	232.000000 878.000000 180.470993	0.000 148.000 90.000
weapon_zm_mac10	-175.503006 725.262024 420.721008	0.000 165.000 90.000
weapon_zm_mac10	-448.000000 864.000000 116.471001	0.000 180.000 90.000
weapon_zm_mac10	1250.439941 -520.950012 96.000000	0.000 75.000 90.000
weapon_zm_mac10	-41.560101 427.049988 280.000000	0.000 75.000 90.000
weapon_zm_mac10	1716.000000 748.000000 232.470993	0.000 180.000 90.000
weapon_zm_mac10	2144.000000 -20.000000 144.470993	0.000 90.000 90.000
weapon_zm_mac10	376.000000 476.000000 -47.528801	0.000 225.000 90.000
weapon_zm_mac10	-10.000000 555.788025 6.471190	0.000 255.000 90.000
weapon_zm_mac10	1422.000000 -1512.000000 40.758499	0.000 255.000 90.000
weapon_zm_mac10	-48.000000 584.000000 -75.528801	0.000 90.000 90.000
weapon_zm_mac10	-792.000000 -1356.000000 100.471001	0.000 270.000 90.000
weapon_zm_mac10	-878.000000 -302.000000 68.471199	0.000 210.000 90.000
weapon_zm_mac10	-88.000000 660.000000 268.000000	0.000 255.000 90.000
weapon_zm_molotov	2120.000000 -320.000000 136.000000	0.000 0.000 90.000
weapon_zm_molotov	2112.000000 -312.000000 136.000000	0.000 60.000 90.000
weapon_zm_molotov	2120.000000 -296.000000 136.000000	0.000 117.000 90.000
weapon_zm_molotov	2123.360107 -305.518005 136.000000	0.000 187.000 90.000
weapon_zm_molotov	2108.360107 -289.264008 136.000000	0.000 216.000 90.000
weapon_zm_molotov	2101.560059 -300.441986 136.000000	0.000 89.000 90.000
weapon_zm_molotov	2100.800049 -282.570007 136.000000	0.000 146.000 90.000
weapon_zm_molotov	2112.439941 -303.559998 136.000000	0.000 29.000 90.000
weapon_zm_molotov	1840.000000 552.229980 128.000000	0.000 0.000 0.000
weapon_zm_molotov	1464.000000 672.000000 112.734001	0.000 0.000 0.000
weapon_zm_molotov	1464.000000 664.000000 112.734001	0.000 0.000 0.000
weapon_zm_molotov	-716.000000 -440.000000 164.733994	0.000 270.000 90.000
weapon_zm_molotov	-986.536011 -344.757996 150.735001	0.000 210.000 90.000
weapon_zm_molotov	-964.000000 -340.000000 150.735001	0.000 285.000 90.000
weapon_zm_molotov	-1196.750000 -868.000000 104.000000	0.000 270.000 90.000
weapon_zm_molotov	-347.950012 536.304016 150.985001	0.000 270.000 90.000
weapon_zm_molotov	-379.700012 532.328979 150.985001	0.000 315.000 90.000
weapon_zm_molotov	140.000000 880.000000 180.735001	0.000 315.000 90.000
weapon_zm_molotov	-22.665001 654.070984 256.734985	0.000 240.000 90.000
weapon_zm_molotov	-99.243797 636.749023 256.734985	0.000 247.500 90.000
weapon_zm_molotov	-109.504997 408.571014 308.984985	0.000 240.000 90.000
weapon_zm_molotov	-100.000000 764.000000 424.984985	0.000 247.500 90.000
weapon_zm_molotov	-108.000000 764.000000 424.984985	0.000 172.500 90.000
weapon_zm_molotov	1525.800049 -1292.250000 36.734600	0.000 187.000 90.000
weapon_zm_molotov	1504.000000 -1287.180054 36.734600	0.000 89.000 90.000
weapon_zm_molotov	1510.790039 -1276.000000 36.734600	0.000 216.000 90.000
weapon_zm_molotov	1522.439941 -1306.739990 36.734600	0.000 0.000 90.000
item_ammo_357_ttt	-720.000000 -648.000000 144.276001	0.000 270.000 0.000
item_ammo_357_ttt	-720.000000 -632.000000 144.276001	0.000 270.000 0.000
item_ammo_357_ttt	-720.000000 -560.000000 144.276001	0.000 270.000 0.000
item_ammo_357_ttt	-720.000000 -576.000000 144.276001	0.000 270.000 0.000
item_ammo_357_ttt	-989.244019 -486.467010 100.276001	0.000 0.000 0.000
item_ammo_357_ttt	-982.026978 -482.625000 100.276001	0.000 173.000 0.000
item_ammo_357_ttt	1615.589966 582.026978 240.276001	0.000 12.000 0.000
item_ammo_357_ttt	1599.939941 578.700012 240.276001	0.000 12.000 0.000
item_ammo_357_ttt	-194.000000 892.000000 324.276001	0.000 0.000 0.000
item_ammo_357_ttt	-210.000000 892.000000 324.276001	0.000 0.000 0.000
item_ammo_357_ttt	0.000000 392.000000 412.000000	0.000 0.000 0.000
item_ammo_357_ttt	56.000000 392.000000 412.000000	0.000 0.000 0.000
item_ammo_357_ttt	-56.000000 392.000000 412.000000	0.000 0.000 0.000
item_ammo_357_ttt	-112.000000 392.000000 412.000000	0.000 0.000 0.000
item_ammo_357_ttt	-906.700012 -464.062012 242.276001	0.000 102.000 0.000
item_ammo_357_ttt	-910.026978 -448.411011 242.276001	0.000 102.000 0.000
item_ammo_357_ttt	198.000000 692.000000 136.000000	0.000 225.000 0.000
item_ammo_357_ttt	140.000000 692.140991 134.000000	0.000 345.000 0.000
item_ammo_357_ttt	-1259.920044 -467.843994 109.276001	0.000 180.000 0.000
item_ammo_357_ttt	-1243.920044 -467.843994 109.276001	0.000 180.000 0.000
item_ammo_357_ttt	382.000000 348.000000 16.275801	0.000 345.000 0.000
item_ammo_357_ttt	382.000000 370.000000 16.275801	0.000 237.500 0.000
item_ammo_357_ttt	-324.000000 -1094.000000 96.275803	0.000 0.000 0.000
item_ammo_357_ttt	-324.000000 -1130.000000 96.275803	0.000 0.000 0.000
item_box_buckshot_ttt	-848.000000 -424.000000 110.002998	0.000 0.000 0.000
item_box_buckshot_ttt	-864.000000 -424.000000 110.002998	0.000 0.000 0.000
item_box_buckshot_ttt	-880.000000 -424.000000 110.002998	0.000 0.000 0.000
item_box_buckshot_ttt	-368.424011 552.880005 146.294006	0.000 285.000 0.000
item_box_buckshot_ttt	-372.565002 568.333984 146.294006	0.000 285.000 0.000
item_box_buckshot_ttt	-376.705994 583.789001 146.294006	0.000 285.000 0.000
item_box_buckshot_ttt	-345.912994 425.459991 248.294006	0.000 315.000 0.000
item_box_buckshot_ttt	-357.226013 436.773987 248.294006	0.000 315.000 0.000
item_box_buckshot_ttt	-368.540009 448.087006 248.294006	0.000 315.000 0.000
item_box_buckshot_ttt	364.000000 640.000000 248.294006	0.000 90.000 0.000
item_box_buckshot_ttt	364.000000 624.000000 248.294006	0.000 90.000 0.000
item_box_buckshot_ttt	364.000000 608.000000 248.294006	0.000 90.000 0.000
item_box_buckshot_ttt	1380.000000 692.000000 136.294006	0.000 0.000 0.000
item_box_buckshot_ttt	1388.000000 712.000000 136.294006	0.000 298.000 0.000
item_box_buckshot_ttt	1368.000000 708.000000 136.294006	0.000 168.500 0.000
item_box_buckshot_ttt	1368.000000 724.000000 136.294006	0.000 241.500 0.000
item_box_buckshot_ttt	1399.829956 732.452026 64.293900	0.000 27.000 0.000
item_box_buckshot_ttt	1376.000000 740.000000 64.293900	0.000 233.000 0.000
item_box_buckshot_ttt	1530.630005 784.338989 96.000000	0.000 211.500 0.000
item_box_buckshot_ttt	1546.359985 784.901978 96.000000	0.000 270.500 0.000
item_box_buckshot_ttt	270.802002 668.661987 -13.706100	0.000 83.500 0.000
item_box_buckshot_ttt	270.809998 649.999023 -14.000000	0.000 173.500 0.000
item_box_buckshot_ttt	270.811005 635.999023 -14.000000	0.000 188.500 0.000
item_box_buckshot_ttt	259.437988 617.145020 -79.706100	0.000 266.500 0.000
item_box_buckshot_ttt	273.419006 617.879028 -79.706100	0.000 281.500 0.000
item_box_buckshot_ttt	-260.000000 660.000000 112.293999	0.000 55.500 0.000
item_box_buckshot_ttt	-248.000000 678.000000 112.293999	0.000 334.500 0.000
item_box_buckshot_ttt	-236.000000 644.000000 112.293999	0.000 97.000 0.000
item_box_buckshot_ttt	200.000000 192.000000 -43.206100	0.000 288.500 0.000
item_box_buckshot_ttt	184.000000 216.000000 -43.206100	0.000 335.500 0.000
item_box_buckshot_ttt	216.000000 216.000000 -43.206100	0.000 248.500 0.000
item_box_buckshot_ttt	1481.250000 -1279.050049 53.293900	0.000 45.000 0.000
item_box_buckshot_ttt	1456.449951 -1298.520020 53.293900	0.000 345.000 0.000
item_box_buckshot_ttt	1475.390015 -1303.959961 74.293900	0.000 81.500 0.000
item_box_buckshot_ttt	-1512.000000 -1648.000000 64.293900	0.000 270.000 0.000
item_box_buckshot_ttt	-1520.000000 -1544.000000 64.293900	0.000 270.000 0.000
item_box_buckshot_ttt	-1504.000000 -1544.000000 64.293900	0.000 270.000 0.000
item_box_buckshot_ttt	-434.000000 -1074.000000 96.293900	0.000 322.000 0.000
item_box_buckshot_ttt	-426.000000 -1102.000000 96.293900	0.000 173.000 0.000
item_box_buckshot_ttt	-432.000000 -1150.000000 96.293900	0.000 155.500 0.000
item_ammo_smg1_ttt	-1319.099976 -846.619019 90.903503	0.000 285.000 0.000
item_ammo_smg1_ttt	-1314.959961 -862.073975 90.903503	0.000 285.000 0.000
item_ammo_smg1_ttt	-362.286011 884.617004 153.501007	0.000 225.000 0.000
item_ammo_smg1_ttt	-373.600006 873.304016 153.501007	0.000 225.000 0.000
item_ammo_smg1_ttt	193.220993 886.318970 180.751007	0.000 174.500 0.000
item_ammo_smg1_ttt	170.832993 886.507996 180.751007	0.000 278.500 0.000
item_ammo_smg1_ttt	-169.291000 748.445007 421.001007	0.000 165.000 0.000
item_ammo_smg1_ttt	-184.746002 752.585999 421.001007	0.000 165.000 0.000
item_ammo_smg1_ttt	-448.000000 888.000000 116.750999	0.000 180.000 0.000
item_ammo_smg1_ttt	-464.000000 888.000000 116.750999	0.000 180.000 0.000
item_ammo_smg1_ttt	1276.680054 -519.383972 92.344704	0.000 45.000 0.000
item_ammo_smg1_ttt	1265.369995 -530.697998 92.344704	0.000 45.000 0.000
item_ammo_smg1_ttt	-26.629999 417.302002 276.345001	0.000 45.000 0.000
item_ammo_smg1_ttt	-15.319900 428.615997 276.345001	0.000 45.000 0.000
item_ammo_smg1_ttt	1700.000000 772.000000 232.751007	0.000 180.000 0.000
item_ammo_smg1_ttt	1716.000000 772.000000 232.751007	0.000 180.000 0.000
item_ammo_smg1_ttt	2168.000000 -20.000000 144.751007	0.000 90.000 0.000
item_ammo_smg1_ttt	2168.000000 -4.000000 144.751007	0.000 90.000 0.000
item_ammo_smg1_ttt	373.289001 430.194000 -39.655300	0.000 270.500 0.000
item_ammo_smg1_ttt	373.428009 414.195007 -39.655300	0.000 270.500 0.000
item_ammo_smg1_ttt	-36.691101 550.752991 4.654130	0.000 83.500 0.000
item_ammo_smg1_ttt	10.000000 552.000000 -79.655296	0.000 180.000 0.000
item_ammo_smg1_ttt	1418.000000 -1564.000000 41.038502	0.000 0.000 0.000
item_ammo_smg1_ttt	1418.000000 -1542.000000 41.038502	0.000 0.000 0.000
item_ammo_smg1_ttt	-24.000000 600.000000 -75.248802	0.000 90.000 0.000
item_ammo_smg1_ttt	-24.000000 584.000000 -75.248802	0.000 90.000 0.000
item_ammo_smg1_ttt	-816.000000 -1356.000000 100.750999	0.000 270.000 0.000
item_ammo_smg1_ttt	-816.000000 -1372.000000 100.750999	0.000 270.000 0.000
item_ammo_smg1_ttt	-850.544983 -308.817993 68.751198	0.000 165.000 0.000
item_ammo_smg1_ttt	-866.000000 -306.000000 68.751198	0.000 165.000 0.000
item_ammo_smg1_ttt	-93.183502 661.210999 252.345001	0.000 83.500 0.000
item_ammo_smg1_ttt	-92.429100 644.887024 252.345001	0.000 83.500 0.000
item_ammo_smg1_ttt	-188.858200 200.113464 112.393562	-0.036 0.068 0.450
item_ammo_smg1_ttt	-209.814255 203.543442 112.410561	0.016 0.076 0.282
item_ammo_smg1_ttt	-234.819931 202.037247 112.360268	0.020 -0.056 0.375
item_ammo_smg1_ttt	-84.170059 267.104401 -79.484314	-0.274 0.014 -0.235
item_ammo_smg1_ttt	-88.351654 242.572113 -79.605759	0.122 -0.005 0.070
item_ammo_smg1_ttt	-1373.553223 -1571.504150 64.432594	0.839 -0.001 0.551
item_ammo_smg1_ttt	-1369.229980 -1600.052979 64.411217	0.265 -0.005 0.166
item_ammo_smg1_ttt	-1579.921021 -913.106628 62.881622	1.143 -0.169 -0.337
item_ammo_smg1_ttt	-1550.417969 -914.746948 62.028366	2.294 -0.027 -0.378
item_ammo_smg1_ttt	204.547119 -2040.972168 72.010139	1.692 -0.107 3.832
item_ammo_smg1_ttt	221.140472 -1983.468506 74.974724	2.761 -0.451 3.369
item_ammo_smg1_ttt	-1696.917847 -2224.823975 55.510902	-7.045 -1.382 -17.474
item_ammo_smg1_ttt	-1644.025146 -2230.113525 64.401482	0.035 0.044 0.088
item_ammo_smg1_ttt	-378.059662 488.570496 384.530426	0.173 -0.017 -0.152
item_ammo_smg1_ttt	-337.578064 501.820557 384.411224	-0.267 0.005 0.167
item_ammo_smg1_ttt	115.937775 -482.511230 288.394257	0.123 -0.005 0.070
item_ammo_smg1_ttt	64.343346 -484.433563 288.420135	-0.423 -0.004 -0.272
weapon_zm_rifle	-706.903015 -592.700989 147.315994	0.000 258.500 90.000
weapon_zm_rifle	-985.609985 -471.115997 110.897003	-45.000 90.000 180.000
weapon_zm_rifle	1575.650024 593.268982 243.315994	0.000 31.500 90.000
weapon_zm_rifle	-258.000000 892.000000 327.316010	0.000 8.500 90.000
weapon_zm_rifle	76.000000 416.000000 387.316010	0.000 0.000 90.000
weapon_zm_rifle	-100.000000 416.000000 387.316010	0.000 0.000 90.000
weapon_zm_rifle	-921.268982 -488.346008 245.315994	0.000 121.500 90.000
weapon_zm_rifle	132.000000 662.000000 156.000000	0.000 345.000 90.000
weapon_zm_rifle	-1243.920044 -491.843994 112.316002	0.000 180.000 90.000
weapon_zm_rifle	382.000000 308.000000 17.957500	0.000 90.000 90.000
weapon_zm_rifle	2184.000000 -116.000000 148.000000	-90.000 90.000 0.000
weapon_zm_rifle	2006.000000 -438.000000 148.000000	-90.000 0.000 0.000
weapon_zm_rifle	-297.652008 -1116.000000 117.989998	0.000 90.000 116.000
weapon_ttt_glock	1536.000000 636.000000 109.931999	0.000 0.000 90.000
weapon_ttt_glock	1536.000000 652.000000 109.931999	0.000 0.000 90.000
weapon_ttt_glock	-48.000000 442.000000 -46.000000	0.000 328.500 90.000
weapon_ttt_glock	1615.589966 -1367.010010 62.431702	0.000 24.500 90.000
weapon_ttt_glock	340.000000 338.000000 -43.818199	0.000 262.500 90.000
weapon_ttt_glock	2185.000000 -148.000000 161.000000	0.000 90.000 0.000
weapon_ttt_glock	1974.000000 -439.000000 161.000000	0.000 0.000 0.000
weapon_ttt_glock	-716.000000 -408.000000 161.932007	0.000 270.000 90.000
weapon_ttt_glock	133.812027 194.002731 112.945908	-1.079 26.184 92.340
weapon_ttt_glock	158.256119 199.146301 113.063042	-1.428 25.521 92.401
ttt_random_ammo	-320.000000 898.000000 194.001007	0.000 180.000 0.000
ttt_random_ammo	-302.000000 894.000000 194.001007	0.000 219.500 0.000
ttt_random_ammo	-304.778992 894.580994 146.001007	0.000 180.000 0.000
ttt_random_ammo	-250.000000 478.000000 190.001007	0.000 180.000 0.000
ttt_random_ammo	-276.000000 480.000000 190.001007	0.000 196.000 0.000
ttt_random_ammo	-93.448402 549.536987 2.000600	0.000 180.000 0.000
ttt_random_ammo	-131.000000 551.000000 2.000600	0.000 216.000 0.000
ttt_random_ammo	184.000000 444.000000 -45.749401	0.000 221.000 0.000
ttt_random_ammo	208.000000 420.000000 -45.749401	0.000 116.500 0.000
ttt_random_ammo	382.000000 500.000000 16.000601	0.000 285.000 0.000
ttt_random_ammo	382.000000 442.000000 16.000601	0.000 261.500 0.000
ttt_random_ammo	32.727501 265.319000 -79.999397	0.000 172.000 0.000
ttt_random_ammo	38.000000 232.000000 -79.999397	0.000 74.000 0.000
ttt_random_ammo	28.044100 206.227005 -79.999397	0.000 152.500 0.000
ttt_random_ammo	-989.046997 -520.270996 140.001007	0.000 287.500 0.000
ttt_random_ammo	-988.000000 -476.000000 140.001007	0.000 168.000 0.000
ttt_random_ammo	-988.000000 -448.000000 140.001007	0.000 192.000 0.000
ttt_random_ammo	-990.000000 -636.000000 146.001007	0.000 278.000 0.000
ttt_random_ammo	-962.268005 -632.081970 274.001007	0.000 221.000 0.000
ttt_random_ammo	-973.577026 -612.280029 274.001007	0.000 266.000 0.000
ttt_random_ammo	-1196.000000 -870.000000 146.001007	0.000 221.000 0.000
ttt_random_ammo	-1246.000000 -874.000000 146.001007	0.000 168.500 0.000
ttt_random_ammo	171.534637 -77.360657 64.349747	-0.049 -0.000 -0.014
ttt_random_ammo	156.514038 -90.338005 64.342964	-0.046 -0.000 -0.021
ttt_random_ammo	164.345505 -108.582298 64.354118	-0.053 -0.000 -0.008
ttt_random_ammo	178.375595 -131.739716 64.440598	-1.559 -0.041 1.874
ttt_random_ammo	193.592331 -95.000389 64.440323	-1.504 -0.035 1.803
ttt_random_ammo	197.490067 -110.467377 64.372452	-0.096 -0.000 0.054
ttt_random_ammo	218.925949 -70.965736 64.358360	-0.057 -0.000 0.000
ttt_random_ammo	224.353851 -122.136253 64.363441	0.068 -0.000 -0.017
ttt_random_ammo	206.516754 -139.974930 64.388878	0.393 -0.002 -0.424
ttt_random_ammo	229.168640 -104.707718 64.420158	1.417 -0.032 -1.700
ttt_random_ammo	-171.092438 -129.761978 64.311928	0.047 0.000 -0.036
ttt_random_ammo	-174.689224 -104.622345 64.312660	-0.047 -0.000 -0.036
ttt_random_ammo	-160.567978 -81.125954 64.380081	-0.143 -0.001 0.115
ttt_random_ammo	-136.399994 -85.419693 64.369133	0.086 0.000 0.041
ttt_random_ammo	-137.878265 -105.627617 64.459328	0.676 -0.022 -0.810
ttt_random_ammo	-149.620773 -133.450439 64.390381	0.447 0.003 0.490
ttt_random_ammo	-158.253464 -107.376137 64.370964	0.093 0.000 0.050
ttt_random_ammo	-189.508759 -77.958054 64.320755	-0.045 -0.000 -0.033
ttt_random_ammo	-201.511581 -129.589096 64.342964	-0.046 -0.000 -0.021
ttt_random_ammo	-230.064484 -92.945305 64.376297	-0.117 -0.000 0.081
ttt_random_ammo	-231.176987 -119.644333 64.446556	-1.264 -0.031 1.510
ttt_random_ammo	-195.168015 -99.243370 64.325951	-0.045 -0.000 -0.031
ttt_random_ammo	-282.817596 246.768936 112.353348	0.055 0.000 -0.007
ttt_random_ammo	-303.547699 241.355652 112.430061	1.461 0.034 1.775
ttt_random_ammo	-329.292450 242.649429 112.392235	0.616 0.005 0.695
ttt_random_ammo	-360.351898 248.637405 112.383949	0.246 0.001 0.241
ttt_random_ammo	364.206726 438.066223 112.335258	0.047 0.000 -0.027
ttt_random_ammo	369.121368 417.209808 112.342316	0.048 0.000 -0.021
ttt_random_ammo	344.880310 406.690521 112.337646	0.047 0.000 -0.025
ttt_random_ammo	326.086487 432.991913 112.353355	0.055 0.000 -0.008
ttt_random_ammo	322.374664 405.626190 112.357521	0.060 0.000 0.001
ttt_random_ammo	-31.115030 522.699280 112.380852	0.191 -0.001 -0.173
ttt_random_ammo	-40.821579 540.925964 112.393265	0.952 -0.011 -1.104
ttt_random_ammo	-17.540010 551.250488 112.426842	1.471 0.035 1.783
ttt_random_ammo	-13.223816 528.214478 112.357506	0.060 0.000 0.001
ttt_random_ammo	1.119030 490.988037 112.367310	0.083 0.000 0.035
ttt_random_ammo	-6.169659 509.223694 112.353340	0.054 0.000 -0.008
ttt_random_ammo	13.528032 507.943573 112.355446	0.056 0.000 -0.004
ttt_random_ammo	23.178984 483.353027 112.374489	0.120 0.000 0.084
ttt_random_ammo	380.722717 895.307617 112.332817	0.046 0.000 -0.028
ttt_random_ammo	385.837982 874.999756 112.370979	0.098 0.000 0.055
ttt_random_ammo	356.074951 871.704773 112.363495	0.071 0.000 0.018
ttt_random_ammo	373.318848 848.785461 112.363495	0.071 0.000 0.018
ttt_random_ammo	406.751007 853.308167 112.365417	0.077 0.000 0.026
ttt_random_ammo	430.109314 849.918152 112.443245	1.101 0.028 1.332
ttt_random_ammo	423.939667 829.904358 112.365417	0.077 0.000 0.026
ttt_random_ammo	394.691498 830.545898 112.428932	1.428 0.033 1.730
ttt_random_ammo	-242.298538 665.104736 146.334686	0.045 0.000 -0.032
ttt_random_ammo	-277.151398 662.848450 146.324707	0.046 0.000 -0.035
ttt_random_ammo	-249.546417 702.321960 146.435104	1.363 0.034 1.643
ttt_random_ammo	-1665.344482 -1492.477295 64.366386	-0.714 -0.335 1.529
ttt_random_ammo	-1650.026489 -1463.126221 64.356339	-0.057 -0.000 -0.003
ttt_random_ammo	-1637.085083 -1494.169800 64.333542	-0.046 -0.000 -0.028
ttt_random_ammo	-1459.315430 -1015.862915 62.979412	-5.754 -0.898 -1.737
ttt_random_ammo	-1461.964233 -1032.674927 63.196209	-5.514 0.301 -0.105
ttt_random_ammo	-1459.179565 -1051.498657 63.314728	-5.827 -0.230 0.779
ttt_random_ammo	-1366.156372 -1407.356934 65.229546	0.052 0.073 0.956
ttt_random_ammo	-1394.027710 -1417.844604 63.884167	-3.747 0.502 0.195
ttt_random_ammo	-1429.788452 -1421.724365 62.261833	0.475 0.115 -1.497
ttt_random_ammo	-1410.861572 -1398.102173 63.221367	-2.322 0.018 1.080
ttt_random_ammo	-1384.781128 -1388.063477 64.265366	-3.294 2.453 -7.991
ttt_random_ammo	-943.543457 -1628.818481 65.444870	0.083 0.095 -0.133
ttt_random_ammo	-972.501709 -1636.684570 65.319939	0.047 -0.000 0.035
ttt_random_ammo	-979.275879 -1621.204590 65.360046	0.194 0.158 0.264
ttt_random_ammo	-957.198669 -1605.991211 65.427528	0.056 0.223 0.015
ttt_random_ammo	-930.559143 -1595.966553 65.381081	0.136 0.129 -0.038
ttt_random_ammo	-947.085388 -1570.645630 65.357384	0.055 0.000 -0.006
ttt_random_ammo	-978.121338 -1589.403564 65.400467	-0.303 -0.103 0.334
ttt_random_ammo	-978.050537 -1603.194458 65.374908	-0.006 -0.092 -0.154
ttt_random_ammo	-1218.839478 -932.226685 59.140869	0.827 0.010 -0.929
ttt_random_ammo	-1184.641846 -938.361938 59.622833	-2.101 -0.234 -0.530
ttt_random_ammo	-1204.401733 -944.770691 59.102913	-0.131 -0.440 2.601
ttt_random_ammo	-1217.292480 -959.573059 58.745106	0.975 -0.290 2.234
ttt_random_ammo	-1183.473022 -975.089111 58.822811	-1.280 0.853 -2.859
ttt_random_ammo	-1104.321289 -526.099487 60.689285	-6.971 -0.792 0.100
ttt_random_ammo	-1079.726196 -537.968079 62.854275	-5.310 0.829 -0.159
ttt_random_ammo	-1079.898682 -565.755798 63.112358	-4.730 0.712 -1.670
ttt_random_ammo	-1115.842529 -570.604553 60.627758	-3.183 0.042 -1.632
ttt_random_ammo	-1099.316284 -595.472168 62.513321	-2.560 -0.271 -0.827
ttt_random_ammo	-1097.201782 -627.696472 62.903885	-3.302 -0.169 -0.050
ttt_random_ammo	-1317.933838 -708.028015 64.357491	0.058 0.000 0.000
ttt_random_ammo	-1311.426392 -679.855530 64.370934	0.096 -0.000 -0.053
ttt_random_ammo	-1287.496216 -687.605774 64.327820	0.046 0.000 -0.030
ttt_random_ammo	-1299.794800 -706.964600 64.442505	1.062 -0.027 -1.281
ttt_random_ammo	-1285.869507 -722.584106 64.363472	0.070 -0.000 -0.017
ttt_random_ammo	-1318.714478 -735.788452 64.339958	0.047 0.000 -0.023
ttt_random_ammo	-935.404297 -628.530151 64.357491	0.058 0.000 -0.000
ttt_random_ammo	-957.611023 -626.250854 64.379433	0.166 0.001 0.142
ttt_random_ammo	-915.484741 -630.039978 64.335243	0.046 -0.000 0.026
ttt_random_ammo	-701.781128 -462.135040 100.643814	0.359 0.002 0.381
ttt_random_ammo	-575.496826 -622.097473 92.478935	-0.731 0.031 1.159
ttt_random_ammo	-651.589172 -1185.453125 138.361237	0.052 0.000 -0.010
ttt_random_ammo	-648.455017 -1273.471802 138.341858	0.045 0.000 -0.028
ttt_random_ammo	-237.273621 -1435.867676 96.325310	0.046 -0.000 0.032
ttt_random_ammo	-258.338684 -1436.066772 96.339958	0.047 0.000 -0.023
ttt_random_ammo	-281.178955 -1439.921753 96.432137	-0.064 3.117 -1.684
ttt_random_ammo	-281.051239 -1413.902100 96.369156	0.088 0.000 0.043
ttt_random_ammo	-257.319427 -1417.462036 96.346817	0.049 -0.000 0.017
ttt_random_ammo	-238.345016 -1415.952148 96.377731	0.148 -0.001 -0.120
ttt_random_ammo	-222.147568 -1014.552734 96.374443	-0.108 -0.000 0.069
ttt_random_ammo	-222.601578 -1036.453857 96.349808	-0.050 -0.000 -0.014
ttt_random_ammo	-238.078308 -1022.832886 96.349800	-0.050 -0.000 -0.014
ttt_random_ammo	-260.506134 -1008.607605 96.349800	-0.050 -0.000 -0.014
ttt_random_ammo	-260.744171 -1029.122192 96.404213	-0.714 -0.007 0.816
ttt_random_ammo	-280.362152 -1019.526245 96.383949	-0.188 -0.001 0.170
ttt_random_ammo	71.412682 -574.091248 100.339981	0.047 0.000 -0.024
ttt_random_ammo	99.783966 -574.815552 100.383942	0.245 0.001 0.240
ttt_random_ammo	80.677452 -599.099487 100.342300	0.048 0.000 -0.022
ttt_random_ammo	-94.238449 -591.273865 100.344574	0.049 0.000 -0.019
ttt_random_ammo	-79.172783 -567.587341 100.355438	0.057 0.000 -0.004
ttt_random_ammo	-65.788406 -599.871399 100.355438	0.057 0.000 -0.004
ttt_random_ammo	219.743729 -868.969849 64.335052	0.046 0.000 -0.029
ttt_random_ammo	193.914932 -893.305542 64.407700	-0.158 -0.294 0.339
ttt_random_ammo	170.981842 -869.322021 64.420021	0.135 0.298 0.311
ttt_random_ammo	189.750427 -851.880188 64.400589	-0.435 -0.327 -0.372
ttt_random_ammo	243.673019 -895.003418 64.370918	0.087 0.000 0.040
ttt_random_ammo	204.169876 -935.670715 64.349663	-0.049 0.000 0.018
ttt_random_ammo	168.230209 -925.007324 64.333717	0.248 0.072 -0.174
ttt_random_ammo	205.440750 -877.675415 64.365326	0.069 0.000 0.015
ttt_random_ammo	609.898132 -840.672424 81.194122	0.698 -0.408 3.170
ttt_random_ammo	567.992737 -835.544983 81.461693	0.551 0.357 2.057
ttt_random_ammo	583.961670 -805.108582 80.565155	-0.479 0.533 -4.431
ttt_random_ammo	621.255310 -817.148254 81.758789	-3.334 -0.393 0.040
ttt_random_ammo	565.848145 -811.082458 80.614891	-0.439 0.667 -3.589
ttt_random_ammo	566.880432 -785.939941 77.782845	-1.193 1.117 -6.590
ttt_random_ammo	166.131332 -2010.000610 75.254539	1.047 1.089 6.244
ttt_random_ammo	192.225754 -2013.585083 74.249428	1.737 1.149 4.533
ttt_random_ammo	237.971649 -2031.566284 71.363052	2.280 0.918 5.557
ttt_random_ammo	255.916626 -2008.437500 72.034859	2.238 1.081 5.521
ttt_random_ammo	722.856995 -1683.341431 45.057152	6.898 -0.788 -7.537
ttt_random_ammo	720.976257 -1706.016479 47.979786	9.088 0.704 -4.620
ttt_random_ammo	683.920898 -1687.021851 53.241882	3.110 -11.853 -103.601
ttt_random_ammo	677.258728 -1654.537109 46.605614	2.454 0.449 -98.301
ttt_random_ammo	708.513306 -1663.209595 45.765865	6.103 -8.766 -95.089
ttt_random_ammo	689.844849 -1714.302856 55.890877	77.071 -152.631 -162.168
ttt_random_ammo	1364.937134 -1526.741089 41.047646	0.569 0.976 3.256
ttt_random_ammo	1366.272095 -1549.014648 40.627769	-0.355 -0.176 1.355
ttt_random_ammo	1361.908325 -1592.533569 35.966618	0.039 0.029 4.896
ttt_random_ammo	1380.555908 -1577.689209 37.560284	-3.434 -2.349 5.417
ttt_random_ammo	1529.808716 -1485.254639 32.459152	0.685 0.022 0.820
ttt_random_ammo	1505.328735 -1478.084473 32.346764	0.048 0.000 -0.017
ttt_random_ammo	1500.218994 -1455.130859 32.330284	0.045 0.000 -0.029
ttt_random_ammo	1524.066040 -1459.425049 32.395039	1.021 0.013 1.191
ttt_random_ammo	1419.593140 -1596.763184 38.264477	-1.662 0.056 2.415
ttt_random_ammo	1422.706543 -1617.792114 38.030926	-2.725 0.286 1.111
ttt_random_ammo	2004.737427 -1537.899292 31.359198	0.066 -0.605 -3.208
ttt_random_ammo	2034.654175 -1562.168823 32.311119	-0.451 0.004 -3.304
ttt_random_ammo	2003.037720 -1579.417603 32.742199	0.327 0.272 -1.573
ttt_random_ammo	1988.970459 -1566.013916 32.488068	0.411 0.463 -2.058
ttt_random_ammo	1983.668579 -1510.332764 29.898991	0.019 0.259 -4.943
ttt_random_ammo	2025.423462 -1493.642334 28.644564	1.018 -0.775 -8.051
ttt_random_ammo	2049.759277 -1521.486694 30.533587	-0.359 0.898 -5.352
ttt_random_ammo	-756.111938 -2254.165527 64.358070	0.114 0.129 -0.165
ttt_random_ammo	-738.693420 -2223.669922 64.390434	-0.143 -0.204 -0.164
ttt_random_ammo	-730.032471 -2256.845215 64.360870	0.067 0.210 0.012
ttt_random_ammo	-700.454041 -2253.495361 64.430557	0.157 0.063 -0.019
ttt_random_ammo	-704.836121 -2232.623291 64.357712	0.101 0.018 -0.161
ttt_random_ammo	-710.298218 -2208.776367 64.337288	0.049 0.000 -0.007
ttt_random_ammo	1024.137207 -596.127747 64.360497	-0.062 -0.000 0.006
ttt_random_ammo	1001.618958 -565.417603 64.323425	-0.046 -0.000 -0.033
ttt_random_ammo	1029.082275 -562.662231 64.347572	-0.049 -0.000 -0.017
ttt_random_ammo	1045.881836 -585.927612 64.362556	-0.066 -0.000 0.012
ttt_random_ammo	1064.060059 -639.450012 63.834850	0.094 -0.273 -3.178
ttt_random_ammo	1073.579712 -667.208740 64.808624	0.156 -0.289 -1.282
ttt_random_ammo	1033.156128 -674.367126 65.088089	-0.150 0.227 -1.146
ttt_random_ammo	1036.399536 -649.465942 64.383751	-0.698 0.217 -2.442
ttt_random_ammo	1246.659302 -268.540375 65.339806	0.047 0.000 -0.026
ttt_random_ammo	1254.946655 -292.165375 65.452026	-0.043 0.051 -0.051
ttt_random_ammo	1259.699463 -319.272064 65.365173	-0.191 -0.174 0.041
ttt_random_ammo	1258.838623 -232.597183 65.363571	-0.341 -0.173 0.292
ttt_random_ammo	1045.722046 596.319275 67.708916	-7.239 1.612 2.842
ttt_random_ammo	1064.681152 565.265442 69.625023	-4.082 0.178 -0.363
ttt_random_ammo	1092.262939 581.273315 71.262947	-3.799 0.475 0.194
ttt_random_ammo	1081.513794 602.718750 71.234154	-3.332 -1.385 7.032
ttt_random_ammo	1068.584717 618.499878 71.931099	-3.987 -1.382 7.195
ttt_random_ammo	1104.792480 618.316833 73.276680	-1.850 -1.194 5.422
ttt_random_ammo	2123.636963 -36.488934 96.332748	0.005 0.000 0.009
ttt_random_ammo	2102.145020 -38.433331 96.411057	1.526 0.036 1.875
ttt_random_ammo	1866.350464 -367.958069 96.382156	0.228 0.001 0.278
ttt_random_ammo	1892.678101 -368.578583 96.391617	1.300 -0.021 -1.577
ttt_random_ammo	1915.895508 -367.874817 96.330284	0.004 0.000 0.008
ttt_random_ammo	1933.829346 -368.485474 96.413574	1.479 0.038 1.816
ttt_random_ammo	1811.951538 -392.594696 94.331192	0.181 0.140 -0.011
ttt_random_ammo	1825.223999 -359.056610 94.265579	0.373 -2.602 -0.939
ttt_random_ammo	1823.730957 -323.748627 94.336815	-0.031 0.001 1.002
ttt_random_ammo	1797.000610 -339.965607 94.283562	0.035 -0.135 -0.284
ttt_random_ammo	1786.785278 -357.729156 94.312477	0.047 -0.050 -0.312
ttt_random_ammo	1757.107178 4.215480 89.210007	-1.940 0.902 -5.647
ttt_random_ammo	1793.737305 -11.315873 93.652603	-7.716 -0.449 -3.110
ttt_random_ammo	1769.497437 -16.804550 91.379089	-7.116 -1.715 -3.682
ttt_random_ammo	1782.537109 -36.497585 92.994682	-6.925 0.168 -3.948
ttt_random_ammo	-540.498657 -295.035339 64.075081	-3.777 0.916 1.959
ttt_random_ammo	-516.757507 -286.101166 64.437828	0.456 0.024 1.393
ttt_random_ammo	-517.349976 -307.574463 64.354057	-0.053 -0.000 -0.011
ttt_random_ammo	-531.688049 -321.947784 64.386551	-3.158 0.067 -0.086
ttt_random_ammo	-503.118927 -332.994263 64.413933	0.130 -0.152 -0.200
ttt_random_ammo	-430.383423 663.131409 112.357506	0.059 0.000 0.000
ttt_random_ammo	-425.759552 639.366760 112.369133	0.090 -0.000 -0.044
ttt_random_ammo	-425.210052 618.193665 112.377831	0.151 0.001 0.122
ttt_random_ammo	-420.959686 593.256042 112.372749	0.110 0.000 0.070
ttt_random_ammo	-421.249237 567.019165 112.361526	0.066 -0.000 -0.011
ttt_random_ammo	-418.429871 536.715515 112.349030	0.051 0.000 -0.014
ttt_random_ammo	-417.415466 502.661316 112.357513	0.059 -0.000 -0.000
ttt_random_ammo	-417.567810 472.105560 112.385338	0.279 0.001 0.282
ttt_random_ammo	-418.009796 428.692078 112.342300	0.048 0.000 -0.021
ttt_random_ammo	-418.274017 404.797729 112.394737	1.071 0.014 1.249
ttt_random_ammo	-421.145386 370.935425 112.351204	0.052 0.000 -0.011
ttt_random_ammo	-415.888275 448.583557 112.317444	0.047 0.000 -0.035
ttt_random_ammo	-122.561554 807.331116 384.369171	0.091 0.000 0.045
ttt_random_ammo	-148.878098 807.740295 384.357513	0.060 0.000 0.001
ttt_random_ammo	-185.539749 809.321472 384.332825	0.046 0.000 -0.028
ttt_random_ammo	-221.799316 803.875488 384.369171	0.091 0.000 0.045
ttt_random_ammo	-239.742401 784.741089 384.456177	0.842 0.024 1.020
ttt_random_ammo	-241.907318 753.933411 384.435791	1.215 0.030 1.465
ttt_random_ammo	-241.579239 705.052856 384.357513	0.059 0.000 0.000
ttt_random_ammo	-240.529877 644.819092 384.369171	0.091 0.000 0.045
ttt_random_ammo	-159.022568 416.239258 384.414825	-1.284 -0.020 1.509
ttt_random_ammo	-186.410187 418.462067 384.451324	-1.503 -0.034 1.827
ttt_random_ammo	-207.022964 438.680847 384.345337	-0.048 -0.000 -0.019
ttt_random_ammo	-177.089661 439.837097 384.362579	-0.066 -0.000 0.011
ttt_random_ammo	15.237618 421.235107 384.458649	-1.111 -0.028 1.340
ttt_random_ammo	12.340160 445.024536 384.345337	-0.049 -0.000 -0.019
ttt_random_ammo	35.306980 439.440735 384.368622	-0.083 -0.000 0.035
ttt_random_ammo	42.972534 453.851990 384.417603	-1.445 -0.025 1.705
ttt_random_ammo	241.992477 728.932983 384.355438	0.057 0.000 -0.004
ttt_random_ammo	241.374649 754.573669 384.454376	0.881 0.024 1.067
ttt_random_ammo	236.538040 785.135010 384.444672	1.047 0.027 1.265
ttt_random_ammo	238.183517 690.270996 384.337646	0.047 0.000 -0.025
ttt_random_ammo	244.729599 663.765076 384.376190	0.135 0.000 0.103
ttt_random_ammo	394.231140 894.693054 384.361542	0.067 0.000 0.011
ttt_random_ammo	425.520721 899.441284 384.327850	0.046 0.000 -0.031
ttt_random_ammo	457.293610 892.446655 384.367310	0.083 0.000 0.034
ttt_random_ammo	489.629059 891.284851 384.437500	1.201 0.030 1.451
ttt_random_ammo	-556.119385 768.828918 384.446869	0.987 -0.026 -1.192
ttt_random_ammo	-543.082397 752.650818 384.380981	0.192 0.001 0.173
ttt_random_ammo	-512.250305 749.851257 384.344574	0.049 0.000 -0.019
ttt_random_ammo	-614.606628 884.868652 394.370911	0.100 -0.000 -0.057
ttt_random_ammo	-599.130798 884.484924 394.387909	0.364 0.002 0.386
ttt_random_ammo	-605.990906 867.950684 394.367279	0.084 -0.000 -0.035
ttt_random_ammo	-532.296753 540.365723 284.327820	0.046 0.000 -0.030
ttt_random_ammo	-553.261963 543.197815 284.351166	0.051 0.000 -0.012
ttt_random_ammo	-558.888794 587.135864 248.374481	0.122 0.000 0.085
ttt_random_ammo	-534.023926 577.155945 248.390289	0.466 0.003 0.511
ttt_random_ammo	-562.279175 617.554077 248.339981	0.047 0.000 -0.023
ttt_random_ammo	-462.887390 264.575806 248.358459	-0.060 -0.000 0.001
ttt_random_ammo	-484.013977 284.329712 248.362595	-0.067 -0.000 0.012
ttt_random_ammo	-509.765198 313.243073 248.465149	-0.945 -0.025 1.143
ttt_random_ammo	-546.686218 341.658203 248.374481	-0.111 -0.000 0.071
ttt_random_ammo	-483.861786 303.597443 248.333557	-0.046 -0.000 -0.028
ttt_random_ammo	-510.561035 335.048157 248.454300	-1.277 -0.031 1.544
ttt_random_ammo	-462.661774 289.451569 248.356339	-0.057 -0.000 -0.004
ttt_random_ammo	537.431702 336.569031 248.323471	-0.047 -0.000 -0.033
ttt_random_ammo	503.395325 299.664703 248.322723	0.047 0.000 -0.033
ttt_random_ammo	472.998596 270.796875 248.436401	1.265 0.031 1.532
ttt_random_ammo	442.872589 254.840210 248.379440	0.170 0.001 0.146
ttt_random_ammo	445.826660 283.774170 248.314743	0.047 0.000 -0.036
ttt_random_ammo	497.121094 339.271912 248.372543	-0.099 -0.000 0.056
ttt_random_ammo	538.622437 700.309143 284.351166	0.052 0.000 -0.011
ttt_random_ammo	559.670227 689.394470 284.391357	0.523 0.004 0.582
ttt_random_ammo	537.909241 684.525513 284.437042	1.133 0.028 1.360
ttt_random_ammo	240.395416 890.895935 248.392181	0.622 0.005 0.703
ttt_random_ammo	198.163055 886.322266 248.337631	0.047 0.000 -0.025
ttt_random_ammo	291.743042 894.730713 248.436172	1.172 0.029 1.409
ttt_random_ammo	323.412323 887.220154 248.349030	0.051 0.000 -0.014
ttt_random_ammo	374.718140 533.768005 248.330353	0.046 0.000 -0.029
ttt_random_ammo	363.648376 490.315094 248.351212	0.052 0.000 -0.011
ttt_random_ammo	332.512177 447.840302 248.353348	0.054 -0.000 0.007
ttt_random_ammo	338.456573 489.153381 248.355453	0.057 -0.000 0.004
ttt_random_ammo	354.118652 518.005676 248.355438	0.057 0.000 -0.004
ttt_random_ammo	-52.607040 891.778687 248.337631	0.047 0.000 -0.025
ttt_random_ammo	-14.767009 891.620667 248.325317	0.046 0.000 -0.032
ttt_random_ammo	25.218241 895.450806 248.374512	0.119 0.000 0.082
ttt_random_ammo	-262.075867 887.332520 248.422073	1.531 0.036 1.851
ttt_random_ammo	-225.567139 889.162354 248.391235	0.545 0.004 0.609
ttt_random_ammo	-194.392136 890.163330 248.337631	0.047 0.000 -0.025
ttt_random_ammo	-7.870803 943.389587 112.344521	0.047 0.000 -0.019
ttt_random_ammo	47.955784 938.967346 112.351151	0.051 0.000 -0.011
ttt_random_ammo	-0.177550 962.210205 112.357460	0.057 0.000 0.000
ttt_random_ammo	-42.367489 950.343994 112.335175	0.045 0.000 -0.026
ttt_random_ammo	41.263008 962.220947 112.443344	0.965 0.026 1.153
ttt_random_ammo	19.324581 937.809570 112.386765	0.298 0.002 0.308
ttt_random_ammo	-383.070068 948.257568 112.365387	0.073 0.000 0.023
ttt_random_ammo	-437.295410 951.549683 112.385422	0.260 0.001 0.261
ttt_random_ammo	-356.032654 935.087646 112.342239	0.046 0.000 -0.021
ttt_random_ammo	-362.911804 957.319092 112.342239	0.046 0.000 -0.021
ttt_random_ammo	-407.156952 967.931946 112.351151	0.051 0.000 -0.011
ttt_random_ammo	-887.404785 1055.869385 64.335175	0.045 0.000 -0.026
ttt_random_ammo	-873.206848 1085.744873 64.344521	0.047 0.000 -0.019
ttt_random_ammo	-852.787170 1056.309937 64.335175	0.045 0.000 -0.026
ttt_random_ammo	-834.436523 1081.450195 64.377831	0.143 0.001 0.115
ttt_random_ammo	-851.305115 1117.293823 64.412834	0.027 -0.104 -0.108
ttt_random_ammo	800.766113 1139.735107 64.351151	0.050 0.000 -0.011
ttt_random_ammo	784.592712 1121.735352 64.429718	1.237 -0.031 -1.484
ttt_random_ammo	779.240051 1146.180176 64.374420	0.114 -0.000 -0.077
ttt_random_ammo	761.734680 1129.741211 64.363441	0.068 -0.000 -0.016
ttt_random_ammo	735.622620 1202.312866 64.446922	0.928 0.025 1.113
ttt_random_ammo	737.692688 1183.552246 64.361496	0.064 0.000 0.010
ttt_random_ammo	713.282288 1202.165405 64.348976	0.049 0.000 -0.014
ttt_random_ammo	710.130493 1177.808716 64.325233	0.045 0.000 -0.031
ttt_random_ammo	596.566223 661.038940 112.353294	0.052 -0.000 0.008
ttt_random_ammo	614.787781 720.764343 112.342667	0.220 0.096 0.004
ttt_random_ammo	635.255615 707.385620 112.288864	1.497 -0.185 0.338
ttt_random_ammo	649.357544 674.053833 111.916992	1.590 -0.045 0.085
ttt_random_ammo	630.205505 646.609924 112.336937	0.347 -0.235 -0.051
ttt_random_ammo	622.904663 672.326294 112.338921	0.211 -0.036 -0.142
ttt_random_ammo	629.127441 743.417480 112.329224	-0.151 0.000 -0.068
ttt_random_ammo	608.931885 759.367004 112.374474	0.115 0.000 0.079
ttt_random_ammo	837.201416 162.257401 64.355392	0.054 0.000 -0.004
ttt_random_ammo	834.132324 135.216507 64.370949	0.095 0.000 0.053
ttt_random_ammo	814.759277 130.212997 64.417053	1.506 0.035 1.807
ttt_random_ammo	815.508362 152.683380 64.376175	0.128 0.000 0.095
ttt_random_ammo	808.381897 173.364624 64.408348	1.674 0.033 2.009
ttt_random_ammo	-184.982178 -467.181793 64.332817	-0.005 -0.000 0.009
ttt_random_ammo	-215.836411 -470.521942 64.342377	-0.010 -0.000 0.015
ttt_random_ammo	-217.386383 -449.042938 64.351410	-0.019 -0.000 0.025
ttt_random_ammo	-175.525406 -454.161774 64.449821	-1.182 -0.030 1.455
ttt_random_ammo	-187.475128 -430.513489 64.327827	-0.003 -0.000 0.007
ttt_random_ammo	-204.966980 -434.018646 64.327827	-0.003 -0.000 0.007
ttt_random_ammo	-754.733643 78.740448 64.380089	-0.144 -0.001 0.116
ttt_random_ammo	-715.141174 74.085602 64.323372	-0.045 -0.000 -0.032
ttt_random_ammo	-729.127808 53.666031 64.361488	0.064 0.000 0.010
ttt_random_ammo	-757.981689 29.584587 64.379440	0.161 0.001 0.137
ttt_random_ammo	-720.886414 20.410839 64.407646	1.639 0.033 1.961
ttt_random_ammo	90.817574 -297.046692 288.363495	0.071 0.000 0.018
ttt_random_ammo	116.142220 -292.809174 288.429199	1.402 0.033 1.697
ttt_random_ammo	148.116364 -293.188293 288.407776	0.107 0.132 -0.022
ttt_random_ammo	152.901520 -318.448578 288.317444	0.047 0.000 -0.035
ttt_random_ammo	127.922478 -315.066772 288.394714	0.001 0.160 0.134
ttt_random_ammo	95.217278 -318.575836 288.376190	0.131 0.000 0.097
ttt_random_ammo	156.589081 -308.571014 64.391670	0.867 0.010 1.053
ttt_random_ammo	185.019745 -291.752228 64.374283	0.111 0.001 0.136
ttt_random_ammo	184.090500 -321.212952 64.372559	0.097 0.001 0.120
ttt_random_ammo	203.747726 -482.175537 64.311928	-0.000 0.000 0.003
ttt_random_ammo	207.991333 -459.685181 64.361427	0.039 0.001 0.050
ttt_random_ammo	236.997757 -474.581207 64.391258	0.719 0.008 0.873
weapon_zm_pistol	-800.000000 -432.000000 109.723000	0.000 54.000 90.000
weapon_zm_pistol	-807.789978 -439.483002 109.723000	0.000 122.000 90.000
weapon_zm_pistol	-1248.959961 -652.315979 105.723000	0.000 340.500 90.000
weapon_zm_pistol	1422.109985 484.632996 93.723198	0.000 280.000 90.000
weapon_zm_pistol	1437.000000 490.647003 93.723198	0.000 208.500 90.000
weapon_zm_pistol	1813.630005 612.489014 225.973007	0.000 53.000 90.000
weapon_zm_pistol	-11.416300 444.747986 -46.000000	0.000 21.500 90.000
weapon_zm_pistol	-16.000000 612.000000 285.722992	0.000 319.000 90.000
weapon_zm_pistol	-44.000000 598.000000 285.722992	0.000 31.000 90.000
weapon_zm_pistol	22.065399 594.000000 426.915985	0.000 32.000 90.000
weapon_zm_pistol	178.000000 688.000000 385.722992	0.000 26.000 90.000
weapon_zm_pistol	176.000000 704.000000 385.722992	0.000 279.500 90.000
weapon_zm_pistol	1942.000000 -412.000000 142.000000	0.000 38.000 90.000
weapon_zm_pistol	1930.000000 -394.000000 142.000000	0.000 301.500 90.000
weapon_zm_pistol	362.000000 328.000000 -43.818199	0.000 37.500 90.000
weapon_zm_pistol	2185.000000 -148.000000 171.000000	0.000 90.000 0.000
weapon_zm_pistol	1974.000000 -439.000000 171.000000	0.000 0.000 0.000
weapon_zm_pistol	-716.000000 -424.000000 161.932007	0.000 270.000 90.000
weapon_ttt_dual_elites	-122.063904 196.252304 112.050041	1.490 -0.526 1.250
weapon_ttt_dual_elites	-158.115631 198.319611 112.037560	1.503 -0.248 -0.957
weapon_ttt_revolver	-271.224792 198.279343 113.884323	8.808 20.936 75.217
weapon_ttt_revolver	-292.543091 193.819138 113.691994	8.198 26.942 76.267
item_ammo_revolver_ttt	-752.000000 -376.000000 100.276001	0.000 90.000 0.000
item_ammo_revolver_ttt	-752.000000 -360.000000 100.276001	0.000 90.000 0.000
item_ammo_revolver_ttt	-752.000000 -344.000000 100.276001	0.000 90.000 0.000
item_ammo_revolver_ttt	-1242.260010 -570.898010 104.276001	0.000 195.000 0.000
item_ammo_revolver_ttt	-1257.719971 -575.039001 104.276001	0.000 195.000 0.000
item_ammo_revolver_ttt	-1273.170044 -579.179993 104.276001	0.000 195.000 0.000
item_ammo_revolver_ttt	-128.893005 879.333984 148.294006	0.000 165.000 0.000
item_ammo_revolver_ttt	-123.696999 893.508972 148.294006	0.000 72.000 0.000
item_ammo_revolver_ttt	-144.283005 893.942017 148.294006	0.000 111.500 0.000
item_ammo_revolver_ttt	1248.000000 -568.000000 88.087898	0.000 289.000 0.000
item_ammo_revolver_ttt	1252.109985 -580.234985 88.087898	0.000 163.000 0.000
item_ammo_revolver_ttt	1253.469971 -595.244995 88.087898	0.000 209.000 0.000
item_ammo_revolver_ttt	-580.882019 -648.000000 92.275803	0.000 4.000 0.000
item_ammo_revolver_ttt	-568.000000 -647.195007 92.275803	0.000 238.000 0.000
item_ammo_revolver_ttt	-592.000000 -624.000000 92.275803	0.000 140.500 0.000
item_ammo_revolver_ttt	-592.885986 -639.437012 64.275803	0.000 293.500 0.000
item_ammo_revolver_ttt	-573.973999 -620.945007 64.275803	0.000 70.000 0.000
item_ammo_revolver_ttt	-25.598101 662.192017 252.276001	0.000 140.500 0.000
item_ammo_revolver_ttt	-13.000000 660.000000 252.276001	0.000 190.000 0.000
item_ammo_revolver_ttt	-15.925500 644.114014 252.276001	0.000 196.000 0.000
item_ammo_revolver_ttt	1382.910034 496.618988 100.276001	0.000 240.500 0.000
item_ammo_revolver_ttt	1376.469971 485.433990 100.276001	0.000 114.500 0.000
item_ammo_revolver_ttt	1366.130005 474.468994 100.276001	0.000 160.500 0.000
item_ammo_revolver_ttt	1551.239990 613.469971 240.276001	0.000 199.000 0.000
item_ammo_revolver_ttt	1539.010010 609.359985 240.276001	0.000 73.000 0.000
item_ammo_revolver_ttt	1524.000000 608.000000 240.276001	0.000 119.000 0.000
item_ammo_revolver_ttt	1795.930054 470.031006 200.276001	0.000 307.000 0.000
item_ammo_revolver_ttt	1781.260010 466.595001 200.276001	0.000 261.000 0.000
item_ammo_revolver_ttt	1769.709961 460.821991 200.276001	0.000 27.000 0.000
item_ammo_revolver_ttt	1837.709961 603.926025 148.434998	0.000 331.000 0.000
item_ammo_revolver_ttt	1839.189941 591.104004 148.434998	0.000 97.000 0.000
item_ammo_revolver_ttt	1837.359985 646.025024 158.526001	0.000 17.000 0.000
item_ammo_revolver_ttt	-80.000000 504.000000 190.276001	0.000 90.000 0.000
item_ammo_revolver_ttt	-80.000000 520.000000 190.276001	0.000 90.000 0.000
item_ammo_revolver_ttt	-80.000000 536.000000 190.276001	0.000 90.000 0.000
item_ammo_revolver_ttt	312.000000 560.000000 16.275801	0.000 180.000 0.000
item_ammo_revolver_ttt	328.000000 560.000000 16.275801	0.000 180.000 0.000
item_ammo_revolver_ttt	344.000000 560.000000 16.275801	0.000 180.000 0.000
item_ammo_revolver_ttt	-138.787994 738.411987 420.959991	0.000 171.500 0.000
item_ammo_revolver_ttt	-118.441002 744.435974 420.959991	0.000 225.000 0.000
item_ammo_revolver_ttt	-128.119003 756.023987 420.959991	0.000 132.000 0.000
item_ammo_revolver_ttt	188.412994 744.442017 384.276001	0.000 135.000 0.000
item_ammo_revolver_ttt	182.388000 764.788025 384.276001	0.000 81.500 0.000
item_ammo_revolver_ttt	200.000000 754.119995 384.276001	0.000 42.000 0.000
item_ammo_revolver_ttt	-941.469971 -512.755005 242.276001	0.000 289.000 0.000
item_ammo_revolver_ttt	-937.359985 -524.989990 242.276001	0.000 163.000 0.000
item_ammo_revolver_ttt	-936.000000 -540.000000 242.276001	0.000 209.000 0.000
item_ammo_revolver_ttt	1576.000000 -1528.000000 41.038502	0.000 0.000 0.000
item_ammo_revolver_ttt	1588.000000 -1522.000000 41.038502	0.000 332.500 0.000
item_ammo_revolver_ttt	1580.000000 -1544.000000 41.038502	0.000 126.000 0.000
item_ammo_revolver_ttt	-372.082001 490.000000 146.526001	0.000 231.500 0.000
item_ammo_revolver_ttt	-382.000000 508.045013 146.526001	0.000 192.000 0.000
item_ammo_revolver_ttt	-367.126007 510.631989 146.526001	0.000 285.000 0.000
item_ammo_revolver_ttt	79.842598 654.973999 152.000000	0.000 215.500 0.000
item_ammo_revolver_ttt	72.210503 668.000000 152.000000	0.000 122.500 0.000
item_ammo_revolver_ttt	62.781601 648.791016 152.000000	0.000 162.000 0.000
item_ammo_revolver_ttt	-28.740999 898.632019 324.276001	0.000 285.000 0.000
item_ammo_revolver_ttt	-43.615002 896.044983 324.276001	0.000 192.000 0.000
item_ammo_revolver_ttt	4.000000 896.000000 324.276001	0.000 231.500 0.000
item_ammo_revolver_ttt	16.000000 890.000000 324.276001	0.000 318.000 0.000
item_ammo_revolver_ttt	36.000000 886.000000 324.276001	0.000 78.000 0.000
item_ammo_revolver_ttt	-1136.000000 -624.000000 160.276001	0.000 90.000 0.000
item_ammo_revolver_ttt	-1136.000000 -640.000000 160.276001	0.000 90.000 0.000
item_ammo_revolver_ttt	-1136.000000 -656.000000 160.276001	0.000 90.000 0.000
item_ammo_revolver_ttt	212.000000 360.000000 -45.474201	0.000 180.000 0.000
item_ammo_revolver_ttt	238.000000 369.677002 -54.000000	0.000 130.500 0.000
item_ammo_revolver_ttt	200.000000 386.000000 -45.474201	0.000 253.000 0.000
item_ammo_revolver_ttt	-184.000000 576.000000 -79.724197	0.000 0.000 0.000
item_ammo_revolver_ttt	-200.000000 576.000000 -79.724197	0.000 0.000 0.000
item_ammo_revolver_ttt	-216.000000 576.000000 -79.724197	0.000 0.000 0.000
item_ammo_revolver_ttt	-350.000000 -1324.000000 96.275803	0.000 333.000 0.000
item_ammo_revolver_ttt	-348.000000 -1346.000000 96.275803	0.000 265.500 0.000
item_ammo_revolver_ttt	-350.000000 -1370.000000 96.275803	0.000 185.000 0.000
item_ammo_revolver_ttt	-322.000000 -1300.920044 96.275803	0.000 16.500 0.000
item_ammo_revolver_ttt	-319.174988 -1324.839966 96.275803	0.000 97.000 0.000
item_ammo_revolver_ttt	-312.829010 -1346.000000 96.275803	0.000 164.500 0.000
item_ammo_revolver_ttt	-124.035004 419.601990 304.526001	0.000 35.500 0.000
item_ammo_revolver_ttt	-144.000000 414.937012 304.526001	0.000 91.000 0.000
item_ammo_revolver_ttt	-129.412994 408.000000 304.526001	0.000 85.000 0.000
item_ammo_revolver_ttt	324.845734 209.811523 112.385689	0.582 -0.105 0.291
item_ammo_revolver_ttt	344.805389 207.231247 112.284615	0.609 -0.005 0.342
item_ammo_revolver_ttt	366.977325 200.050491 112.287224	0.594 -0.060 2.736
item_ammo_revolver_ttt	-324.424316 207.348602 112.341156	0.757 0.010 0.246
item_ammo_revolver_ttt	-349.749603 209.118637 112.308556	0.878 0.006 0.222
item_ammo_revolver_ttt	-386.765869 193.663071 111.911804	-0.088 -0.707 3.427
weapon_zm_sledge	1028.349976 -399.752991 96.000000	15.000 330.000 0.000
weapon_zm_sledge	1480.000000 640.000000 111.858002	0.000 90.000 0.000
weapon_zm_sledge	1504.000000 640.000000 111.858002	0.000 90.000 0.000
weapon_zm_sledge	-240.000000 636.000000 150.108002	0.000 150.000 0.000
weapon_zm_sledge	-350.000000 702.000000 251.858002	0.000 348.000 0.000
weapon_zm_sledge	1872.000000 -55.384800 146.000000	0.000 30.000 0.000
weapon_zm_sledge	1454.000000 -1466.000000 71.855797	0.000 315.000 0.000
weapon_zm_sledge	192.000000 430.000000 -41.892200	0.000 52.500 0.000
weapon_zm_sledge	-804.000000 -1214.000000 130.000000	0.000 270.000 0.000
weapon_zm_revolver	1248.910034 -535.169006 95.315804	0.000 330.000 90.000
weapon_zm_revolver	-776.000000 -360.000000 103.316002	0.000 90.000 90.000
weapon_zm_revolver	-1243.359985 -579.612000 107.316002	0.000 243.000 90.000
weapon_zm_revolver	-137.192993 867.104004 151.334000	0.000 165.000 90.000
weapon_zm_revolver	-43.090000 412.830994 279.316010	0.000 330.000 90.000
weapon_zm_revolver	-29.090000 645.830994 253.998001	0.000 330.000 90.000
weapon_zm_revolver	-600.000000 -640.000000 99.503700	0.000 45.000 90.000
weapon_zm_revolver	-576.890991 -632.346008 99.503700	0.000 89.500 90.000
weapon_zm_revolver	1355.439941 504.000000 107.503998	0.000 330.000 90.000
weapon_zm_revolver	1533.770020 597.552979 247.503998	0.000 240.000 90.000
weapon_zm_revolver	1784.800049 479.015991 207.503998	0.000 68.000 90.000
weapon_zm_revolver	1832.000000 580.000000 148.000000	0.000 2.500 90.000
weapon_zm_revolver	-84.000000 552.000000 193.315994	0.000 75.000 90.000
weapon_zm_revolver	296.000000 556.000000 19.315800	0.000 165.000 90.000
weapon_zm_revolver	-112.000000 731.132996 424.000000	0.000 225.000 90.000
weapon_zm_revolver	190.000000 726.000000 387.316010	0.000 75.000 90.000
weapon_zm_revolver	-925.552979 -530.231018 249.503998	0.000 330.000 90.000
weapon_zm_revolver	1586.000000 -1516.000000 44.078499	0.000 195.000 90.000
weapon_zm_revolver	-352.385010 509.558990 149.565994	0.000 285.000 90.000
weapon_zm_revolver	84.000000 642.000000 154.000000	0.000 215.500 90.000
weapon_zm_revolver	-14.000000 897.559021 327.316010	0.000 285.000 90.000
weapon_zm_revolver	40.000000 896.000000 327.316010	0.000 178.000 90.000
weapon_zm_revolver	-1142.119995 -617.117981 161.998001	0.000 57.500 90.000
weapon_zm_revolver	196.000000 356.000000 -42.434200	0.000 165.000 90.000
weapon_zm_revolver	-168.000000 580.000000 -76.684196	0.000 345.000 90.000
weapon_zm_revolver	-360.510010 -1299.189941 99.315804	0.000 333.000 90.000
weapon_zm_revolver	-324.000000 -1376.000000 99.315804	0.000 74.000 90.000
weapon_zm_revolver	-138.934006 427.209015 306.247009	0.000 225.000 90.000
weapon_zm_revolver	261.202972 202.071503 112.763008	2.313 -17.516 -83.524
weapon_zm_revolver	287.684692 202.983841 112.815414	3.134 -17.119 -83.814
