# Trouble in Terrorist Town weapon/ammo placement overrides
# For map: ttt_citadel
# Exported by: Kopa King
setting:	replacespawns 1
weapon_ttt_ak47	-725.156921 334.109344 0.863133	0.171 11.252 -87.231
weapon_ttt_ak47	-563.873230 371.717957 0.889622	0.134 11.253 -87.523
ttt_playerspawn	-1741.608765 1715.220947 12.390948	-0.057 2.129 0.057
ttt_playerspawn	-1605.245972 1698.487549 10.056446	-0.084 10.022 0.084
ttt_playerspawn	-1428.074707 1692.254761 4.384583	-0.052 -0.224 0.052
ttt_playerspawn	-1223.156494 1684.024414 5.116985	-0.076 0.374 0.077
ttt_playerspawn	-476.144165 1236.804932 3.089958	-0.227 16.787 -0.003
ttt_playerspawn	-480.519501 1050.637573 2.799107	-0.066 25.006 0.194
ttt_playerspawn	-1213.490967 626.781189 6.817981	-0.061 159.981 0.061
ttt_playerspawn	-1429.154907 637.515076 10.475726	-0.052 146.650 0.000
ttt_playerspawn	-1692.598999 636.541504 7.560883	-0.057 -0.528 0.057
ttt_playerspawn	-1673.440186 872.386963 6.601013	-0.130 2.058 0.004
ttt_playerspawn	-1686.572876 1109.435303 7.193877	2.877 2.853 2.596
ttt_playerspawn	-1651.323242 1455.498535 6.809284	-0.081 -0.150 0.081
ttt_playerspawn	-1474.669312 1498.111328 -2559.416504	-0.002 -141.285 0.053
ttt_playerspawn	-2280.594727 1663.394653 67.901604	-0.089 -0.264 0.089
ttt_playerspawn	-2137.326660 1688.659302 67.244408	0.124 2.491 0.124
ttt_playerspawn	-1677.017334 2238.135498 4.527369	-0.049 -0.264 0.049
ttt_playerspawn	-1671.507690 2104.261963 2.419907	-0.034 -0.132 0.034
ttt_playerspawn	-1465.245117 2211.448730 6.555077	-0.090 -0.000 0.090
ttt_playerspawn	-1472.443237 2110.541504 5.103220	-0.084 -0.000 0.084
ttt_playerspawn	-1214.151611 2217.609131 8.581151	-0.032 0.354 0.032
ttt_playerspawn	-1242.914063 2100.816895 7.030040	-0.058 -0.022 0.058
ttt_playerspawn	-1167.853516 2429.330322 1.728209	0.003 2.110 0.112
ttt_playerspawn	-1357.838379 2427.915771 3.691770	-0.080 -0.000 0.080
ttt_playerspawn	-966.289673 2086.107666 7.536886	-0.036 -0.660 0.037
ttt_playerspawn	-1000.225525 2207.112061 73.931412	-4.716 -117.766 -168.557
ttt_playerspawn	-385.237305 2120.232178 -86.156754	-0.062 -0.792 0.062
ttt_playerspawn	-156.742157 1997.271973 -88.253960	-0.071 0.264 0.071
ttt_playerspawn	180.318329 1856.019287 -93.446121	0.003 0.694 0.033
ttt_playerspawn	180.841995 1719.825806 -90.799919	-0.014 -1.188 0.017
ttt_playerspawn	273.589203 1347.334717 -119.005379	-0.028 -0.396 0.028
ttt_playerspawn	439.791534 1331.430298 -123.664734	-0.079 -0.924 0.079
ttt_playerspawn	482.168488 1043.792969 -124.159454	-0.071 -0.660 0.071
ttt_playerspawn	234.606354 996.060730 -121.451790	-0.088 -0.132 0.088
ttt_playerspawn	211.708588 613.743652 -92.679596	-0.059 1.980 0.059
ttt_playerspawn	215.438507 461.340393 -90.260162	-0.092 -0.396 0.092
weapon_ttt_smokegrenade	-816.000000 84.000000 -240.000000	0.000 180.000 0.000
weapon_ttt_smokegrenade	-820.000000 92.000000 -238.000000	-90.000 225.000 0.000
weapon_ttt_smokegrenade	-44.000000 836.000000 -80.000000	0.000 0.000 0.000
weapon_ttt_smokegrenade	-2072.000000 748.000000 116.000000	0.000 345.000 -90.000
weapon_ttt_smokegrenade	-1296.000000 -28.000000 44.000000	0.000 345.000 -90.000
item_box_buckshot_ttt	-1771.625610 1215.419189 -287.616577	-0.602 -0.005 0.573
item_box_buckshot_ttt	-1755.015137 1247.297974 -287.622284	0.306 0.003 -0.163
item_box_buckshot_ttt	-1764.957397 1079.938843 -287.619537	-0.069 0.002 0.144
item_box_buckshot_ttt	-1734.617798 1027.716309 -287.568909	-0.643 -0.007 0.570
item_box_buckshot_ttt	-1776.895386 1404.577637 -287.618469	-0.245 0.000 0.286
item_box_buckshot_ttt	-1766.376099 1445.847778 -287.534027	-0.367 -0.006 0.326
item_ammo_357_ttt	-816.000000 176.000000 -272.000000	0.000 225.000 0.000
item_ammo_357_ttt	-2074.506104 -0.080772 64.362068	0.456 0.058 0.043
item_ammo_357_ttt	-2101.403076 0.663207 64.385307	0.461 0.055 0.034
item_ammo_357_ttt	-2072.218750 -87.903030 64.309982	0.446 0.072 0.064
item_ammo_357_ttt	-2107.914063 -92.751450 64.368416	0.457 0.057 0.041
item_ammo_357_ttt	-2088.236816 2402.662598 -287.667542	0.450 0.064 0.055
item_ammo_357_ttt	-2141.519043 2406.283936 -287.634705	0.457 0.058 0.042
item_ammo_357_ttt	-2286.304688 1577.832031 -287.651825	0.453 0.061 0.049
item_ammo_357_ttt	-2241.063477 1607.911987 -287.601685	0.463 0.054 0.029
item_ammo_357_ttt	-2108.991211 1699.737061 -287.649994	0.454 0.061 0.048
item_ammo_357_ttt	-2080.019043 1768.719849 -287.591583	0.465 0.054 0.025
item_ammo_357_ttt	-2324.028809 2260.809570 -287.587097	0.466 0.053 0.023
item_ammo_357_ttt	-2310.480469 2164.197754 -287.560120	0.472 0.053 0.012
item_ammo_357_ttt	-2269.457520 2351.920410 -287.592529	0.465 0.054 0.025
item_ammo_357_ttt	-2278.239502 2293.856689 -287.619995	0.460 0.056 0.036
item_ammo_revolver_ttt	-2266.867676 641.274109 -287.648193	0.454 0.059 0.048
item_ammo_revolver_ttt	-2246.994385 653.589722 -287.592529	0.465 0.054 0.025
item_ammo_revolver_ttt	-2215.077148 666.340088 -287.603882	0.463 0.054 0.030
item_ammo_revolver_ttt	-2208.449707 631.323608 -287.669617	0.450 0.068 0.056
item_ammo_revolver_ttt	-2245.799316 614.357788 -287.634705	0.457 0.058 0.042
item_ammo_revolver_ttt	-2269.841553 611.991577 -287.619995	0.460 0.056 0.036
item_ammo_revolver_ttt	-2309.954346 609.195618 -287.606171	0.462 0.055 0.031
item_ammo_revolver_ttt	-2324.176758 620.222168 -287.642944	0.455 0.059 0.045
item_ammo_revolver_ttt	-2334.658203 649.549438 -287.649200	0.685 0.139 0.096
item_ammo_revolver_ttt	-2286.536865 638.527039 -287.605011	0.463 0.054 0.030
item_ammo_revolver_ttt	-896.047607 68.311264 -287.603882	0.463 0.054 0.030
item_ammo_revolver_ttt	-930.773926 73.660072 -287.580566	0.468 0.053 0.020
item_ammo_revolver_ttt	-966.537598 71.932617 -287.628540	0.458 0.057 0.040
item_ammo_revolver_ttt	-1005.396667 74.236557 -287.673920	0.449 0.068 0.058
item_ammo_revolver_ttt	-1021.356506 75.144051 -287.617310	0.460 0.055 0.035
item_ammo_revolver_ttt	-977.382996 87.853539 -287.594452	0.465 0.054 0.026
item_ammo_revolver_ttt	-953.139709 82.286072 -287.669617	0.450 0.068 0.056
item_ammo_revolver_ttt	-933.734375 88.324120 -287.663422	0.451 0.064 0.054
item_ammo_revolver_ttt	-913.968811 111.648743 -287.627075	0.458 0.057 0.039
item_ammo_revolver_ttt	-892.942505 115.934029 -287.657501	0.452 0.061 0.051
item_ammo_revolver_ttt	-932.491943 107.706215 -287.599548	0.464 0.054 0.028
item_ammo_revolver_ttt	-969.318970 114.294838 -287.673920	0.449 0.068 0.058
item_ammo_revolver_ttt	-1011.166321 124.276917 -287.653687	0.453 0.061 0.050
item_ammo_smg1_ttt	-44.000000 844.000000 -112.000000	0.000 30.000 0.000
item_ammo_smg1_ttt	-1416.000000 2512.000000 16.000000	0.000 165.000 0.000
item_ammo_smg1_ttt	-1392.000000 2512.000000 16.000000	0.000 90.000 0.000
item_ammo_smg1_ttt	-2232.000000 1552.000000 -272.000000	0.000 225.000 0.000
item_ammo_smg1_ttt	-2208.000000 1552.000000 -272.000000	0.000 0.000 0.000
item_ammo_smg1_ttt	-724.344788 383.398834 0.428568	0.670 -0.003 0.437
item_ammo_smg1_ttt	-683.302673 389.238342 0.404171	0.191 -0.005 0.116
item_ammo_smg1_ttt	-576.911865 319.429535 0.408910	0.239 -0.005 0.149
item_ammo_smg1_ttt	-533.705688 333.699249 0.434571	0.948 -0.000 0.623
item_ammo_smg1_ttt	-838.375549 16.202318 0.516419	-0.260 0.014 -0.224
item_ammo_smg1_ttt	-859.450684 -1.110107 0.534173	-0.154 0.017 -0.135
item_ammo_smg1_ttt	-940.620911 -43.083981 0.424420	0.534 -0.004 0.347
item_ammo_smg1_ttt	-912.308655 -24.872313 0.422301	0.474 -0.004 0.306
item_ammo_smg1_ttt	-830.212341 389.639282 0.538630	-0.130 0.017 -0.114
item_ammo_smg1_ttt	-859.739868 391.413635 0.394253	0.122 -0.005 0.069
item_ammo_smg1_ttt	-901.991150 448.048981 0.518605	-0.251 0.014 -0.211
item_ammo_smg1_ttt	-908.739136 417.234680 0.496613	-0.844 0.013 -0.627
item_ammo_smg1_ttt	-1637.099976 -38.802681 0.511194	-0.212 0.087 -0.216
item_ammo_smg1_ttt	-1643.306519 -19.080572 0.494194	-0.542 0.137 -0.159
item_ammo_smg1_ttt	-1754.339111 -0.621642 0.518165	-0.239 0.014 -0.208
item_ammo_smg1_ttt	-1738.008301 6.557418 0.506760	-0.432 0.011 -0.343
item_ammo_smg1_ttt	-1610.195068 454.392731 0.535880	-0.148 0.017 -0.129
item_ammo_smg1_ttt	-1738.663696 453.220276 0.422346	0.585 -0.002 0.364
item_ammo_smg1_ttt	-1774.160767 362.791046 0.508737	-0.394 0.010 -0.317
item_ammo_smg1_ttt	-1750.961060 377.954803 0.511458	-0.764 0.009 -0.558
item_ammo_smg1_ttt	-1662.667847 1951.766479 -287.494690	0.595 -0.011 -0.461
item_ammo_smg1_ttt	-1702.352539 1965.772095 -287.463287	0.141 -0.017 -0.123
item_ammo_smg1_ttt	-1679.256348 1867.768921 -287.494202	0.533 -0.010 -0.412
item_ammo_smg1_ttt	-1714.850220 1853.064575 -287.605743	-0.123 0.005 0.070
item_ammo_smg1_ttt	-1894.062988 2017.966919 -287.472443	0.203 -0.016 -0.171
item_ammo_smg1_ttt	-1975.758057 2020.316040 -287.486115	0.278 -0.011 -0.234
item_ammo_smg1_ttt	-1371.257080 1895.599365 -287.621796	0.065 -0.005 0.030
item_ammo_smg1_ttt	-1384.573975 1931.772583 -287.521942	0.545 -0.083 0.239
item_ammo_smg1_ttt	-1464.765259 1902.921387 -287.600708	-0.152 0.005 0.090
item_ammo_smg1_ttt	-1475.837646 1962.946655 -287.582031	-0.376 0.005 0.240
item_ammo_smg1_ttt	-1477.287354 2018.680420 -287.573486	-0.601 0.003 0.391
item_ammo_smg1_ttt	-1416.258667 1971.925049 -287.575562	-0.526 0.004 0.341
item_ammo_smg1_ttt	-1768.541504 1684.855103 -287.502136	0.864 0.012 -0.647
item_ammo_smg1_ttt	-1744.578003 1610.798584 -287.514832	0.796 -0.003 -0.645
item_ammo_smg1_ttt	-1728.395630 1747.942627 -287.567413	-0.842 0.001 0.553
item_ammo_smg1_ttt	-1723.890015 1690.844971 -287.522980	-0.552 0.083 0.247
item_ammo_smg1_ttt	-359.189026 1509.538574 -287.579834	0.420 -0.004 0.270
item_ammo_smg1_ttt	-313.779572 1469.583374 -287.517914	-0.081 -0.002 -0.173
item_ammo_smg1_ttt	-309.977448 840.478088 -287.571442	0.664 -0.003 0.433
item_ammo_smg1_ttt	-360.427795 794.864502 -287.579834	0.425 -0.004 0.274
item_ammo_smg1_ttt	-1762.916748 711.297302 -287.577698	0.475 -0.004 0.307
item_ammo_smg1_ttt	-1751.714844 614.872375 -287.487640	-0.289 0.012 -0.248
item_ammo_smg1_ttt	-1691.638794 526.880676 -287.565430	0.955 -0.000 0.628
item_ammo_smg1_ttt	-1762.813110 568.910461 -287.588776	0.268 -0.005 0.168
item_ammo_pistol_ttt	-1168.000000 2516.000000 16.000000	0.000 285.000 0.000
item_ammo_pistol_ttt	-1140.000000 2512.000000 16.000000	0.000 195.000 0.000
item_ammo_pistol_ttt	-816.000000 144.000000 -272.000000	0.000 180.000 0.000
ttt_random_weapon	17.057346 834.603027 -126.793304	1.800 4.711 -92.770
ttt_random_weapon	14.564910 911.813843 -126.799355	1.868 4.716 -92.614
ttt_random_weapon	723.668274 987.619263 -126.804672	1.928 4.718 -92.476
ttt_random_weapon	716.702698 1044.378296 -126.795235	1.822 4.712 -92.720
ttt_random_weapon	737.801208 1263.942627 -126.768875	1.524 4.679 -93.402
ttt_random_weapon	688.785706 1325.024780 -126.797874	1.851 4.348 -92.652
ttt_random_weapon	14.373894 1384.024902 -126.754807	1.364 4.649 -93.767
ttt_random_weapon	25.751759 1461.749023 -126.773842	1.580 4.687 -93.273
ttt_random_weapon	-196.620529 1256.615112 -62.799706	1.872 4.676 -92.604
ttt_random_weapon	-187.598419 1307.902466 -62.765442	1.485 4.673 -93.491
ttt_random_weapon	-158.555939 998.079102 -62.802326	1.901 4.718 -92.537
ttt_random_weapon	-191.836823 1034.170166 -62.807125	1.955 4.720 -92.413
ttt_random_weapon	348.030914 657.701660 -94.766953	1.502 4.675 -93.452
ttt_random_weapon	354.604218 431.312439 -94.777809	1.625 4.692 -93.170
ttt_random_weapon	-283.506927 96.904655 -94.803879	1.919 4.718 -92.497
ttt_random_weapon	-50.360527 214.519485 -94.782494	1.678 4.699 -93.049
ttt_random_weapon	-197.927658 450.300415 -94.773842	1.580 4.687 -93.273
ttt_random_weapon	-134.081955 441.081665 -94.786430	1.722 4.703 -92.947
ttt_random_weapon	-1570.603271 540.188293 1.217966	1.673 4.698 -93.061
ttt_random_weapon	-1716.338867 545.580017 1.193706	1.946 4.720 -92.435
ttt_random_weapon	-1444.929077 545.296936 1.206694	1.800 4.711 -92.770
ttt_random_weapon	-1097.157104 539.797424 1.198433	1.893 4.717 -92.556
ttt_random_weapon	-302.008240 1343.581421 1.238658	1.438 4.665 -93.597
ttt_random_weapon	-309.753082 1211.946411 1.200643	1.868 4.716 -92.613
ttt_random_weapon	-316.064606 1092.743164 1.209122	1.772 4.708 -92.832
ttt_random_weapon	-1084.786865 1772.681152 1.235725	1.472 4.671 -93.521
ttt_random_weapon	-1127.373535 1772.083374 1.175005	1.848 4.127 -92.305
ttt_random_weapon	-1767.859619 1525.872925 1.214089	1.716 4.703 -92.961
ttt_random_weapon	-1763.111694 1583.671021 1.216086	1.694 4.700 -93.012
ttt_random_weapon	-1098.411743 1765.917480 -286.801544	1.893 4.717 -92.557
ttt_random_weapon	-1148.202515 1768.309814 -286.788025	1.740 4.706 -92.906
ttt_random_weapon	-898.081421 1715.415649 -286.795898	1.829 4.713 -92.703
weapon_ttt_sg550	-2102.534180 2426.366943 -286.181915	0.368 -12.029 -92.239
weapon_ttt_sg550	-2075.396484 1717.720703 -286.197906	0.379 -12.009 -92.118
weapon_ttt_sg550	-2171.923828 1602.458618 -286.179565	0.367 -12.033 -92.256
weapon_ttt_sg550	-2311.356689 2328.452881 -286.195862	0.377 -12.012 -92.133
weapon_ttt_sg550	-2316.364014 2203.025635 -286.194427	0.376 -12.012 -92.144
weapon_ttt_m16	-48.000000 848.000000 -76.000000	0.000 270.000 15.000
weapon_ttt_m16	-1408.000000 2508.000000 52.000000	0.000 180.000 15.000
weapon_ttt_m16	-2216.000000 1556.000000 -236.000000	0.000 0.000 15.000
weapon_ttt_m16	-40.000000 904.000000 -112.000000	0.000 270.000 15.000
weapon_ttt_mp5	-1746.795532 542.924072 -286.905273	0.266 6.174 -87.224
weapon_ttt_mp5	-1771.353394 677.105164 -286.905914	0.289 6.175 -87.252
weapon_ttt_galil	-947.387390 435.644165 0.826853	-1.691 13.432 87.117
weapon_ttt_galil	-844.661072 415.111023 0.821778	-1.589 13.405 87.112
weapon_ttt_revolver	-876.763794 -29.377367 -286.036652	8.723 26.954 75.248
weapon_ttt_revolver	-945.576721 -6.189360 -286.020660	9.288 26.657 73.802
weapon_ttt_revolver	-979.889832 1.808918 -286.122986	7.852 34.275 76.915
weapon_ttt_revolver	-986.874329 26.903894 -286.042297	8.530 27.030 75.738
weapon_ttt_revolver	-934.218262 34.188938 -286.027008	9.060 26.789 74.389
weapon_ttt_revolver	-915.363403 32.277805 -286.039459	8.627 26.993 75.492
weapon_ttt_revolver	-894.060303 33.688202 -286.022797	9.211 26.705 74.001
weapon_ttt_revolver	-906.476807 -15.400076 -286.032684	8.860 26.892 74.898
weapon_ttt_revolver	-929.035217 -37.300186 -286.023193	9.196 26.709 74.039
weapon_ttt_revolver	-974.950562 0.675224 -284.764404	15.541 -4.100 -56.202
weapon_ttt_revolver	-1016.888123 13.931229 -285.995911	9.030 31.254 75.528
weapon_ttt_revolver	-1020.854431 20.076452 -286.022491	8.713 26.400 75.756
weapon_ttt_revolver	-1049.153931 10.648378 -286.018311	9.341 26.613 73.694
weapon_ttt_revolver	-1034.177612 39.996674 -286.042847	8.512 27.036 75.784
ttt_random_ammo	-2232.000000 752.000000 82.000000	0.000 345.000 0.000
ttt_random_ammo	-2304.000000 752.000000 114.000000	0.000 30.000 0.000
ttt_random_ammo	-2280.000000 752.000000 114.000000	0.000 0.000 0.000
ttt_random_ammo	-1240.000000 -48.000000 48.000000	0.000 30.000 0.000
ttt_random_ammo	-2160.000000 1544.000000 104.000000	0.000 330.000 0.000
ttt_random_ammo	-2128.000000 1560.000000 104.000000	0.000 30.000 0.000
ttt_random_ammo	-1272.000000 -48.000000 48.000000	0.000 105.000 0.000
ttt_random_ammo	-672.000000 1857.739990 0.000000	0.000 285.000 0.000
ttt_random_ammo	6.066178 936.286194 -127.617516	0.219 0.001 0.207
ttt_random_ammo	30.950792 938.558105 -127.629066	0.100 -0.000 -0.057
ttt_random_ammo	0.698842 870.584045 -127.564377	1.261 0.031 1.525
ttt_random_ammo	36.138161 867.267944 -127.578796	1.585 0.042 1.920
ttt_random_ammo	723.287537 1019.121948 -127.625572	0.122 -0.000 -0.085
ttt_random_ammo	743.978638 960.477295 -127.635262	-0.067 0.134 0.217
ttt_random_ammo	741.664490 1051.164307 -127.622154	0.150 0.001 0.121
ttt_random_ammo	754.681702 985.460632 -127.657669	0.048 -0.000 0.021
ttt_random_ammo	709.226685 1355.180786 -127.664742	0.047 0.000 -0.027
ttt_random_ammo	740.756897 1341.125122 -127.650955	0.051 0.000 -0.014
ttt_random_ammo	753.342651 1227.007324 -127.606987	0.712 0.007 0.812
ttt_random_ammo	752.391052 1290.448608 -127.646652	0.055 0.000 -0.008
ttt_random_ammo	54.536293 1381.175171 -127.518471	-0.487 -0.019 0.592
ttt_random_ammo	52.950115 1420.283936 -127.535942	-1.117 -0.028 1.361
ttt_random_ammo	23.172295 1483.472778 -127.664001	-0.047 -0.000 -0.027
ttt_random_ammo	75.082481 1450.647461 -127.528503	-0.755 -0.023 0.913
ttt_random_ammo	-196.746811 1332.480835 -63.659256	-0.047 -0.000 -0.023
ttt_random_ammo	-173.706360 1330.478271 -63.676521	-0.047 -0.000 -0.033
ttt_random_ammo	-214.773056 1274.716797 -63.619019	0.194 0.001 0.176
ttt_random_ammo	-182.156677 1278.430542 -63.630836	0.092 0.000 0.046
ttt_random_ammo	-191.486984 1014.880676 -63.657688	0.048 0.000 -0.021
ttt_random_ammo	-166.605957 1022.030945 -63.584183	1.721 -0.036 -2.091
ttt_random_ammo	-204.330170 1059.574097 -63.648777	0.053 -0.000 0.011
ttt_random_ammo	-170.768631 1068.878418 -63.632713	0.084 -0.000 -0.035
ttt_random_ammo	324.692352 402.116333 -95.677261	0.047 0.000 -0.033
ttt_random_ammo	351.917236 471.795319 -95.669640	0.047 0.000 -0.029
ttt_random_ammo	335.403412 677.653503 -95.616066	0.248 0.001 0.244
ttt_random_ammo	359.404510 618.638184 -95.679878	0.047 0.000 -0.034
ttt_random_ammo	-88.069786 177.269089 -95.672142	0.047 0.000 -0.031
ttt_random_ammo	-120.361771 166.595200 -95.619026	0.194 0.001 0.176
ttt_random_ammo	-328.260590 99.987206 -95.605934	0.968 0.012 1.123
ttt_random_ammo	-232.686890 114.039520 -95.636497	0.072 0.000 0.019
ttt_random_ammo	-232.471649 418.846313 -95.571831	1.424 0.033 1.723
ttt_random_ammo	-203.898529 413.323395 -95.617508	0.218 0.001 0.206
ttt_random_ammo	-80.539207 444.866211 -95.556961	1.121 0.028 1.357
ttt_random_ammo	-128.970184 414.034790 -95.606987	0.712 0.007 0.812
ttt_random_ammo	-1764.988403 536.567383 0.344591	0.049 0.000 -0.019
ttt_random_ammo	-1758.460815 567.241455 0.325349	0.047 -0.000 0.032
ttt_random_ammo	-1592.843384 525.358887 0.376180	0.136 0.000 0.103
ttt_random_ammo	-1617.087280 541.232178 0.365431	0.077 0.000 0.026
ttt_random_ammo	-1487.178223 539.143372 0.444552	1.067 0.028 1.290
ttt_random_ammo	-1464.195190 570.729492 0.392295	0.718 -0.007 -0.820
ttt_random_ammo	-1120.231934 522.531128 0.394859	1.251 0.019 1.468
ttt_random_ammo	-1122.375854 556.608337 0.344591	0.049 0.000 -0.019
ttt_random_ammo	-307.189423 1033.341431 0.369175	0.090 0.000 0.044
ttt_random_ammo	-302.252808 1125.369019 0.363493	0.072 -0.000 -0.018
ttt_random_ammo	-293.556946 1249.870239 0.351214	0.053 0.000 -0.011
ttt_random_ammo	-308.983368 1164.872559 0.351211	0.053 0.000 -0.011
ttt_random_ammo	-292.621643 1373.400391 0.353350	0.055 0.000 -0.008
ttt_random_ammo	-289.154510 1312.350830 0.372753	0.110 0.000 0.070
ttt_random_ammo	-1131.221680 1757.675537 0.369163	0.092 0.000 0.046
ttt_random_ammo	-1099.552124 1750.717163 0.361545	0.067 0.000 0.012
ttt_random_ammo	-1067.432617 1749.392456 0.455749	0.824 0.024 0.995
ttt_random_ammo	-1080.449951 1735.398926 0.450871	0.984 0.026 1.196
ttt_random_ammo	-1776.448242 1614.102783 0.356348	-0.057 -0.000 -0.004
ttt_random_ammo	-1782.207886 1565.000488 0.380233	-0.153 -0.001 0.125
ttt_random_ammo	-1768.385742 1484.603149 0.377837	0.151 0.001 0.122
ttt_random_ammo	-1781.092041 1503.204712 0.361535	0.067 -0.000 -0.012
ttt_random_ammo	-1170.166992 1741.311890 -287.677246	0.047 0.000 -0.033
ttt_random_ammo	-1145.339355 1743.725708 -287.662354	0.047 0.000 -0.025
ttt_random_ammo	-1114.013428 1743.292236 -287.545715	0.897 0.025 1.088
ttt_random_ammo	-1092.252686 1742.454102 -287.657684	0.048 0.000 -0.021
ttt_random_ammo	-866.970520 1704.784424 -287.632690	0.083 0.000 0.034
ttt_random_ammo	-890.017273 1675.148804 -287.607056	0.722 0.007 0.824
weapon_zm_rifle	-2152.000000 756.000000 112.000000	0.000 0.000 -15.000
weapon_zm_rifle	-2152.000000 744.000000 84.000000	0.000 0.000 -15.000
weapon_zm_rifle	-2082.059082 -120.542404 63.147449	3.550 13.224 65.150
weapon_zm_rifle	-2088.545654 38.324593 63.175739	3.484 13.204 65.313
weapon_ttt_glock	-2104.000000 748.000000 116.000000	0.000 30.000 -90.000
weapon_ttt_glock	-2094.000000 748.000000 116.000000	0.000 345.000 -90.000
weapon_zm_mac10	-1332.000000 2516.000000 52.000000	0.000 180.000 15.000
weapon_zm_mac10	-2176.000000 1548.000000 -232.000000	0.000 0.000 15.000
weapon_zm_mac10	-1312.000000 -28.000000 56.000000	0.000 330.000 60.000
weapon_zm_mac10	-1356.000000 2516.000000 52.000000	0.000 180.000 15.000
weapon_zm_mac10	-976.479797 -20.102041 1.237994	-0.121 -50.619 -88.505
weapon_zm_mac10	-837.751648 -10.823470 1.217868	-0.129 -50.621 -88.368
weapon_zm_pistol	-1224.000000 2508.000000 56.000000	0.000 150.000 105.000
weapon_zm_pistol	-1200.000000 2508.000000 56.000000	0.000 180.000 105.000
weapon_zm_pistol	-2160.000000 1560.000000 120.000000	0.000 0.000 105.000
weapon_ttt_tmp	-1437.684204 1868.570557 -286.675873	0.126 -22.638 -89.333
weapon_ttt_tmp	-1442.713379 1946.280640 -286.737122	0.146 -22.623 -88.784
weapon_ttt_tmp	-1447.053955 2004.565186 -286.719330	0.140 -22.628 -88.944
weapon_ttt_confgrenade	-2080.000000 748.000000 116.000000	0.000 30.000 -90.000
weapon_ttt_confgrenade	-1144.000000 2508.000000 48.000000	0.000 315.000 0.000
weapon_ttt_confgrenade	-1168.000000 2512.000000 48.000000	0.000 255.000 0.000
weapon_ttt_confgrenade	-2174.360107 1572.430054 112.000000	0.000 105.000 -90.000
weapon_ttt_confgrenade	-662.056030 1888.000000 8.000000	0.000 60.000 -90.000
weapon_ttt_confgrenade	-2089.743408 -113.315781 -285.892517	-35.926 -56.561 -90.281
weapon_ttt_confgrenade	-2118.108154 -122.353073 -285.889923	-35.966 -56.522 -90.342
weapon_ttt_confgrenade	-2145.073242 -124.760612 -285.833527	-36.828 -55.654 -91.685
weapon_ttt_confgrenade	-2182.324463 -115.959602 -285.917816	-35.540 -56.917 -89.696
weapon_ttt_confgrenade	-2245.719482 -95.187035 -285.903320	-35.762 -56.717 -90.031
weapon_ttt_confgrenade	-2244.986084 -52.767849 -285.796600	-37.392 -55.045 -92.594
weapon_ttt_confgrenade	-2226.015625 -25.986391 -285.917816	-35.540 -56.917 -89.696
weapon_ttt_confgrenade	-2169.464355 -19.704231 -285.798828	-37.357 -55.085 -92.539
weapon_ttt_confgrenade	-2172.185791 0.909485 -285.830231	-36.878 -55.599 -91.766
weapon_ttt_confgrenade	-2136.818604 -32.347992 -285.798828	-37.357 -55.085 -92.539
weapon_ttt_confgrenade	-2194.703125 -68.076752 -285.879974	-36.118 -56.374 -90.575
weapon_ttt_confgrenade	-2180.710449 -40.355049 -285.655762	-38.380 -62.202 -96.702
weapon_ttt_confgrenade	-2138.791748 -46.123920 -285.775299	-37.717 -54.684 -93.130
weapon_ttt_confgrenade	-2101.697998 -25.191366 -285.882599	-36.078 -56.413 -90.513
weapon_ttt_confgrenade	-2102.224121 5.584456 -285.864014	-36.362 -56.133 -90.953
weapon_ttt_confgrenade	-2132.062256 38.569542 -285.877594	-36.155 -56.338 -90.631
weapon_ttt_confgrenade	-2167.843018 -34.860294 -285.436371	16.744 145.136 -98.775
weapon_ttt_confgrenade	-2168.957520 -68.799706 -285.861877	-36.395 -56.100 -91.004
weapon_ttt_confgrenade	-2106.062256 -92.181099 -285.857697	-36.459 -56.034 -91.103
weapon_ttt_confgrenade	-2084.842041 -70.171890 -285.870819	-36.258 -56.236 -90.791
weapon_zm_shotgun	-48.000000 904.000000 -80.000000	0.000 270.000 15.000
weapon_zm_shotgun	-1264.000000 -24.000000 56.000000	0.000 345.000 90.000
weapon_zm_shotgun	-640.000000 1872.000000 16.000000	0.000 330.000 105.000
weapon_zm_shotgun	-1308.000000 -40.000000 56.000000	0.000 15.000 90.000
weapon_zm_shotgun	-1765.476074 1038.559570 -287.039520	-0.075 -8.493 -82.851
weapon_zm_shotgun	-1761.863525 1281.552490 -286.925781	-0.304 -8.491 -83.922
weapon_zm_shotgun	-1773.914185 1473.445679 -286.872101	-0.412 -7.590 -84.428
weapon_ttt_famas	-1760.996460 1750.604980 -287.041992	0.000 16.898 88.559
weapon_ttt_famas	-1765.161743 1642.677612 -286.929230	0.000 16.891 89.281
weapon_ttt_famas	-309.322632 1505.404175 -287.041992	0.000 16.898 88.559
weapon_ttt_famas	-299.035278 797.326965 -286.932678	0.000 16.892 89.259
weapon_zm_revolver	-824.000000 144.000000 -236.000000	0.000 60.000 90.000
weapon_zm_revolver	-2152.000000 1556.000000 -236.000000	0.000 0.000 75.000
weapon_zm_revolver	-2248.000000 752.000000 116.000000	0.000 330.000 -90.000
weapon_zm_revolver	-2290.712891 752.115112 -287.107452	2.238 -18.493 -84.524
weapon_zm_revolver	-2300.273193 713.732727 -287.158173	2.219 -18.436 -84.004
weapon_zm_revolver	-2324.647217 713.231079 -287.120239	2.233 -18.491 -84.393
weapon_zm_revolver	-2270.414551 713.450500 -287.177032	2.211 -18.361 -83.811
weapon_zm_revolver	-2284.321777 661.957642 -287.133545	2.228 -18.488 -84.257
weapon_zm_revolver	-2322.831299 659.016479 -287.064880	2.349 -24.026 -85.633
weapon_zm_revolver	-2315.260498 663.512634 -287.172272	1.701 -30.730 -85.813
weapon_zm_revolver	-2318.024658 751.926025 -287.058411	2.257 -18.505 -85.028
weapon_ttt_aug	-1729.076050 -22.718180 0.501815	0.330 9.640 87.202
weapon_ttt_aug	-1598.866699 -23.258532 0.533062	0.251 9.639 87.191
weapon_ttt_aug	-1766.644165 383.940430 1.523547	-1.058 -8.254 -82.906
weapon_ttt_aug	-1650.641602 444.441162 0.526833	0.267 9.639 87.194
weapon_ttt_sg552	-1636.287842 1865.096313 -286.960846	2.358 2.085 -84.869
weapon_ttt_sg552	-1714.776611 1877.183594 -286.961823	2.378 2.084 -84.894
weapon_ttt_sg552	-1641.706665 1979.760010 -286.964050	2.424 2.079 -84.950
weapon_ttt_sg552	-1691.357422 1999.001099 -286.966583	2.477 2.073 -85.014
weapon_ttt_sg552	-1904.920410 1980.482666 -286.969940	2.546 2.058 -85.099
weapon_ttt_sg552	-1982.723389 1935.749023 -286.964813	2.440 2.077 -84.969
