# Trouble in Terrorist Town weapon/ammo placement overrides
# For map: ttt_chaser_v2
# Exported by: Kopa
setting:	replacespawns 1
ttt_random_weapon	-2312.879883 2083.219971 193.373001	0.000 0.000 0.000
ttt_random_weapon	-2313.110107 2042.479980 193.373001	0.000 0.000 0.000
ttt_random_weapon	-2314.219971 2129.229980 193.373001	0.000 0.000 0.000
ttt_random_weapon	-2311.719971 1937.800049 192.373001	0.000 0.000 0.000
ttt_random_weapon	-2311.139893 1883.619995 192.373001	0.000 0.000 0.000
ttt_random_weapon	-2309.989990 1832.469971 192.373001	0.000 0.000 0.000
ttt_random_weapon	-2312.909912 1730.030029 192.373001	0.000 0.000 0.000
ttt_random_weapon	-2310.389893 1685.479980 192.373001	0.000 0.000 0.000
ttt_random_weapon	-2311.629883 1628.930054 192.373001	0.000 0.000 0.000
ttt_random_weapon	-1994.920044 25.225901 170.373001	0.000 0.000 0.000
ttt_random_weapon	-2069.500000 21.601000 170.373001	0.000 0.000 0.000
ttt_random_weapon	-2080.419922 106.390999 170.373001	0.000 0.000 0.000
ttt_random_weapon	-2072.510010 214.572998 170.373001	0.000 0.000 0.000
ttt_random_weapon	-2072.969971 300.169006 170.373001	0.000 0.000 0.000
ttt_random_weapon	-721.726013 1232.800049 199.309006	0.000 0.000 0.000
ttt_random_weapon	-721.726013 1365.180054 209.582001	0.000 0.000 0.000
ttt_random_weapon	-853.107971 1040.800049 -85.627098	0.000 0.000 0.000
ttt_random_weapon	-759.288025 1042.410034 -85.627098	0.000 0.000 0.000
ttt_random_weapon	-704.276001 1038.800049 -85.627098	0.000 0.000 0.000
ttt_random_weapon	-753.854980 873.726013 -83.656799	0.000 0.000 0.000
ttt_random_weapon	-200.000000 1152.000000 -104.000000	0.000 0.000 0.000
ttt_random_weapon	-241.673004 1150.510010 -104.000000	0.000 0.000 0.000
ttt_random_weapon	-424.000000 1152.000000 -104.000000	0.000 0.000 0.000
ttt_random_weapon	-382.326996 1153.489990 -104.000000	0.000 0.000 0.000
ttt_random_weapon	-592.000000 1152.000000 -104.000000	0.000 0.000 0.000
ttt_random_weapon	-550.327026 1153.489990 -104.000000	0.000 0.000 0.000
ttt_random_weapon	-784.000000 1152.000000 -104.000000	0.000 0.000 0.000
ttt_random_weapon	-742.327026 1153.489990 -104.000000	0.000 0.000 0.000
ttt_random_weapon	-784.000000 1313.489990 -104.000000	0.000 0.000 0.000
ttt_random_weapon	-742.327026 1314.979980 -104.000000	0.000 0.000 0.000
ttt_random_weapon	-200.000000 1313.489990 -104.000000	0.000 0.000 0.000
ttt_random_weapon	-241.673004 1312.000000 -104.000000	0.000 0.000 0.000
ttt_random_weapon	-382.326996 1314.979980 -104.000000	0.000 0.000 0.000
ttt_random_weapon	-424.000000 1313.489990 -104.000000	0.000 0.000 0.000
ttt_random_weapon	-550.327026 1314.979980 -104.000000	0.000 0.000 0.000
ttt_random_weapon	-592.000000 1313.489990 -104.000000	0.000 0.000 0.000
ttt_random_weapon	-1384.109375 1430.302612 -94.790398	1.767 4.875 -92.845
ttt_random_weapon	-1381.472656 1392.832642 -94.782036	1.673 4.698 -93.061
ttt_random_weapon	-1382.409058 1346.853638 -94.784897	1.705 4.702 -92.987
ttt_random_weapon	-1384.577026 1287.903320 -94.845184	2.360 -5.241 -91.573
ttt_random_weapon	-1162.203735 1422.659180 -94.800819	1.884 4.716 -92.576
ttt_random_weapon	-1162.272949 1367.972900 -94.795235	1.822 4.712 -92.720
ttt_random_weapon	-1160.514038 1320.184814 -94.930161	1.650 3.205 -91.176
ttt_random_weapon	-1161.161621 1288.812622 -94.833984	1.873 3.380 -92.160
ttt_random_weapon	-1169.390015 1248.854248 -94.859703	2.340 5.031 -91.295
ttt_random_weapon	-1376.684448 450.796753 -94.791473	1.779 4.709 -92.817
ttt_random_weapon	-1377.438354 495.342804 -94.786957	1.728 4.704 -92.934
ttt_random_weapon	-1378.699341 534.717651 -94.792686	1.793 4.710 -92.786
ttt_random_weapon	-1380.098267 565.811523 -94.797249	1.844 4.714 -92.668
ttt_random_weapon	-1379.636841 597.794800 -94.803879	1.919 4.718 -92.497
ttt_random_weapon	-852.111511 823.503967 121.188255	1.882 5.662 -92.438
ttt_random_weapon	-852.048889 839.242310 121.214874	1.707 5.236 -92.981
ttt_random_weapon	-852.334290 867.305664 121.246178	1.269 5.313 -94.305
ttt_random_weapon	-852.163574 891.330200 121.149002	2.234 2.560 -92.625
ttt_random_weapon	-852.013977 923.129517 121.217697	1.676 3.765 -93.054
ttt_random_weapon	-852.010315 955.365601 121.208664	1.778 3.786 -92.821
ttt_random_weapon	-851.991516 993.585083 121.181610	2.082 4.596 -92.123
ttt_random_weapon	-851.995056 1026.460571 121.193336	1.950 4.472 -92.425
ttt_random_weapon	-852.123535 1216.395020 121.235199	1.425 5.096 -93.567
ttt_random_weapon	-852.091187 1247.476929 121.235382	1.475 5.160 -93.512
ttt_random_weapon	-852.102905 1280.764282 121.200180	1.873 6.301 -92.601
ttt_random_weapon	-852.123718 1304.110840 121.184608	2.048 6.324 -92.200
ttt_random_weapon	-852.062805 1337.098999 121.190392	1.975 4.610 -92.359
ttt_random_weapon	-852.115906 1364.319702 121.199631	1.879 4.782 -92.587
ttt_random_weapon	-852.138550 1395.083130 121.203537	1.722 6.217 -92.818
ttt_random_weapon	-852.089844 1428.700439 121.220634	1.642 5.971 -93.130
ttt_random_weapon	-413.241302 1438.645874 121.161140	2.202 3.138 -92.285
ttt_random_weapon	-413.045441 1415.023315 121.217674	1.676 4.219 -93.053
ttt_random_weapon	-412.944519 1386.621826 121.227280	1.567 4.775 -93.302
ttt_random_weapon	-413.045807 1357.348999 121.226456	1.577 4.238 -93.281
ttt_random_weapon	-412.929626 1327.607056 121.213234	1.726 4.597 -92.938
ttt_random_weapon	-413.192535 1297.392090 121.222038	1.627 4.793 -93.166
ttt_random_weapon	-413.033173 1274.593506 121.209007	1.774 4.793 -92.829
ttt_random_weapon	-412.954834 1237.436157 121.198387	1.893 4.404 -92.555
ttt_random_weapon	-412.768372 1035.831055 121.226021	1.581 4.967 -93.270
ttt_random_weapon	-414.111877 1013.091125 121.205612	1.812 4.928 -92.742
ttt_random_weapon	-413.024536 983.831726 121.232422	1.509 4.912 -93.436
ttt_random_weapon	-412.867737 951.254944 121.196838	1.911 3.314 -92.516
ttt_random_weapon	-413.136993 922.436707 121.187904	2.011 4.924 -92.285
ttt_random_weapon	-412.914398 887.565796 121.194916	1.870 4.885 -92.537
ttt_random_weapon	-412.896606 854.360962 121.210060	1.762 5.054 -92.857
ttt_random_weapon	-412.945831 816.585449 121.142433	1.968 4.378 -92.069
ttt_random_weapon	-1899.287354 1186.780151 121.199913	1.876 4.716 -92.595
ttt_random_weapon	-1896.913330 1212.381714 121.223335	1.612 4.691 -93.200
ttt_random_weapon	-1883.714478 1251.086060 121.203430	1.837 4.714 -92.686
ttt_random_weapon	-1895.731445 1280.009766 121.220154	1.648 4.695 -93.118
ttt_random_weapon	-1894.566406 1335.976318 121.234550	1.485 4.673 -93.491
ttt_random_weapon	-1897.185303 1376.224976 121.196899	1.910 4.718 -92.517
ttt_random_weapon	-1896.929199 1420.473877 121.231621	1.518 4.678 -93.415
ttt_random_weapon	-1897.107788 1465.469482 121.217499	1.678 4.699 -93.049
ttt_random_weapon	-1895.596802 1507.458740 121.235146	1.478 4.672 -93.506
ttt_random_weapon	-1894.489746 1549.434082 121.196121	1.919 4.718 -92.497
ttt_random_weapon	-1893.315308 1591.419678 121.202057	1.852 4.715 -92.650
ttt_random_weapon	-1892.266602 1627.409546 121.222580	1.620 4.692 -93.180
ttt_random_weapon	-1892.071533 1666.104736 121.220985	1.638 4.694 -93.139
ttt_random_weapon	-1891.545532 1698.948242 121.225822	1.584 4.687 -93.264
ttt_random_weapon	-1891.119263 1731.943115 121.216080	1.694 4.700 -93.012
ttt_random_weapon	-1890.682495 1767.937134 121.204765	1.821 4.712 -92.720
ttt_random_weapon	-1890.294189 1800.937988 121.217964	1.673 4.698 -93.061
ttt_random_weapon	-1891.168213 1835.723755 121.225136	1.591 4.689 -93.247
ttt_random_weapon	-900.041382 1811.487915 17.225824	1.584 4.687 -93.264
ttt_random_weapon	-861.315125 1841.977905 17.233715	1.494 4.675 -93.469
ttt_random_weapon	-843.806519 1864.284302 17.208532	1.779 4.709 -92.817
ttt_random_weapon	-824.893433 1886.401611 17.222193	1.625 4.692 -93.170
ttt_random_weapon	-799.723816 1905.564575 17.194525	1.937 4.719 -92.456
ttt_random_weapon	-790.955994 1949.644897 17.215599	1.699 4.701 -93.000
ttt_random_weapon	-785.928101 1994.668579 17.238516	1.440 4.665 -93.593
ttt_random_weapon	-784.965576 2036.106445 17.218370	1.668 3.866 -93.071
ttt_random_weapon	-785.329956 2072.918945 17.219912	1.651 4.433 -93.111
ttt_random_weapon	-784.762817 2119.193848 17.196136	1.919 4.626 -92.497
ttt_random_weapon	-793.473816 2160.070801 17.218546	1.026 -3.815 -93.810
ttt_random_weapon	-831.896362 2192.357666 17.199919	1.876 4.716 -92.595
ttt_random_weapon	-851.556580 2205.948486 17.210857	1.753 4.706 -92.877
ttt_random_weapon	-879.100342 2226.879395 17.241894	1.402 4.658 -93.681
ttt_random_weapon	-915.119202 2240.428711 17.208532	1.779 4.709 -92.817
ttt_random_weapon	-957.551147 2239.560303 17.215599	1.699 4.701 -93.000
ttt_random_weapon	-1002.261292 2240.318848 17.194525	1.937 4.719 -92.456
ttt_random_weapon	-1046.362915 2230.219238 17.202061	1.852 4.715 -92.650
ttt_random_weapon	-1092.865356 2230.156738 17.190310	1.984 4.720 -92.347
ttt_random_weapon	-1139.677979 2214.656982 17.201357	1.860 4.715 -92.632
ttt_random_weapon	-1181.457031 2187.348633 17.151678	2.416 8.430 -91.355
ttt_random_weapon	-1213.293945 2155.302246 17.233786	1.494 10.058 -93.471
ttt_random_weapon	-1256.537109 2125.148438 17.223341	1.612 4.691 -93.200
ttt_random_weapon	-1790.562988 753.097351 345.199432	1.882 4.926 -92.582
ttt_random_weapon	-1831.275513 756.528503 345.211060	1.751 4.927 -92.882
ttt_random_weapon	-1862.416260 761.314209 345.208313	1.782 5.253 -92.811
ttt_random_weapon	-1894.422119 768.560669 345.204987	1.819 4.928 -92.725
ttt_random_weapon	-1887.510864 814.095947 345.201599	1.857 4.928 -92.638
ttt_random_weapon	-1890.273682 851.711304 345.213226	1.726 4.926 -92.938
ttt_random_weapon	-1039.164063 1712.874023 345.146820	2.361 4.930 -91.714
ttt_random_weapon	-1012.892822 1711.577026 345.820038	5.011 10.981 -93.152
ttt_random_weapon	-970.767273 1716.644653 345.204315	1.827 4.929 -92.708
ttt_random_weapon	-932.831116 1708.726807 345.221924	1.628 4.921 -93.163
ttt_random_weapon	-927.006348 1681.490967 345.195587	1.925 4.924 -92.483
ttt_random_weapon	-934.229675 1650.763916 345.228455	1.554 4.916 -93.332
ttt_random_weapon	-929.895203 1618.297974 345.192322	1.962 4.927 -92.398
ttt_random_weapon	-495.785065 195.268631 289.196899	1.910 4.718 -92.517
ttt_random_weapon	-499.537628 141.757523 289.204773	1.821 4.712 -92.720
ttt_random_weapon	-596.649963 180.483292 289.204102	1.829 4.713 -92.703
ttt_random_weapon	-625.408081 145.142944 289.210297	1.759 4.707 -92.863
ttt_random_weapon	-712.802612 164.402115 289.207306	1.793 4.710 -92.786
ttt_random_weapon	-763.099854 131.426071 289.194519	1.937 4.719 -92.456
ttt_random_weapon	-860.595398 164.838135 289.240570	1.417 4.661 -93.647
ttt_random_weapon	-913.876953 148.102234 289.228058	1.558 4.684 -93.322
ttt_random_weapon	-1019.324890 165.725571 289.196899	1.910 4.718 -92.517
ttt_random_weapon	-1047.309692 142.441147 289.236450	1.463 4.670 -93.540
ttt_random_weapon	-1159.527588 154.664230 289.202759	1.844 4.714 -92.668
ttt_random_weapon	-1220.355713 126.766586 289.210846	1.753 4.706 -92.877
weapon_ttt_m16	-1364.780029 -312.000000 139.136002	0.000 0.000 59.000
weapon_ttt_m16	-1406.410034 -311.363007 139.541000	0.000 0.000 59.000
weapon_ttt_m16	-1445.319946 -310.640991 140.000000	0.000 0.000 59.000
weapon_ttt_m16	-1487.430054 -311.524994 139.438004	0.000 0.000 59.000
item_ammo_pistol_ttt	-1401.900024 -74.291397 137.279999	0.000 0.000 0.000
item_ammo_pistol_ttt	-1390.630005 -72.736900 137.279999	0.000 0.000 0.000
item_ammo_pistol_ttt	-1402.000000 -49.198700 137.279999	0.000 0.000 0.000
item_ammo_pistol_ttt	-1391.939941 -48.487801 137.279999	0.000 0.000 0.000
item_ammo_pistol_ttt	-1404.130005 -20.744200 137.279999	0.000 0.000 0.000
item_ammo_pistol_ttt	-1394.150024 -21.552700 137.279999	0.000 0.000 0.000
weapon_ttt_confgrenade	-1413.040039 52.357300 204.487000	0.000 0.000 0.000
weapon_ttt_confgrenade	-1412.560059 27.562901 204.487000	0.000 0.000 0.000
weapon_ttt_confgrenade	-1411.119995 -12.405800 204.487000	0.000 0.000 0.000
weapon_ttt_confgrenade	-1410.439941 -40.726299 204.487000	0.000 0.000 0.000
weapon_ttt_confgrenade	-1409.780029 -60.006802 204.487000	0.000 0.000 0.000
weapon_ttt_confgrenade	-2253.498779 2164.287354 122.148827	-36.558 -49.432 -91.260
weapon_ttt_confgrenade	-2221.493896 2167.963135 122.100449	-35.819 -50.128 -90.118
weapon_ttt_confgrenade	-2196.240479 2167.717529 122.220642	-37.655 -48.273 -93.028
weapon_ttt_confgrenade	-2177.339111 2167.626465 122.105812	-35.901 -50.049 -90.242
weapon_ttt_confgrenade	-2152.387695 2170.716797 122.125618	-36.204 -49.777 -90.707
weapon_ttt_confgrenade	-2127.245361 2163.835449 122.143059	-36.470 -49.519 -91.121
weapon_ttt_confgrenade	-2094.794922 2160.004150 122.152885	-36.620 -49.371 -91.357
weapon_ttt_confgrenade	-1697.740967 1426.218750 354.191772	-37.214 -48.758 -92.306
weapon_ttt_confgrenade	-1695.393433 1458.856445 354.158173	-36.701 -49.291 -91.484
weapon_ttt_confgrenade	-1697.336914 1494.059326 354.102753	-35.854 -50.096 -90.172
weapon_ttt_confgrenade	-1701.083862 1508.535889 354.115173	-36.044 -49.925 -90.462
weapon_ttt_confgrenade	-1694.199097 1526.383789 354.159943	-36.728 -49.264 -91.528
weapon_ttt_confgrenade	-1676.213745 1522.501221 354.217438	-37.606 -48.331 -92.947
weapon_ttt_confgrenade	-1664.746704 1487.243042 354.168610	-36.861 -49.127 -91.738
weapon_ttt_confgrenade	-1659.735474 1472.291992 354.178986	-37.019 -48.963 -91.991
weapon_ttt_confgrenade	-1671.668701 1448.698120 354.182312	-37.070 -48.911 -92.072
weapon_ttt_confgrenade	-1674.969482 1486.023438 354.144775	-36.497 -49.495 -91.163
weapon_ttt_confgrenade	-1667.714844 1502.232178 354.237457	-37.911 -47.984 -93.455
weapon_ttt_confgrenade	-1645.877075 1506.649170 354.110626	-35.975 -49.992 -90.355
weapon_ttt_confgrenade	-1629.068359 1495.491333 354.122925	-36.163 -49.816 -90.644
weapon_ttt_confgrenade	-1615.545044 1495.580566 354.165161	-36.808 -49.182 -91.654
weapon_ttt_confgrenade	-1594.237915 1501.690552 354.159943	-36.728 -49.264 -91.528
weapon_ttt_confgrenade	-1584.220093 1522.713867 354.551331	16.540 -13.285 -98.494
weapon_ttt_confgrenade	-1602.050293 1523.334106 354.180054	13.468 91.727 90.594
weapon_ttt_confgrenade	-1549.000488 1502.626221 354.122925	-36.163 -49.816 -90.644
weapon_ttt_confgrenade	-1540.898560 1509.605469 354.140686	-36.434 -49.555 -91.065
weapon_ttt_confgrenade	-1560.994263 1501.715942 354.158173	-36.701 -49.291 -91.484
weapon_ttt_confgrenade	-1547.956543 1527.338013 354.231659	-37.823 -48.085 -93.307
weapon_ttt_confgrenade	-1513.579346 1530.147461 354.583710	39.722 -54.692 -96.269
weapon_ttt_confgrenade	-1493.467773 1520.802856 354.108063	-35.935 -50.023 -90.295
weapon_ttt_confgrenade	-1491.295410 1510.874756 354.197937	-37.308 -48.657 -92.459
weapon_ttt_confgrenade	-1496.351807 1502.503174 354.238098	-37.921 -47.973 -93.471
weapon_ttt_confgrenade	-1524.244995 1493.462402 354.303070	-42.630 -30.586 -96.756
weapon_ttt_confgrenade	-1523.873779 1501.749390 354.385864	-38.811 -32.701 98.064
weapon_ttt_confgrenade	-1511.153442 1511.217041 354.100464	-35.819 -50.127 -90.118
weapon_zm_shotgun	-1203.800049 -309.864014 137.893997	0.000 0.000 59.000
weapon_zm_shotgun	-1243.650024 -310.704010 137.360001	0.000 0.000 59.000
weapon_zm_shotgun	-1282.839966 -309.822998 137.919998	0.000 0.000 59.000
weapon_zm_shotgun	-1318.790039 -309.153015 138.345993	0.000 0.000 59.000
weapon_ttt_ak47	-1129.533569 942.167542 344.885864	0.140 11.253 -87.481
weapon_ttt_ak47	-1245.250122 949.653198 344.840973	0.202 11.252 -86.986
weapon_ttt_ak47	-1369.045288 949.275269 344.844238	0.198 11.252 -87.022
weapon_ttt_ak47	-1477.629639 955.045288 344.908051	0.109 11.254 -87.726
weapon_ttt_ak47	-1577.121582 951.210388 344.889648	0.134 11.253 -87.523
weapon_ttt_ak47	-1670.830811 950.154358 344.878479	0.266 11.149 -88.335
weapon_ttt_smokegrenade	-1430.520020 -86.256798 205.735001	0.000 0.000 0.000
weapon_ttt_smokegrenade	-1476.079956 -77.238197 205.735001	0.000 0.000 0.000
weapon_ttt_smokegrenade	-1524.079956 -66.240997 205.735001	0.000 0.000 0.000
weapon_ttt_smokegrenade	-1554.239990 -74.651398 205.735001	0.000 0.000 0.000
weapon_ttt_smokegrenade	-1457.160034 -54.847500 205.735001	0.000 0.000 0.000
weapon_ttt_smokegrenade	-2041.484985 1025.312012 120.176918	-1.937 -1.428 -1.059
weapon_ttt_smokegrenade	-2090.105713 1011.625916 120.155090	-2.739 -1.229 -1.498
weapon_ttt_smokegrenade	-2117.995605 1007.848145 120.163551	-2.428 -1.323 -1.327
weapon_ttt_smokegrenade	-2163.250000 1009.833313 120.176918	-1.937 -1.428 -1.059
weapon_ttt_smokegrenade	-2200.553467 1006.594604 120.191757	-1.391 -1.488 -0.764
weapon_ttt_smokegrenade	-2241.769531 1005.709656 120.153961	-2.780 -1.170 -1.520
weapon_ttt_smokegrenade	-2282.670166 1025.263550 120.156204	-2.698 -1.246 -1.475
weapon_ttt_smokegrenade	-2321.210693 1050.967529 120.207664	-0.812 -1.509 -0.444
weapon_ttt_smokegrenade	-2330.374268 1089.918945 120.198067	-1.163 -1.499 -0.636
weapon_ttt_smokegrenade	-2333.544922 1117.404175 120.162537	-2.468 -1.325 -1.346
weapon_ttt_smokegrenade	-2319.896240 1141.414917 120.190048	-1.456 -1.484 -0.796
weapon_ttt_smokegrenade	-2318.607910 1177.094116 120.150459	-2.909 -1.213 -1.591
weapon_ttt_smokegrenade	-2033.929932 1384.101074 120.151588	-2.865 -1.204 -1.570
weapon_ttt_smokegrenade	-2030.197632 1305.105591 120.175301	-1.996 -1.430 -1.091
weapon_ttt_smokegrenade	-2021.591064 1262.794434 120.152786	-2.825 -1.185 -1.543
weapon_ttt_smokegrenade	-2020.796509 1222.004272 120.162544	-2.464 -1.325 -1.348
weapon_ttt_smokegrenade	-2017.771118 1191.359009 120.184296	-1.667 -1.464 -0.911
weapon_ttt_smokegrenade	-2063.569824 1034.604004 120.213142	-0.612 -1.512 -0.335
weapon_ttt_smokegrenade	-2114.511475 1022.172058 120.155083	-2.741 -1.229 -1.496
weapon_ttt_smokegrenade	-2140.229492 1024.127808 120.181473	-1.770 -1.448 -0.968
weapon_ttt_smokegrenade	-2162.634766 1026.245239 120.205215	-0.902 -1.507 -0.493
weapon_ttt_smokegrenade	-2184.431396 1027.279297 120.174438	-2.026 -1.422 -1.110
weapon_ttt_smokegrenade	-2206.564697 1033.331909 120.155090	-2.739 -1.229 -1.498
weapon_ttt_smokegrenade	-2223.147461 1039.960205 120.180740	-1.797 -1.448 -0.982
weapon_ttt_smokegrenade	-2251.156494 1036.708618 120.188217	-1.523 -1.475 -0.833
weapon_ttt_smokegrenade	-2273.577148 1050.378784 120.184967	-1.644 -1.464 -0.896
weapon_ttt_smokegrenade	-2294.535889 1069.418335 120.184975	-1.642 -1.464 -0.898
weapon_ttt_smokegrenade	-2302.381104 1079.881226 120.171051	-2.152 -1.401 -1.177
weapon_ttt_smokegrenade	-2302.383545 1098.911865 120.176910	-1.939 -1.428 -1.058
weapon_ttt_smokegrenade	-2308.622803 1134.869019 120.197586	-1.180 -1.499 -0.645
weapon_ttt_smokegrenade	-2302.291748 1157.043945 120.184296	-1.667 -1.464 -0.911
weapon_ttt_smokegrenade	-2304.382568 1183.726929 120.207993	-0.800 -1.510 -0.438
weapon_ttt_smokegrenade	-2024.079834 1360.610596 120.185623	-1.619 -1.471 -0.884
weapon_ttt_smokegrenade	-2042.166748 1329.953735 120.168343	-2.252 -1.362 -1.231
weapon_ttt_smokegrenade	-2040.999512 1302.655762 120.174477	-2.026 -1.422 -1.108
weapon_ttt_smokegrenade	-2045.100464 1269.660645 120.167412	-2.286 -1.367 -1.250
weapon_ttt_smokegrenade	-2039.480225 1255.370605 120.199463	-1.112 -1.501 -0.608
weapon_ttt_smokegrenade	-2038.874023 1236.481201 120.164536	-2.391 -1.323 -1.308
weapon_ttt_smokegrenade	-2033.636841 1215.640015 120.160492	-2.540 -1.297 -1.389
weapon_ttt_smokegrenade	-2025.886719 1195.187134 120.180740	-1.797 -1.448 -0.982
ttt_playerspawn	-1098.979980 802.121948 348.468323	-0.051 0.185 0.051
ttt_playerspawn	-1220.060303 804.834717 349.017151	-0.054 -0.139 0.054
ttt_playerspawn	-1393.500122 809.403137 349.980682	-0.081 -0.185 0.081
ttt_playerspawn	-1517.400757 812.141602 350.005615	-0.034 0.139 0.036
ttt_playerspawn	-1644.466309 806.185974 348.487885	-0.069 -0.000 0.069
ttt_playerspawn	-1737.680176 817.911072 349.259583	-0.061 2.217 0.061
ttt_playerspawn	-1839.894409 943.080811 352.271332	-0.058 0.092 0.058
ttt_playerspawn	-1843.203247 1094.155151 347.936279	-0.057 -0.277 0.058
ttt_playerspawn	-1836.661865 1252.018311 350.672302	-0.067 0.092 0.067
ttt_playerspawn	-1824.321777 1428.612793 353.093933	-0.082 0.370 0.083
ttt_playerspawn	-1832.613892 1549.669678 351.163635	-0.089 0.185 0.089
ttt_playerspawn	-1681.225220 1668.627319 348.783508	-0.051 -0.647 0.051
ttt_playerspawn	-1526.909668 1661.164673 346.641632	-0.049 0.139 0.050
ttt_playerspawn	-1345.925537 1672.056030 347.691315	-0.034 0.092 0.036
ttt_playerspawn	-1150.984619 1664.314087 349.390350	-0.067 -0.277 0.067
ttt_playerspawn	-1524.505249 1094.413452 350.330231	-0.057 -0.000 0.058
ttt_playerspawn	-1287.993652 1095.703613 347.728455	-0.068 -0.092 0.068
ttt_playerspawn	-1339.939941 1215.679199 348.336151	-0.070 0.092 0.070
ttt_playerspawn	-579.142700 278.149261 296.460358	-0.032 0.092 0.035
ttt_playerspawn	-849.975342 253.501572 294.111938	-0.069 0.369 0.069
ttt_playerspawn	-1064.101440 251.146362 293.878815	-0.078 -0.000 0.078
ttt_playerspawn	-1288.021362 242.023376 292.103271	-0.072 0.092 0.072
ttt_playerspawn	-1388.916504 411.450104 291.439667	-0.047 0.185 0.048
ttt_playerspawn	-622.935181 1242.831055 125.661446	-0.075 0.553 0.075
ttt_playerspawn	-625.432678 918.657288 127.865456	-0.060 -0.924 0.060
ttt_playerspawn	-499.713257 1120.367920 124.091652	-0.013 -0.000 0.018
ttt_playerspawn	-751.426453 1120.163208 125.235390	-0.046 -0.042 0.046
ttt_playerspawn	-1795.561035 678.387451 125.419868	-0.030 -0.000 0.033
ttt_playerspawn	-1790.968262 935.861877 125.560890	0.024 0.372 0.262
ttt_playerspawn	-1784.083130 1824.281738 124.967003	-0.078 0.000 0.078
ttt_playerspawn	-1792.160034 1555.041382 125.292549	-0.039 0.092 0.040
ttt_playerspawn	-1793.093872 1330.227051 125.056999	0.004 0.015 -0.083
ttt_playerspawn	-1777.645874 1135.097290 123.526764	-0.071 -0.370 0.071
ttt_playerspawn	-2162.850586 1873.467285 125.335793	0.119 -0.925 -0.076
ttt_playerspawn	-2164.641357 1630.604370 125.534569	-0.063 0.186 0.063
ttt_playerspawn	-2153.915771 1354.203491 123.770309	-0.062 0.324 0.062
ttt_playerspawn	-2159.722656 1154.414429 123.353386	-0.085 0.231 0.085
ttt_playerspawn	-942.396423 2051.844238 20.704592	0.039 -0.093 -0.040
ttt_playerspawn	-1027.302368 1907.507690 22.838097	0.081 -0.277 0.081
ttt_playerspawn	-1210.547363 2043.998535 18.409145	-0.056 0.277 0.057
ttt_playerspawn	-200.696808 1231.335449 -138.550034	-0.070 0.092 0.069
ttt_playerspawn	-409.775452 1229.174194 -138.687561	-0.076 0.185 0.076
ttt_playerspawn	-667.838501 1224.405518 -139.780304	-0.055 0.370 0.055
ttt_playerspawn	-818.594666 1235.537109 -141.999557	-0.025 -0.185 0.022
weapon_zm_mac10	-1158.280029 -349.644012 159.074005	0.000 0.000 61.500
weapon_zm_mac10	-1191.609985 -349.697998 159.037003	0.000 0.000 61.500
weapon_zm_mac10	-1229.689941 -349.819000 158.951996	0.000 0.000 61.500
weapon_zm_mac10	-1273.319946 -349.339996 159.287003	0.000 0.000 61.500
weapon_zm_molotov	-1582.369995 -82.959099 205.735001	0.000 0.000 0.000
weapon_zm_molotov	-1561.959961 -80.315201 205.735001	0.000 0.000 0.000
weapon_zm_molotov	-1529.400024 -82.602097 205.735001	0.000 0.000 0.000
weapon_zm_molotov	-1495.810059 -83.249603 205.735001	0.000 0.000 0.000
weapon_zm_molotov	-1458.479980 -81.665901 205.735001	0.000 0.000 0.000
weapon_zm_molotov	-1414.900024 -77.816200 205.735001	0.000 0.000 0.000
weapon_zm_molotov	-1289.197510 1523.950195 352.174561	-1.182 -1.521 -1.202
weapon_zm_molotov	-1294.914673 1495.589478 352.156281	-1.572 -1.414 -1.600
weapon_zm_molotov	-1276.483887 1483.478271 352.182953	-1.003 -1.542 -1.020
weapon_zm_molotov	-1274.345337 1512.087646 352.163635	-1.415 -1.487 -1.440
weapon_zm_molotov	-1259.585815 1488.214111 352.136261	-2.001 -1.232 -2.036
weapon_zm_molotov	-1245.751343 1521.167236 352.180817	-1.048 -1.541 -1.066
weapon_zm_molotov	-1227.099121 1495.204834 352.172882	-1.218 -1.521 -1.239
weapon_zm_molotov	-1213.643921 1517.763550 352.144348	-1.827 -1.288 -1.861
weapon_zm_molotov	-1209.578979 1486.711792 352.172882	-1.218 -1.521 -1.239
weapon_zm_molotov	-1194.120728 1521.478760 352.152893	-1.644 -1.424 -1.674
weapon_zm_molotov	-1169.762451 1506.067749 352.141724	-1.882 -1.286 -1.918
weapon_zm_molotov	-1142.221191 1522.722290 352.131927	-2.091 -1.230 -2.131
weapon_zm_molotov	-1122.886597 1495.781982 352.154022	-1.625 -1.419 -1.646
weapon_zm_molotov	-1164.267944 1477.182495 352.163635	-1.415 -1.487 -1.440
weapon_zm_molotov	-1182.254150 1487.413696 352.152863	-1.650 -1.424 -1.671
weapon_zm_molotov	-1149.268555 1464.357544 352.158447	-1.525 -1.456 -1.553
weapon_zm_molotov	-1124.817749 1463.871094 352.180084	-1.064 -1.539 -1.082
weapon_zm_molotov	-1106.690552 1421.417847 352.199066	-0.660 -1.565 -0.669
weapon_zm_molotov	-1118.273193 1416.428101 352.178558	-1.097 -1.532 -1.115
weapon_zm_molotov	-1135.448975 1440.891846 352.156281	-1.572 -1.414 -1.600
weapon_zm_molotov	-1143.006226 1476.121338 352.159515	-1.502 -1.457 -1.530
weapon_zm_molotov	-1112.152954 1465.854248 352.154022	-1.620 -1.419 -1.649
weapon_zm_molotov	-1147.726074 1496.996460 352.144348	-1.827 -1.288 -1.861
weapon_zm_molotov	-1115.478149 1503.365112 352.195129	-0.744 -1.561 -0.755
item_ammo_357_ttt	-1567.979980 -102.137001 137.276001	0.000 0.000 0.000
item_ammo_357_ttt	-1547.510010 -103.389000 137.276001	0.000 0.000 0.000
item_ammo_357_ttt	-1529.079956 -103.458000 137.276001	0.000 0.000 0.000
item_ammo_357_ttt	-1512.050049 -102.750000 137.276001	0.000 0.000 0.000
item_ammo_357_ttt	-1495.859985 -102.634003 137.276001	0.000 0.000 0.000
item_ammo_357_ttt	-1479.459961 -102.188004 137.276001	0.000 0.000 0.000
item_ammo_357_ttt	-1408.560059 11.747100 169.276001	0.000 0.000 0.000
item_ammo_357_ttt	-1410.890015 28.560200 169.276001	0.000 0.000 0.000
item_ammo_357_ttt	-1412.969971 50.442001 169.276001	0.000 0.000 0.000
item_box_buckshot_ttt	-1401.699951 -70.940498 169.294006	0.000 0.000 0.000
item_box_buckshot_ttt	-1403.219971 -54.918800 169.294006	0.000 0.000 0.000
item_box_buckshot_ttt	-1406.439941 -38.429699 169.294006	0.000 0.000 0.000
item_box_buckshot_ttt	-1407.430054 -19.030300 169.294006	0.000 0.000 0.000
item_box_buckshot_ttt	-1405.510010 -2.952940 169.294006	0.000 0.000 0.000
item_ammo_smg1_ttt	-1460.150024 -102.156998 137.345001	0.000 0.000 0.000
item_ammo_smg1_ttt	-1443.589966 -101.674004 137.345001	0.000 0.000 0.000
item_ammo_smg1_ttt	-1426.430054 -101.477997 137.345001	0.000 0.000 0.000
item_ammo_smg1_ttt	-1407.959961 -101.116997 137.345001	0.000 0.000 0.000
item_ammo_smg1_ttt	-1459.800049 -90.651100 169.345001	0.000 0.000 0.000
item_ammo_smg1_ttt	-1439.160034 -91.301598 169.345001	0.000 0.000 0.000
item_ammo_smg1_ttt	-1418.760010 -94.060997 169.345001	0.000 0.000 0.000
item_ammo_smg1_ttt	-1690.744385 988.605896 344.480042	0.084 0.002 -0.169
item_ammo_smg1_ttt	-1683.633301 1031.731079 344.507172	0.433 -0.011 -0.343
item_ammo_smg1_ttt	-1694.249512 1083.985596 344.500153	0.809 -0.011 -0.601
item_ammo_smg1_ttt	-1695.279419 1136.299316 344.428589	-0.669 0.003 0.437
item_ammo_smg1_ttt	-1115.204834 1144.023193 344.394257	0.123 -0.005 0.070
item_ammo_smg1_ttt	-1127.824097 1077.450806 344.396790	0.136 -0.005 0.079
item_ammo_smg1_ttt	-1125.338501 997.420837 344.391693	0.110 -0.005 0.062
item_ammo_smg1_ttt	-1127.220947 1108.255127 344.386414	0.088 -0.005 0.047
item_ammo_smg1_ttt	-1166.700195 1138.799683 344.477173	0.551 -0.083 0.246
item_ammo_smg1_ttt	-1167.650269 1071.794922 344.515686	-0.269 0.013 -0.226
item_ammo_smg1_ttt	-1178.701294 1007.770325 344.415771	0.336 -0.005 0.214
item_ammo_smg1_ttt	-1657.054199 1022.004883 344.396790	-0.137 0.005 0.080
item_ammo_smg1_ttt	-1644.262939 1093.943359 344.415771	-0.338 0.005 0.215
item_ammo_smg1_ttt	-1649.910767 1061.546875 344.511200	0.322 -0.013 -0.272
weapon_zm_rifle	-1020.000000 -309.056000 139.936996	0.000 0.000 59.000
weapon_zm_rifle	-1065.500000 -309.102997 137.748001	0.000 0.000 59.000
weapon_zm_rifle	-1113.130005 -309.132996 137.729004	0.000 0.000 59.000
weapon_zm_rifle	-1160.410034 -307.376007 138.845993	0.000 0.000 59.000
weapon_ttt_glock	-1464.979980 -348.209991 159.854004	0.000 0.000 61.500
weapon_ttt_glock	-1505.810059 -348.777008 159.457993	0.000 0.000 61.500
weapon_ttt_glock	-1548.229980 -348.557007 159.610992	0.000 0.000 61.500
weapon_ttt_glock	-1592.000000 -348.000000 160.000000	0.000 0.000 61.500
ttt_random_ammo	-880.000000 1008.000000 -142.998993	0.000 0.000 0.000
ttt_random_ammo	-856.000000 1008.000000 -142.998993	0.000 0.000 0.000
ttt_random_ammo	-832.000000 1008.000000 -142.998993	0.000 0.000 0.000
ttt_random_ammo	-760.000000 1008.000000 -142.998993	0.000 0.000 0.000
ttt_random_ammo	-784.000000 1008.000000 -142.998993	0.000 0.000 0.000
ttt_random_ammo	-808.000000 1008.000000 -142.998993	0.000 0.000 0.000
ttt_random_ammo	-712.000000 1008.000000 -142.998993	0.000 0.000 0.000
ttt_random_ammo	-736.000000 1008.000000 -142.998993	0.000 0.000 0.000
ttt_random_ammo	-1382.356323 1207.509277 -95.638474	0.067 -0.000 -0.012
ttt_random_ammo	-1385.902710 1162.900391 -95.629028	0.100 0.000 0.056
ttt_random_ammo	-1388.573486 1111.769287 -95.632690	0.083 0.000 0.034
ttt_random_ammo	-1388.599854 1069.885742 -95.629028	0.100 0.000 0.056
ttt_random_ammo	-1387.433105 1029.847412 -95.662369	0.047 0.000 -0.025
ttt_random_ammo	-1387.797119 991.921692 -95.642487	0.060 -0.000 -0.001
ttt_random_ammo	-1160.209106 1197.133911 -95.614677	0.281 0.001 0.284
ttt_random_ammo	-1158.589233 1153.167358 -95.541962	0.790 0.023 0.956
ttt_random_ammo	-1157.953857 1099.054810 -95.606308	0.819 0.009 0.942
ttt_random_ammo	-1158.137939 1066.284180 -95.559822	1.176 -0.030 -1.427
ttt_random_ammo	-1156.113281 1026.555054 -95.577347	1.478 0.033 1.781
ttt_random_ammo	-1160.933350 996.835938 -95.575073	1.469 -0.035 -1.778
ttt_random_ammo	-1154.474976 431.673248 -95.672150	0.047 0.000 -0.031
ttt_random_ammo	-1151.945557 460.121155 -95.636505	0.072 0.000 0.019
ttt_random_ammo	-1150.010254 491.048004 -95.562737	1.269 0.032 1.540
ttt_random_ammo	-1150.226807 658.329956 -95.642494	0.060 0.000 0.001
ttt_random_ammo	-1149.995605 930.337708 -95.655403	0.049 -0.000 0.019
ttt_random_ammo	-1150.078369 903.139954 -95.660011	0.047 0.000 -0.023
ttt_random_ammo	-1146.825317 863.227356 -95.514793	1.110 0.694 -1.358
ttt_random_ammo	-1148.416870 833.288208 -95.612396	0.364 -0.002 -0.387
ttt_random_ammo	-1151.881836 797.208496 -95.648796	0.053 0.000 -0.011
ttt_random_ammo	-1156.020020 752.724976 -95.638466	0.067 0.000 0.012
ttt_random_ammo	-1151.809204 693.047607 -95.574608	1.464 0.034 1.769
ttt_random_ammo	-1151.999878 723.408875 -95.638474	0.067 -0.000 -0.012
ttt_random_ammo	-724.001526 1297.287231 120.337624	0.047 0.000 -0.025
ttt_random_ammo	-748.352661 1296.025024 120.327843	0.046 0.000 -0.031
ttt_random_ammo	-717.629150 947.273682 120.439735	1.146 0.029 1.383
ttt_random_ammo	-747.131042 946.888916 120.327843	0.046 0.000 -0.031
ttt_random_ammo	-525.749268 950.788940 120.448128	0.970 0.026 1.171
ttt_random_ammo	-501.078278 946.035400 120.415596	1.679 0.035 2.031
ttt_random_ammo	-520.248413 1293.232544 120.346817	0.049 0.000 -0.017
ttt_random_ammo	-504.860016 1293.194946 120.349022	0.051 0.000 -0.014
ttt_random_ammo	-695.940552 1295.346313 120.394630	1.084 0.014 1.266
ttt_random_ammo	-672.224426 1294.497681 120.322716	0.047 0.000 -0.033
ttt_random_ammo	-555.381104 1293.380127 120.382484	0.216 0.001 0.204
ttt_random_ammo	-585.515686 1293.225220 120.327843	0.046 0.000 -0.031
ttt_random_ammo	-691.191528 943.044922 120.349022	0.051 0.000 -0.014
ttt_random_ammo	-671.328064 947.446167 120.337624	0.047 0.000 -0.025
ttt_random_ammo	-554.027832 946.046326 120.370972	0.098 0.000 0.055
ttt_random_ammo	-579.148499 950.375488 120.363487	0.071 0.000 0.018
ttt_random_ammo	-914.307251 1220.067505 120.385323	0.281 0.001 0.284
ttt_random_ammo	-953.244019 1218.841309 120.335243	0.047 0.000 -0.027
ttt_random_ammo	-1001.401550 1221.519653 120.367310	0.083 0.000 0.034
ttt_random_ammo	-1055.112915 1224.719971 120.365417	0.077 0.000 0.026
ttt_random_ammo	-1103.075562 1224.119141 120.327850	0.047 0.000 -0.031
ttt_random_ammo	-1139.925415 1222.676636 120.369156	0.091 0.000 0.045
ttt_random_ammo	-1185.158813 1224.389771 120.380989	0.191 0.001 0.172
ttt_random_ammo	-1223.972168 1223.496460 120.369156	0.091 0.000 0.045
ttt_random_ammo	-1262.676880 1224.017090 120.335243	0.047 0.000 -0.027
ttt_random_ammo	-1297.621948 1223.517822 120.330353	0.046 0.000 -0.030
ttt_random_ammo	-1333.418457 1223.873657 120.438965	1.232 0.030 1.494
ttt_random_ammo	-1368.226563 1224.392334 120.385345	0.277 0.001 0.280
ttt_random_ammo	-1407.416748 1231.356079 120.312004	0.048 0.000 -0.037
ttt_random_ammo	-1444.246338 1226.491943 120.320107	0.047 0.000 -0.034
ttt_random_ammo	-1484.713257 1226.234009 120.357506	0.060 0.000 0.001
ttt_random_ammo	-1535.564697 1227.747681 120.394157	0.953 0.011 1.106
ttt_random_ammo	-1581.774414 1226.463501 120.344597	0.049 -0.000 0.019
ttt_random_ammo	-901.077026 1017.318420 120.349030	0.051 0.000 -0.014
ttt_random_ammo	-925.826294 1015.532837 120.327850	0.047 0.000 -0.031
ttt_random_ammo	-967.991028 1011.677368 120.363495	0.071 0.000 0.018
ttt_random_ammo	-979.690979 1011.501587 120.355438	0.057 0.000 -0.004
ttt_random_ammo	-1017.239807 1013.148499 120.372757	0.108 0.000 0.067
ttt_random_ammo	-1078.534912 1012.431152 120.441071	1.070 0.028 1.285
ttt_random_ammo	-1092.189819 1011.943787 120.332817	0.047 0.000 -0.028
ttt_random_ammo	-1147.399048 1017.434631 120.419319	1.667 0.036 2.024
ttt_random_ammo	-1190.348633 1013.121643 120.361534	0.067 0.000 0.011
ttt_random_ammo	-1234.489258 1010.755554 120.385345	0.278 0.001 0.281
ttt_random_ammo	-1271.581543 1012.514648 120.344582	0.049 0.000 -0.019
ttt_random_ammo	-1302.927368 1013.718689 120.452400	0.939 0.025 1.139
ttt_random_ammo	-1342.447021 1014.438049 120.363495	0.071 0.000 0.018
ttt_random_ammo	-1371.427368 1013.993225 120.380852	0.191 -0.001 -0.172
ttt_random_ammo	-1415.846924 1012.371094 120.317482	0.047 -0.000 0.035
ttt_random_ammo	-1449.366089 1013.117493 120.459816	0.756 0.023 0.915
ttt_random_ammo	-1485.478027 1015.793518 120.365417	0.077 0.000 0.026
ttt_random_ammo	-1519.855591 1016.362793 120.365417	0.077 0.000 0.026
ttt_random_ammo	-1551.128418 1021.740967 120.355438	0.057 0.000 -0.004
ttt_random_ammo	-1580.987549 1020.342163 120.390282	0.467 0.003 0.513
ttt_random_ammo	-1694.679565 1877.397949 120.363480	0.072 -0.000 -0.018
ttt_random_ammo	-1695.390869 1835.633057 120.391617	0.621 -0.005 -0.701
ttt_random_ammo	-1695.946289 1798.352295 120.423706	1.490 -0.034 -1.804
ttt_random_ammo	-1696.412354 1747.457886 120.428192	1.327 -0.032 -1.599
ttt_random_ammo	-1697.194458 1723.364014 120.340004	0.047 -0.000 0.023
ttt_random_ammo	-1698.130981 1680.998047 120.425430	1.500 -0.034 -1.820
ttt_random_ammo	-1698.924927 1644.990723 120.418427	1.550 -0.040 -1.870
ttt_random_ammo	-1699.800415 1606.013794 120.382317	0.218 -0.001 -0.206
ttt_random_ammo	-1700.695190 1567.027954 120.426476	1.477 -0.035 -1.793
ttt_random_ammo	-1701.528809 1531.032471 120.422974	1.378 -0.032 -1.654
ttt_random_ammo	-1702.422363 1492.046387 120.344597	0.049 -0.000 0.019
ttt_random_ammo	-1703.251221 1456.056030 120.363480	0.072 -0.000 -0.019
ttt_random_ammo	-1704.150024 1417.066406 120.379311	0.170 -0.001 -0.146
ttt_random_ammo	-1704.836548 1381.074585 120.346840	0.050 -0.000 0.017
ttt_random_ammo	-1705.356812 1342.076904 120.363480	0.072 -0.000 -0.019
ttt_random_ammo	-1705.973022 1306.268066 120.390198	0.479 0.003 0.527
ttt_random_ammo	-1706.575439 1270.271118 120.431755	1.390 0.033 1.686
ttt_random_ammo	-1064.001831 1791.885864 16.365423	0.077 0.000 0.026
ttt_random_ammo	-1104.110107 1799.605713 16.342304	0.048 0.000 -0.022
ttt_random_ammo	-1119.288696 1812.963867 16.365421	0.077 0.000 0.026
ttt_random_ammo	-1141.572754 1824.334961 16.365425	0.077 0.000 0.026
ttt_random_ammo	-1162.633423 1846.971069 16.391293	0.538 0.004 0.599
ttt_random_ammo	-1178.601929 1859.031982 16.387943	0.362 0.002 0.384
ttt_random_ammo	-1195.004517 1876.808594 16.353342	0.055 0.000 -0.007
ttt_random_ammo	-1212.611816 1892.581787 16.377823	0.152 0.001 0.124
ttt_random_ammo	-1227.024414 1903.154785 16.332821	0.047 0.000 -0.028
ttt_random_ammo	-1260.622314 1921.287109 16.433475	1.280 -0.031 -1.549
ttt_random_ammo	-1302.916748 1915.517090 16.372757	0.109 0.000 0.069
ttt_random_ammo	-1069.580811 1815.929565 16.359541	0.063 0.000 0.006
ttt_random_ammo	-1104.967285 1827.570313 16.342304	0.048 0.000 -0.022
ttt_random_ammo	-1121.077148 1840.943604 16.415295	1.742 0.031 2.113
ttt_random_ammo	-1137.247437 1855.657959 16.320112	0.047 0.000 -0.034
ttt_random_ammo	-1152.810181 1870.270752 16.351206	0.053 0.000 -0.011
ttt_random_ammo	-1168.951294 1882.582397 16.382502	0.216 0.001 0.203
ttt_random_ammo	-1187.733154 1893.481934 16.349033	0.051 0.000 -0.014
ttt_random_ammo	-1197.866455 1906.978760 16.422428	1.592 0.042 1.931
ttt_random_ammo	-1221.975952 1924.197510 16.381006	0.189 0.001 0.170
ttt_random_ammo	-1245.728882 1931.974731 16.380999	0.190 0.001 0.172
ttt_random_ammo	-1294.693237 1926.764648 16.419703	1.578 0.042 1.906
ttt_random_ammo	-1248.225220 2108.636230 16.394817	1.451 0.025 1.711
ttt_random_ammo	-1215.182373 2119.318359 16.369167	0.090 0.000 0.044
ttt_random_ammo	-1199.583130 2147.198486 16.337637	0.047 0.000 -0.025
ttt_random_ammo	-1175.212769 2172.328125 16.330357	0.047 0.000 -0.029
ttt_random_ammo	-1148.847290 2196.198486 16.312010	0.048 0.000 -0.037
ttt_random_ammo	-1115.810791 2215.089600 16.342304	0.048 0.000 -0.022
ttt_random_ammo	-1081.952271 2225.648682 16.346827	0.050 0.000 -0.017
ttt_random_ammo	-1044.585571 2224.526123 16.436283	1.288 0.031 1.563
ttt_random_ammo	-1008.772095 2224.259766 16.325312	0.047 0.000 -0.032
ttt_random_ammo	-969.262756 2223.957275 16.391212	0.549 0.004 0.613
ttt_random_ammo	-925.579773 2222.440674 16.394690	1.078 0.014 1.257
ttt_random_ammo	-889.117004 2213.464844 16.351206	0.053 0.000 -0.011
ttt_random_ammo	-855.347168 2191.008057 16.365427	0.077 0.000 0.025
ttt_random_ammo	-822.233521 2161.526855 16.327854	0.047 0.000 -0.031
ttt_random_ammo	-797.541931 2131.798096 16.374493	0.121 0.000 0.084
ttt_random_ammo	-796.508240 2101.064697 16.392223	0.616 0.005 0.695
ttt_random_ammo	-804.532959 2058.298340 16.357512	0.060 0.000 0.001
ttt_random_ammo	-805.577148 2021.978394 16.353342	0.055 0.000 -0.008
ttt_random_ammo	-804.323608 1974.573486 16.327854	0.047 0.000 -0.031
ttt_random_ammo	-804.509644 1933.640503 16.446058	1.075 0.028 1.304
ttt_random_ammo	-830.258972 1908.779175 16.365427	0.077 0.000 0.025
ttt_random_ammo	-868.419312 1884.253418 16.420366	1.523 0.036 1.835
ttt_random_ammo	-885.942749 1853.675659 16.322733	0.047 0.000 -0.033
ttt_random_ammo	-915.794983 1826.595337 16.346828	0.050 0.000 -0.017
ttt_random_ammo	-929.172424 1803.580444 16.322733	0.047 0.000 -0.033
ttt_random_ammo	-949.780273 2207.750732 16.330357	0.047 0.000 -0.030
ttt_random_ammo	-911.119934 2199.719482 16.346827	0.050 0.000 -0.017
ttt_random_ammo	-884.492981 2182.803467 16.419279	1.605 0.036 1.942
ttt_random_ammo	-856.515137 2159.891602 16.382488	0.218 0.001 0.206
ttt_random_ammo	-831.806519 2130.497803 16.382515	0.214 0.001 0.201
ttt_random_ammo	-820.634277 2101.877197 16.376173	0.136 0.000 0.103
ttt_random_ammo	-827.787048 2065.220459 16.376188	0.134 0.000 0.101
ttt_random_ammo	-827.310852 2016.073730 16.353342	0.055 0.000 -0.007
ttt_random_ammo	-825.102417 1986.644775 16.361540	0.067 0.000 0.012
ttt_random_ammo	-831.733215 1938.213379 16.394117	0.960 0.011 1.114
ttt_random_ammo	-856.693237 1907.782593 16.386707	0.313 0.002 0.324
ttt_random_ammo	-892.055725 1886.688232 16.359543	0.063 0.000 0.006
ttt_random_ammo	-902.472046 1864.797119 16.355444	0.057 0.000 -0.004
ttt_random_ammo	-1892.165161 1605.844849 344.414459	1.673 0.035 2.020
ttt_random_ammo	-1892.404541 1638.715332 344.365448	0.077 0.000 0.026
ttt_random_ammo	-1893.344116 1667.495972 344.335266	0.046 0.000 -0.027
ttt_random_ammo	-1894.615112 1703.112671 344.363495	0.071 0.000 0.018
ttt_random_ammo	-1871.406616 1713.873535 344.357513	0.059 0.000 0.000
ttt_random_ammo	-1839.251953 1722.441040 344.353363	0.054 0.000 -0.008
ttt_random_ammo	-1811.254517 1708.789551 344.394562	1.096 0.015 1.280
ttt_random_ammo	-1817.888306 1699.528442 344.330353	0.046 0.000 -0.029
ttt_random_ammo	-1862.236694 1690.332397 344.351227	0.052 0.000 -0.011
ttt_random_ammo	-1877.107056 1682.050903 344.429413	1.352 0.033 1.631
ttt_random_ammo	-1883.490723 1659.236572 344.353363	0.054 0.000 -0.008
ttt_random_ammo	-1879.945801 1647.142090 344.440582	1.172 0.029 1.420
ttt_random_ammo	-1879.531860 1626.249146 344.327850	0.046 0.000 -0.031
ttt_random_ammo	-1876.807373 1604.482666 344.351227	0.052 0.000 -0.011
ttt_random_ammo	-1873.750488 1669.430054 344.339996	0.047 0.000 -0.023
ttt_random_ammo	-919.643005 867.936035 344.355469	0.057 0.000 -0.004
ttt_random_ammo	-920.834229 840.000183 344.413147	1.763 0.030 2.136
ttt_random_ammo	-921.459778 819.862122 344.346832	0.049 0.000 -0.017
ttt_random_ammo	-919.889221 778.843933 344.370972	0.099 0.000 0.056
ttt_random_ammo	-920.841064 747.245056 344.371002	0.099 0.000 0.056
ttt_random_ammo	-941.719727 739.908325 344.346832	0.050 0.000 -0.017
ttt_random_ammo	-972.646851 742.368591 344.377838	0.151 0.001 0.123
ttt_random_ammo	-996.045715 744.336731 344.383759	0.245 -0.001 -0.240
ttt_random_ammo	-1024.308838 741.362488 344.349030	0.051 0.000 -0.014
ttt_random_ammo	-1031.626709 758.039185 344.383759	0.245 -0.001 -0.240
ttt_random_ammo	-983.991516 761.142151 344.340027	0.047 -0.000 0.023
ttt_random_ammo	-953.139709 762.804688 344.384003	0.238 0.001 0.231
ttt_random_ammo	-938.717529 773.656372 344.384003	0.239 0.001 0.233
ttt_random_ammo	-936.311279 799.182617 344.320129	0.047 0.000 -0.034
ttt_random_ammo	-943.111816 838.121216 344.320129	0.047 0.000 -0.034
ttt_random_ammo	-934.881348 858.554688 344.357513	0.059 0.000 0.001
ttt_random_ammo	-1282.064087 40.994911 288.389099	0.418 0.003 0.452
ttt_random_ammo	-1297.154419 87.983604 288.434204	1.236 -0.031 -1.492
ttt_random_ammo	-1336.446533 98.235756 288.349030	0.051 -0.000 0.014
ttt_random_ammo	-1375.809937 89.522102 288.419342	1.606 0.036 1.943
ttt_random_ammo	-1417.493286 45.492977 288.455109	0.857 -0.024 -1.039
ttt_random_ammo	-1442.600220 38.947121 288.421753	1.473 0.033 1.773
ttt_random_ammo	-1429.166504 94.557213 288.370972	0.099 0.000 0.056
ttt_random_ammo	-1410.920776 127.903481 288.359528	0.063 0.000 0.006
ttt_random_ammo	-1381.201660 127.307030 288.349030	0.051 0.000 -0.014
ttt_random_ammo	-1335.316528 60.784100 288.330353	0.047 0.000 -0.030
ttt_random_ammo	-1306.937256 123.937614 288.416656	1.622 0.036 1.958
ttt_random_ammo	-1270.862671 132.005569 288.346832	0.050 0.000 -0.017
ttt_random_ammo	-1299.076172 156.618607 288.440002	1.126 0.028 1.358
ttt_random_ammo	-1338.726196 149.168762 288.415192	1.709 0.035 2.069
ttt_random_ammo	-1391.087158 144.745773 288.351196	0.053 0.000 -0.011
ttt_random_ammo	-1422.451294 151.302643 288.339996	0.047 0.000 -0.024
ttt_random_ammo	-1294.418823 7.743876 288.322754	0.047 -0.000 0.033
ttt_random_ammo	-1365.456787 53.593803 288.335236	0.047 0.000 -0.027
ttt_random_ammo	-1241.927734 165.217651 288.342285	0.048 0.000 -0.022
ttt_random_ammo	-1154.540283 129.516174 288.436249	1.288 0.031 1.562
ttt_random_ammo	-1103.046875 161.627960 288.374481	0.120 0.000 0.083
ttt_random_ammo	-986.591064 132.996841 288.337616	0.047 0.000 -0.025
ttt_random_ammo	-967.216980 157.338303 288.344574	0.049 0.000 -0.019
ttt_random_ammo	-828.610596 129.160690 288.374481	0.122 0.000 0.085
ttt_random_ammo	-808.079163 161.555954 288.335236	0.047 0.000 -0.027
ttt_random_ammo	-708.130249 128.262909 288.344574	0.049 0.000 -0.019
ttt_random_ammo	-666.727722 164.680710 288.335236	0.047 0.000 -0.027
ttt_random_ammo	-586.833069 138.423248 288.382507	0.214 0.001 0.201
ttt_random_ammo	-557.843811 170.636856 288.379456	0.168 0.001 0.144
ttt_random_ammo	-455.722717 130.612228 288.369171	0.091 0.000 0.045
ttt_random_ammo	-458.505981 178.883270 288.361542	0.067 0.000 0.011
weapon_zm_pistol	-1314.900024 -349.264008 158.863007	0.000 0.000 61.500
weapon_zm_pistol	-1354.839966 -347.531006 157.199005	0.000 0.000 61.500
weapon_zm_pistol	-1393.170044 -345.927002 158.319000	0.000 0.000 61.500
weapon_zm_pistol	-1428.189941 -346.404999 157.985001	0.000 0.000 61.500
weapon_ttt_revolver	-1612.409302 1309.187378 353.983551	9.157 26.197 74.399
weapon_ttt_revolver	-1606.885132 1331.023315 353.989075	9.309 26.118 74.051
weapon_ttt_revolver	-1590.691284 1356.149292 353.980591	9.076 26.234 74.584
weapon_ttt_revolver	-1558.630127 1374.269897 353.964172	8.635 26.413 75.586
item_ammo_revolver_ttt	-1570.920044 -90.114998 169.276001	0.000 0.000 0.000
item_ammo_revolver_ttt	-1556.719971 -88.822197 169.276001	0.000 0.000 0.000
item_ammo_revolver_ttt	-1538.550049 -89.132500 169.276001	0.000 0.000 0.000
item_ammo_revolver_ttt	-1521.260010 -89.424797 169.276001	0.000 0.000 0.000
item_ammo_revolver_ttt	-1504.770020 -87.002602 169.276001	0.000 0.000 0.000
item_ammo_revolver_ttt	-1489.239990 -89.972298 169.276001	0.000 0.000 0.000
item_ammo_revolver_ttt	-1397.109985 -0.372162 137.276001	0.000 0.000 0.000
item_ammo_revolver_ttt	-1397.930054 16.818800 137.276001	0.000 0.000 0.000
item_ammo_revolver_ttt	-1398.219971 36.926498 137.276001	0.000 0.000 0.000
item_ammo_revolver_ttt	-1399.239990 55.988701 137.276001	0.000 0.000 0.000
item_ammo_revolver_ttt	-1590.224976 1301.525146 352.336578	0.451 0.065 0.053
item_ammo_revolver_ttt	-1583.962158 1324.631592 352.334534	0.451 0.065 0.054
item_ammo_revolver_ttt	-1559.794678 1347.872314 352.358765	0.456 0.060 0.044
item_ammo_revolver_ttt	-1535.516113 1360.818970 352.371460	0.458 0.057 0.039
item_ammo_revolver_ttt	-1526.203247 1342.516357 352.342499	0.452 0.062 0.051
item_ammo_revolver_ttt	-1547.300659 1329.738159 352.377258	0.459 0.056 0.037
item_ammo_revolver_ttt	-1564.979858 1313.507446 352.317108	0.447 0.073 0.061
item_ammo_revolver_ttt	-1570.376465 1296.293823 352.330383	0.450 0.068 0.056
item_ammo_revolver_ttt	-1318.315063 1350.994995 352.334534	0.451 0.065 0.054
item_ammo_revolver_ttt	-1296.425415 1354.723999 352.328247	0.449 0.068 0.057
item_ammo_revolver_ttt	-1272.568848 1347.803101 352.391510	0.462 0.055 0.031
item_ammo_revolver_ttt	-1252.927002 1325.369629 352.344421	0.453 0.062 0.050
item_ammo_revolver_ttt	-1238.469116 1303.337769 352.330383	0.450 0.068 0.056
item_ammo_revolver_ttt	-1271.344116 1308.609619 352.434906	0.471 0.054 0.014
item_ammo_revolver_ttt	-1286.624634 1324.271606 352.348175	0.453 0.062 0.049
item_ammo_revolver_ttt	-1306.909790 1333.321045 352.319397	0.448 0.073 0.060
item_ammo_revolver_ttt	-1529.173340 1303.539185 352.368408	0.457 0.057 0.041
item_ammo_revolver_ttt	-1294.697510 1305.100952 352.353577	0.455 0.060 0.046
weapon_zm_sledge	-1534.530029 -314.100006 142.481003	0.000 0.000 0.000
weapon_zm_sledge	-1584.290039 -314.390991 142.626999	0.000 0.000 0.000
weapon_zm_revolver	-973.588989 -348.000000 160.000000	0.000 0.000 61.500
weapon_zm_revolver	-1013.700012 -351.493011 159.289993	0.000 0.000 61.500
weapon_zm_revolver	-1045.750000 -352.000000 158.934998	0.000 0.000 61.500
weapon_zm_revolver	-1078.099976 -351.112000 159.556000	0.000 0.000 61.500
weapon_zm_revolver	-1110.760010 -350.476013 160.000000	0.000 0.000 61.500
weapon_zm_revolver	-1303.238892 1371.074707 352.970673	2.048 -18.713 -85.711
weapon_zm_revolver	-1271.963867 1375.581665 352.970734	2.105 -18.686 -85.612
weapon_zm_revolver	-1244.503296 1343.801270 352.970520	1.917 -18.794 -85.940
weapon_zm_revolver	-1218.133423 1314.115234 352.970795	2.172 -18.665 -85.495
