# Trouble in Terrorist Town weapon/ammo placement overrides
# For map: ttt_canalwarehouse
# Exported by: Kopa
setting:	replacespawns 1
ttt_random_weapon	-1655.189941 -724.380005 10.372900	0.000 0.000 0.000
ttt_random_weapon	-1623.459961 -735.263000 10.372900	0.000 0.000 0.000
ttt_random_weapon	-1618.150024 -719.783020 10.372900	0.000 0.000 0.000
ttt_random_weapon	675.973877 -1290.614380 1.235596	1.473 4.909 -93.518
ttt_random_weapon	719.973816 -1280.653320 1.239889	1.424 4.904 -93.629
ttt_random_weapon	766.291748 -1293.157959 1.225928	1.583 4.918 -93.267
ttt_random_weapon	801.541382 -1287.031128 1.219436	1.656 4.923 -93.099
ttt_random_weapon	818.758850 -1267.071899 1.241922	1.401 4.901 -93.682
ttt_random_weapon	772.071960 -1230.610596 1.154230	2.388 5.650 -91.420
ttt_random_weapon	754.824158 -1221.744995 1.239758	1.322 4.501 -93.763
ttt_random_weapon	748.427307 -1226.855835 2.010511	-0.440 5.416 -64.975
ttt_random_weapon	708.592773 -1229.120850 1.213209	1.726 4.926 -92.938
ttt_random_weapon	675.840393 -1208.381104 1.229148	1.261 1.248 -93.888
ttt_random_weapon	660.665833 -1210.411255 3.324441	-8.110 2.367 -93.027
ttt_random_weapon	1035.002930 -847.437866 1.214249	1.715 4.926 -92.965
ttt_random_weapon	1024.556885 -917.065186 1.223826	1.606 4.920 -93.213
ttt_random_weapon	1053.429932 -981.279907 1.190577	1.981 4.920 -92.354
ttt_random_weapon	1040.168091 -1043.944824 1.225767	1.405 5.073 -93.843
ttt_random_weapon	1019.630554 -1099.413086 1.217186	1.681 4.924 -93.041
ttt_random_weapon	1016.647156 -1138.479736 1.204313	1.827 4.929 -92.708
ttt_random_weapon	1040.226807 -1017.655884 1.223826	1.606 4.920 -93.213
ttt_random_weapon	1013.584717 -950.875061 1.487478	4.031 5.520 -93.855
ttt_random_weapon	986.127441 -880.909424 1.224901	1.594 4.919 -93.240
ttt_random_weapon	969.586060 -863.984558 1.205619	1.812 4.928 -92.742
ttt_random_weapon	1032.544434 -953.177307 2.592381	7.623 6.461 -94.457
ttt_random_weapon	1027.215698 -1034.571533 1.223413	1.563 6.150 -93.257
ttt_random_weapon	1014.657471 -1079.127441 1.206887	1.798 4.929 -92.775
ttt_random_weapon	535.881226 -772.980652 1.223636	1.608 6.729 -93.208
ttt_random_weapon	577.705627 -721.552795 1.208717	1.777 4.928 -92.822
ttt_random_weapon	555.714111 -640.747375 1.200866	1.865 4.929 -92.619
ttt_random_weapon	591.455322 -592.660950 1.215258	1.703 4.926 -92.991
ttt_random_weapon	568.811340 -701.901489 1.238120	1.444 4.906 -93.583
ttt_random_weapon	600.607422 -766.733765 1.218107	1.671 4.924 -93.065
ttt_random_weapon	633.310303 -756.772888 1.193134	1.952 4.926 -92.420
ttt_random_weapon	-1432.528442 -759.704468 1.228452	1.554 4.916 -93.332
ttt_random_weapon	-1506.116821 -758.684875 1.198674	1.890 4.927 -92.563
ttt_random_weapon	-1554.251587 -729.393433 1.230283	1.211 1.201 -94.240
ttt_random_weapon	-1567.937988 -722.691223 1.132766	2.150 5.851 -92.224
ttt_random_weapon	-1588.188843 -771.540466 1.226571	1.374 4.859 -93.671
ttt_random_weapon	-1583.679321 -791.222534 1.211035	1.751 4.927 -92.882
ttt_random_weapon	-1505.864136 -776.069519 1.225593	1.586 4.918 -93.258
ttt_random_weapon	-1446.966187 -814.383423 1.202986	1.178 5.627 -93.374
ttt_random_weapon	-1464.875854 -782.187500 1.229879	1.538 4.915 -93.369
ttt_random_weapon	-1454.006714 -729.714722 1.221924	1.628 4.921 -93.163
ttt_random_weapon	-1582.174316 -1119.199097 1.238903	1.398 4.569 -93.844
ttt_random_weapon	-1565.887695 -1104.767212 1.198663	1.890 4.927 -92.562
ttt_random_weapon	-1597.589844 -1091.954102 1.233635	1.478 4.791 -93.486
ttt_random_weapon	-1611.161377 -1075.099121 1.189698	1.991 4.921 -92.331
ttt_random_weapon	-1501.755859 -1080.138306 1.206361	1.594 4.900 -93.603
ttt_random_weapon	-1488.239380 -1123.368896 1.221118	1.637 4.922 -93.143
ttt_random_weapon	-1550.770752 -1116.873047 1.230867	1.527 5.287 -93.395
ttt_random_weapon	-1595.428223 -1111.987183 1.070195	1.904 6.505 -91.885
ttt_random_weapon	-1581.199097 -1066.851807 1.203084	1.658 4.743 -92.885
ttt_random_weapon	-882.317139 -1187.058350 3.041777	-7.513 -2.506 85.286
ttt_random_weapon	-888.460022 -1215.390869 2.295876	-4.693 13.149 84.398
ttt_random_weapon	-917.019775 -1260.312134 1.233137	1.406 4.942 -93.682
ttt_random_weapon	-946.641418 -1285.753052 1.230683	1.529 4.914 -93.390
ttt_random_weapon	-982.602844 -1297.519287 1.200144	1.874 4.930 -92.601
ttt_random_weapon	-996.631104 -1254.661499 1.223544	1.392 5.039 -93.455
ttt_random_weapon	-947.874939 -1218.719971 1.194781	1.934 4.925 -92.462
ttt_random_weapon	-928.487549 -1191.457397 1.202965	1.842 4.927 -92.673
ttt_random_weapon	-924.231812 -1200.702637 1.202965	1.842 4.927 -92.673
ttt_random_weapon	-913.536804 -1242.322876 1.237876	1.410 5.005 -93.807
ttt_random_weapon	-934.541138 -1255.965576 2.083155	-0.603 5.537 -107.222
ttt_random_weapon	-943.653259 -1252.644287 3.720173	-0.941 26.682 73.794
ttt_random_weapon	-545.887085 -2098.855957 2.872483	3.378 4.903 -92.514
ttt_random_weapon	-561.671082 -2129.793701 2.831944	4.078 1.752 -91.215
ttt_random_weapon	-633.349182 -2170.196533 2.789529	1.017 3.417 -93.186
ttt_random_weapon	-659.916199 -2138.291748 1.896111	-0.915 5.003 -95.323
ttt_random_weapon	-551.469971 -2056.613037 -0.143701	-0.251 3.014 -96.022
ttt_random_weapon	-499.778595 -2057.352051 1.678762	2.822 0.251 -92.919
ttt_random_weapon	-586.544373 -2078.073242 0.836189	0.206 6.577 -99.758
ttt_random_weapon	-686.316406 -2132.675781 0.607800	0.487 2.437 -94.792
ttt_random_weapon	-736.921814 -2161.832520 -0.578814	-0.959 3.809 -91.929
ttt_random_weapon	-816.239502 -2165.717773 -1.595125	3.205 3.184 -90.994
ttt_random_weapon	-896.788452 -2156.047119 0.615315	-0.456 -5.710 84.057
ttt_random_weapon	-991.408142 -2169.730713 1.462489	-0.797 7.028 -92.181
ttt_random_weapon	-1013.968506 -2131.806641 0.089573	-3.610 21.237 81.767
ttt_random_weapon	-1110.392822 -2159.695313 2.592505	5.579 5.366 -96.974
ttt_random_weapon	-1138.515503 -2152.081543 3.768062	6.163 5.321 -95.716
ttt_random_weapon	941.245972 -2103.246826 1.214252	1.715 4.926 -92.965
ttt_random_weapon	952.704041 -2128.872314 1.206891	1.798 4.929 -92.775
ttt_random_weapon	1075.162354 -2122.104736 1.220293	1.646 4.922 -93.121
ttt_random_weapon	1160.687134 -2124.149414 1.224192	1.602 4.919 -93.222
ttt_random_weapon	1267.408325 -2128.257568 1.244538	1.372 4.563 -93.750
ttt_random_weapon	1212.035034 -2052.083008 1.194781	1.934 4.925 -92.462
ttt_random_weapon	1406.467529 -2096.295898 1.202056	1.808 3.758 -92.769
ttt_random_weapon	1439.889404 -2071.175293 1.197918	1.899 4.927 -92.543
ttt_random_weapon	1476.164551 -2078.296143 1.223454	1.611 4.920 -93.203
ttt_random_weapon	1527.418823 -2067.710938 1.231455	1.520 4.913 -93.410
ttt_random_weapon	1566.905396 -2067.960449 1.198673	1.890 4.927 -92.563
ttt_random_weapon	1663.866943 -2070.394531 1.248030	1.332 4.277 -93.841
ttt_random_weapon	1637.274292 -2064.016602 1.747773	-2.035 13.543 85.368
ttt_random_weapon	1651.521484 -2076.911377 1.815200	0.183 2.777 -71.974
ttt_random_weapon	1700.922729 -2109.072021 1.206253	1.805 4.927 -92.758
ttt_random_weapon	1828.349731 -2096.761719 1.207510	1.791 4.929 -92.791
ttt_random_weapon	1868.621826 -2139.458008 1.238842	1.436 4.905 -93.602
ttt_random_weapon	1870.337769 -2123.504639 1.203644	1.834 4.930 -92.691
ttt_random_weapon	1814.988770 -2126.522217 1.224190	1.602 4.919 -93.222
ttt_random_weapon	1661.309326 -2080.610352 2.517910	-3.346 6.466 -70.349
ttt_random_weapon	1525.385254 -2108.042236 1.209892	1.764 4.928 -92.852
ttt_random_weapon	1466.709717 -2143.305420 1.219436	1.656 4.923 -93.099
ttt_random_weapon	1397.642944 -2137.603516 1.228744	1.551 4.915 -93.340
ttt_random_weapon	1318.844238 -2124.331055 1.210466	1.757 4.928 -92.867
ttt_random_weapon	1251.979370 -2121.445801 2.029797	-1.029 -2.608 -107.011
ttt_random_weapon	1138.913940 -2099.802490 1.220290	1.646 4.922 -93.121
ttt_random_weapon	1070.942993 -2108.356689 1.229913	1.537 4.890 -93.370
ttt_random_weapon	1026.589844 -2154.248535 1.216520	1.469 0.539 -94.255
ttt_random_weapon	1055.921143 -2152.345703 2.136865	4.880 -6.967 -101.419
ttt_random_weapon	1358.517944 -2218.371338 1.144497	2.497 3.294 -91.171
ttt_random_weapon	1590.375732 -2197.089844 1.214757	1.709 4.925 -92.978
ttt_random_weapon	3254.769531 -388.648315 5.206260	1.805 4.928 -92.758
ttt_random_weapon	3242.541992 -339.443817 5.200866	1.865 4.929 -92.619
ttt_random_weapon	3226.296631 -287.284515 5.224528	1.061 5.781 -94.101
ttt_random_weapon	3214.685303 -254.135849 5.231109	1.344 2.996 -93.608
ttt_random_weapon	3176.083252 -204.795319 5.216718	1.687 4.925 -93.029
ttt_random_weapon	3145.872803 -149.315338 5.198673	1.890 4.927 -92.563
ttt_random_weapon	3112.804688 -112.587883 5.202281	1.850 4.928 -92.656
ttt_random_weapon	3086.488281 -74.372185 5.241838	1.128 2.822 -95.350
ttt_random_weapon	3069.247803 -66.860863 5.224944	1.594 6.212 -93.242
ttt_random_weapon	3019.153809 -55.920967 5.199417	1.882 4.926 -92.582
ttt_random_weapon	2987.100098 -33.587955 5.208052	1.784 4.638 -92.805
ttt_random_weapon	2948.401123 -12.212667 5.236503	1.463 4.908 -93.541
ttt_random_weapon	2884.541260 27.099400 5.209313	1.770 4.927 -92.837
ttt_random_weapon	2823.472656 51.642376 5.204597	1.525 4.948 -93.509
ttt_random_weapon	2738.195801 67.207993 5.215754	1.698 4.925 -93.004
ttt_random_weapon	2773.789307 -469.123657 1.224548	1.598 4.919 -93.231
ttt_random_weapon	2759.350830 -445.009277 1.223092	1.525 4.959 -93.749
ttt_random_weapon	2744.807617 -424.210358 1.226055	1.407 4.939 -93.610
ttt_random_weapon	2722.501465 -407.775574 1.235062	1.258 2.543 -94.114
ttt_random_weapon	2704.979248 -401.369965 1.205048	1.368 7.227 -93.599
ttt_random_weapon	2690.302734 -407.132233 1.979795	-0.817 10.650 -63.845
ttt_random_weapon	2765.985840 -433.162689 1.160657	1.663 4.913 -92.546
ttt_random_weapon	2703.852295 -1411.628540 1.354233	2.733 5.901 -90.876
ttt_random_weapon	2722.843018 -1411.193970 3.121926	5.058 -10.932 85.448
ttt_random_weapon	2757.377686 -1401.006836 1.205728	1.669 4.378 -93.624
ttt_random_weapon	2770.552002 -1367.355103 1.214399	1.361 -1.366 -93.469
ttt_random_weapon	2782.067871 -1345.959961 1.215010	1.608 5.013 -93.589
ttt_random_weapon	2790.384277 -1335.816162 1.223826	1.606 4.920 -93.213
ttt_random_weapon	2758.654785 -1372.082275 1.714053	-1.712 -3.262 84.888
ttt_random_weapon	2749.235352 -1890.312622 5.154864	2.324 -2.197 -91.796
ttt_random_weapon	2780.584229 -1888.190552 5.215749	1.698 4.359 -93.004
ttt_random_weapon	2824.442383 -1873.379150 5.223275	1.363 4.999 -93.485
ttt_random_weapon	2902.505371 -1843.886597 5.201975	1.853 4.622 -92.648
ttt_random_weapon	2960.437500 -1811.152710 5.233163	1.401 5.234 -93.572
ttt_random_weapon	2997.778320 -1791.375977 5.234733	1.483 4.609 -93.495
ttt_random_weapon	3026.629395 -1766.849731 5.193961	1.943 4.925 -92.441
ttt_random_weapon	3070.821289 -1745.461304 5.202965	1.842 4.927 -92.673
ttt_random_weapon	3118.727051 -1706.602661 5.219866	1.651 4.923 -93.110
ttt_random_weapon	3149.510742 -1643.872070 5.208116	1.784 4.928 -92.806
ttt_random_weapon	3204.123291 -1555.639771 5.210466	1.757 4.928 -92.867
ttt_random_weapon	3237.818604 -1476.917358 5.208117	1.784 4.928 -92.806
ttt_random_weapon	3236.692139 -1447.728638 5.203644	1.834 4.930 -92.691
ttt_random_weapon	2624.784668 -1450.769043 1.223459	1.611 4.920 -93.203
ttt_random_weapon	2630.325928 -1485.995361 1.179173	1.189 3.138 -93.826
ttt_random_weapon	2637.465820 -1533.847656 1.231389	1.502 4.914 -93.433
ttt_random_weapon	2651.343994 -1921.555908 1.216236	1.692 4.925 -93.016
ttt_random_weapon	2647.251465 -1894.839600 1.198673	1.890 4.927 -92.563
ttt_random_weapon	2634.420410 -1866.299438 1.225593	1.586 4.918 -93.258
ttt_random_weapon	2434.911133 -1073.119873 1.249691	1.384 4.011 -94.158
ttt_random_weapon	2420.284180 -1088.490601 1.240798	1.355 3.509 -94.012
ttt_random_weapon	2427.241455 -1112.396362 1.227848	1.561 4.916 -93.317
ttt_random_weapon	2441.943604 -1093.623535 1.771922	-2.387 0.074 86.095
ttt_random_weapon	2456.402344 -1063.133789 1.249965	1.961 10.730 -89.777
ttt_random_weapon	2471.789551 -1067.294922 1.754242	0.022 0.765 -72.702
ttt_random_weapon	2442.789795 -1096.731934 5.416010	-11.194 1.416 84.636
ttt_random_weapon	-427.706055 -1102.463989 141.237183	1.455 4.907 -93.559
ttt_random_weapon	-444.202271 -1148.711060 141.220703	1.642 4.922 -93.132
ttt_random_weapon	-477.130035 -1243.904175 141.193130	1.952 4.926 -92.420
ttt_random_weapon	-535.761108 -1152.820313 141.232361	1.441 3.199 -93.856
ttt_random_weapon	-595.106140 -1206.696045 141.209320	1.770 4.927 -92.837
ttt_random_weapon	-547.102356 -1157.426392 142.053436	-0.771 2.563 -63.167
ttt_random_weapon	-466.429626 -1162.995117 141.191452	1.971 4.920 -92.376
ttt_random_weapon	-399.241669 -1191.947266 141.197922	1.899 4.927 -92.543
ttt_random_weapon	-497.734619 -1107.965088 141.208115	1.784 4.928 -92.806
ttt_random_weapon	-574.824585 -1161.010010 141.728897	-2.229 -7.912 85.348
ttt_random_weapon	-573.000671 -1088.629517 141.132095	2.317 2.858 -92.863
ttt_random_weapon	-556.363586 -1092.958374 141.633759	-1.859 11.117 83.685
ttt_random_weapon	-507.196289 -1126.723999 141.216721	1.687 4.924 -93.029
ttt_random_weapon	-521.321899 -1161.890869 141.208160	1.686 4.026 -93.412
ttt_random_weapon	-619.183472 -1078.601318 141.192291	1.962 4.927 -92.398
ttt_random_weapon	-613.850708 -1009.289673 141.193954	1.943 4.925 -92.441
ttt_random_weapon	-496.081573 -490.686462 141.193130	1.952 4.926 -92.420
ttt_random_weapon	-550.489136 -497.839905 141.219254	1.658 4.618 -93.094
ttt_random_weapon	-635.726929 -550.039978 141.183472	1.477 4.195 -93.422
ttt_random_weapon	-637.111084 -553.693237 142.526901	3.082 5.921 -71.922
ttt_random_weapon	-617.574097 -573.696106 141.229874	1.538 4.915 -93.369
ttt_random_weapon	-565.687561 -617.258850 141.263168	1.925 12.958 -89.400
ttt_random_weapon	-531.085510 -647.493103 141.193130	1.952 4.926 -92.420
ttt_random_weapon	-509.833984 -619.060486 141.193130	1.952 4.926 -92.420
ttt_random_weapon	-479.040955 -579.706482 141.235062	1.269 3.551 -93.745
ttt_random_weapon	-499.740204 -583.115479 142.425400	-4.365 3.303 -93.555
ttt_random_weapon	-589.214905 -609.081299 141.195572	1.925 4.924 -92.483
ttt_random_weapon	-655.461792 -629.614685 141.218109	1.671 4.924 -93.065
ttt_random_weapon	-654.513489 -637.574829 141.227844	1.561 4.916 -93.317
ttt_random_weapon	-661.544434 -651.539368 141.202271	1.850 4.928 -92.656
ttt_random_weapon	-603.284790 -621.551147 141.230942	1.526 4.913 -93.397
ttt_random_weapon	-547.893921 -625.917542 141.247864	1.324 -0.411 -93.944
ttt_random_weapon	-541.664246 -618.980957 142.766327	-3.680 -3.486 44.158
weapon_ttt_m16	-1055.109985 -2006.750000 3.702310	0.000 0.000 0.000
weapon_ttt_m16	2598.280029 799.556030 5.682850	0.000 0.000 0.000
weapon_ttt_m16	-282.217010 -432.105988 9.682850	0.000 0.000 0.000
weapon_ttt_m16	2272.969971 -1047.030029 5.682850	0.000 0.000 0.000
weapon_ttt_m16	1923.000000 -1606.000000 45.682800	0.000 0.000 0.000
weapon_ttt_confgrenade	545.393005 -1762.420044 4.487090	0.000 0.000 0.000
weapon_ttt_confgrenade	565.244995 -1763.670044 4.487090	0.000 0.000 0.000
weapon_ttt_confgrenade	2377.520020 -539.429993 4.487090	0.000 0.000 0.000
weapon_ttt_confgrenade	2398.419922 -534.924011 4.487090	0.000 0.000 0.000
weapon_ttt_confgrenade	-447.152008 -2094.929932 3.989260	0.000 0.000 0.000
weapon_ttt_confgrenade	-465.963989 -2094.770020 4.295370	0.000 0.000 0.000
weapon_ttt_confgrenade	1109.146240 1205.193604 2.120752	-36.129 -49.845 -90.592
weapon_ttt_confgrenade	1141.598145 1192.660645 2.206940	-37.446 -48.507 -92.683
weapon_ttt_confgrenade	1191.179565 1177.464600 2.285253	-38.615 -48.007 -94.722
weapon_ttt_confgrenade	1239.481812 1175.127319 2.302536	-36.726 -48.910 -94.612
weapon_ttt_confgrenade	1285.253540 1173.704102 2.171879	-36.910 -49.077 -91.817
weapon_ttt_confgrenade	1260.832520 1200.240112 2.089001	-35.644 -50.276 -89.853
weapon_ttt_confgrenade	1160.743164 1183.527344 2.136642	-36.372 -49.617 -90.968
weapon_ttt_confgrenade	1115.554688 1135.340820 2.154647	-36.647 -49.346 -91.399
weapon_ttt_confgrenade	1127.088867 1107.153564 2.171876	-36.910 -49.077 -91.817
weapon_ttt_confgrenade	1192.959839 1131.317261 2.086052	-35.600 -50.323 -89.785
weapon_ttt_confgrenade	1213.793335 1165.975830 2.210995	-37.508 -48.438 -92.784
weapon_ttt_confgrenade	1201.701782 1199.919067 2.110844	-35.978 -49.989 -90.360
weapon_ttt_confgrenade	1261.520508 1176.116699 2.194406	-37.254 -48.713 -92.371
weapon_ttt_confgrenade	1290.255249 1167.602783 2.162054	-36.760 -49.230 -91.578
weapon_ttt_confgrenade	1194.760864 1177.449341 2.489294	14.750 48.400 97.075
weapon_ttt_confgrenade	1149.317871 1185.218384 2.152770	-36.618 -49.374 -91.354
weapon_ttt_confgrenade	1177.090454 1120.744019 2.156494	-36.675 -49.317 -91.444
weapon_ttt_confgrenade	1247.389648 1160.791870 2.158508	-36.706 -49.284 -91.492
weapon_ttt_confgrenade	1259.455078 1214.662231 2.118338	-36.092 -49.877 -90.535
weapon_ttt_confgrenade	1179.383789 1203.103882 2.099236	-35.801 -50.144 -90.089
weapon_ttt_confgrenade	1160.911133 1148.129761 2.160103	-36.730 -49.262 -91.531
weapon_ttt_confgrenade	1135.263916 1119.452881 2.170447	-36.888 -49.099 -91.782
weapon_ttt_confgrenade	1144.829956 1157.074219 2.171876	-36.910 -49.077 -91.817
weapon_ttt_confgrenade	1207.404785 1198.138062 2.110844	-35.978 -49.989 -90.360
weapon_ttt_confgrenade	1236.876221 1176.872925 2.966068	-33.028 -19.140 -109.749
weapon_ttt_confgrenade	1237.290649 1163.797119 2.123131	-36.166 -49.814 -90.648
weapon_ttt_confgrenade	1227.870117 1131.023804 2.210995	-37.508 -48.438 -92.784
weapon_ttt_confgrenade	3030.257568 1131.102905 2.105642	-35.898 -50.052 -90.238
weapon_ttt_confgrenade	3071.880127 1124.325806 2.120748	-36.129 -49.844 -90.592
weapon_ttt_confgrenade	3152.890869 1144.535522 2.125470	-36.201 -49.780 -90.703
weapon_ttt_confgrenade	3132.048828 1149.717773 2.165305	-36.810 -49.180 -91.657
weapon_ttt_confgrenade	3069.654053 1130.397461 2.105268	13.296 -41.892 -89.944
weapon_ttt_confgrenade	3056.465088 1094.950439 2.244334	-38.016 -47.864 -93.631
weapon_ttt_confgrenade	3073.617676 1106.508301 2.195632	-37.273 -48.694 -92.401
weapon_ttt_confgrenade	3078.054932 1157.565674 2.108262	-35.938 -50.020 -90.299
weapon_zm_shotgun	-995.507996 -2017.520020 -0.100181	0.000 0.000 0.000
weapon_zm_shotgun	-838.179016 -613.250000 7.488650	0.000 0.000 0.000
weapon_zm_shotgun	3206.580078 677.284973 3.488650	0.000 0.000 0.000
weapon_zm_shotgun	3204.429932 700.471985 3.488650	0.000 0.000 0.000
weapon_zm_shotgun	2783.050049 1239.050049 3.488650	0.000 0.000 0.000
weapon_zm_shotgun	2779.689941 1192.650024 3.488650	0.000 0.000 0.000
weapon_zm_shotgun	1684.449951 811.486023 3.488650	0.000 0.000 0.000
weapon_zm_shotgun	538.289978 -1298.530029 3.488650	0.000 0.000 0.000
weapon_zm_shotgun	541.833984 -1281.250000 3.488650	0.000 0.000 0.000
weapon_zm_shotgun	1124.790039 -902.968018 3.488650	0.000 0.000 0.000
weapon_ttt_ak47	2102.674805 -1237.376953 1.116622	-0.170 11.472 -90.127
weapon_ttt_ak47	2102.366943 -1163.542236 0.906393	0.112 11.849 -87.717
weapon_ttt_ak47	2099.201416 -1142.080688 1.236275	-2.027 11.586 -79.418
weapon_ttt_ak47	2124.453613 -1132.340942 0.925477	0.205 11.206 -88.587
weapon_ttt_ak47	2134.694824 -1197.363525 1.102214	-0.165 11.716 -89.898
weapon_ttt_ak47	2140.965576 -1234.004028 0.910188	0.107 11.849 -87.758
weapon_ttt_ak47	2112.376953 -1200.125977 2.176041	-0.708 -13.554 97.431
weapon_ttt_smokegrenade	2219.229980 -1288.459961 5.734560	0.000 0.000 0.000
weapon_ttt_smokegrenade	2208.629883 -1292.260010 5.734560	0.000 0.000 0.000
weapon_ttt_smokegrenade	2195.659912 -1291.189941 5.734560	0.000 0.000 0.000
weapon_ttt_smokegrenade	2198.850098 -1280.250000 5.734560	0.000 0.000 0.000
weapon_ttt_smokegrenade	1704.810059 800.958984 5.734560	0.000 0.000 0.000
weapon_ttt_smokegrenade	1721.949951 798.875000 5.734560	0.000 0.000 0.000
weapon_ttt_smokegrenade	1708.819946 810.567017 5.734560	0.000 0.000 0.000
weapon_ttt_smokegrenade	1724.260010 805.674988 5.734560	0.000 0.000 0.000
weapon_ttt_smokegrenade	-1438.650024 -1380.349976 1.158810	0.000 0.000 0.000
weapon_ttt_smokegrenade	-1429.900024 -1375.920044 1.140410	0.000 0.000 0.000
weapon_ttt_smokegrenade	551.114990 -1757.780029 5.734560	0.000 0.000 0.000
weapon_ttt_smokegrenade	534.911011 -1744.489990 5.734560	0.000 0.000 0.000
weapon_ttt_smokegrenade	1897.829956 -1597.479980 45.734600	0.000 0.000 0.000
weapon_ttt_smokegrenade	1894.939941 -1605.229980 45.734600	0.000 0.000 0.000
weapon_ttt_smokegrenade	3106.582520 732.327148 0.172219	-1.552 -1.186 -1.546
weapon_ttt_smokegrenade	3083.483398 773.582153 0.196179	-0.722 -1.563 -0.732
weapon_ttt_smokegrenade	3075.616211 805.314941 0.150539	-1.694 -1.375 -1.726
weapon_ttt_smokegrenade	3057.756592 747.151978 1.748842	-51.394 -60.490 -86.822
weapon_ttt_smokegrenade	3076.609863 716.309937 1.626350	21.484 -49.255 -89.446
weapon_ttt_smokegrenade	3094.868896 738.469360 0.160580	-1.480 -1.456 -1.507
weapon_ttt_smokegrenade	3077.114502 767.775391 0.133411	-2.061 -1.270 -2.099
weapon_ttt_smokegrenade	3064.834961 780.710144 0.146878	-1.773 -1.379 -1.806
weapon_ttt_smokegrenade	3079.686035 752.698914 0.156285	-1.572 -1.414 -1.600
weapon_ttt_smokegrenade	3093.902344 715.667297 0.177005	-1.130 -1.532 -1.149
weapon_ttt_smokegrenade	3075.274414 712.305908 1.588174	18.841 46.372 -90.029
weapon_ttt_smokegrenade	3057.908691 744.000916 1.696162	18.064 -178.607 -90.785
ttt_playerspawn	-1064.496704 -1057.694824 4.406889	-0.064 0.646 0.064
ttt_playerspawn	-1262.587280 -1063.692627 7.229231	-0.055 -0.759 0.055
ttt_playerspawn	-1097.555176 -900.510681 4.163157	-0.069 -0.000 0.069
ttt_playerspawn	-1196.446045 -767.514832 5.363967	-0.051 -1.053 0.051
ttt_playerspawn	-1099.418091 -638.983582 2.750048	-0.035 -0.370 0.035
ttt_playerspawn	-1235.880249 -480.687195 6.117381	-0.082 0.232 0.082
ttt_playerspawn	-614.195740 -266.764984 7.743227	-0.122 0.107 -0.038
ttt_playerspawn	-1045.110229 -151.312943 5.531603	-0.067 -0.922 0.067
ttt_playerspawn	-1374.846191 -198.859344 7.854521	0.039 -0.438 0.163
ttt_playerspawn	-209.285263 -236.559891 6.950611	0.000 0.467 -6.336
ttt_playerspawn	43.261150 -190.767029 3.653859	-0.083 -0.473 0.149
ttt_playerspawn	381.365143 -141.101852 5.671299	-0.051 -0.045 0.051
ttt_playerspawn	670.998657 -145.511688 2.922182	-0.077 0.370 0.077
ttt_playerspawn	959.476929 -156.300995 4.275119	-0.080 -0.060 0.080
ttt_playerspawn	1218.896606 -169.277817 2.940851	-0.045 -0.832 0.046
ttt_playerspawn	1443.812744 -166.198807 2.614994	-0.072 -0.000 0.072
ttt_playerspawn	1668.326538 -166.441223 3.380907	-0.068 0.249 0.068
ttt_playerspawn	2026.520020 -177.097626 5.193519	0.010 -0.299 -0.142
ttt_playerspawn	2250.608643 -196.715271 3.066015	-0.235 -0.503 -0.045
ttt_playerspawn	2695.331543 -225.625916 4.173983	-0.028 -1.464 0.128
ttt_playerspawn	2910.125488 -471.636810 7.398368	-0.048 -0.028 0.218
ttt_playerspawn	2946.822021 -815.033997 5.697826	8.828 -1.425 -0.090
ttt_playerspawn	2974.183594 -1107.792358 2.982525	-0.082 -0.317 0.082
ttt_playerspawn	3005.511475 -1373.598267 4.208850	-0.083 -1.122 -0.111
ttt_playerspawn	2945.187744 -1554.524170 3.934378	0.050 -0.983 0.191
ttt_playerspawn	2374.194092 -1754.758301 4.730101	-0.048 0.407 0.048
ttt_playerspawn	2487.909424 -1568.464478 5.159183	-0.057 1.081 0.057
ttt_playerspawn	2038.996094 -1834.783691 7.996731	-0.033 -0.641 0.033
ttt_playerspawn	1776.604004 -1820.412109 9.649414	-0.081 -1.386 0.081
ttt_playerspawn	1451.347778 -1943.325562 4.688371	-0.070 0.742 0.071
ttt_playerspawn	1507.494629 -1733.437012 3.762469	0.041 -0.178 -0.204
ttt_playerspawn	1168.549683 -1917.888672 2.055807	-0.026 -0.277 0.027
ttt_playerspawn	1083.875000 -1796.748779 2.958245	-0.051 -0.369 0.051
ttt_playerspawn	961.330566 -1566.915283 2.596396	-0.049 0.185 0.049
ttt_playerspawn	-536.285339 -1792.346191 5.514682	2.954 -0.356 -0.157
ttt_playerspawn	-861.449463 -1632.761108 7.750015	-3.388 0.156 7.591
weapon_zm_mac10	-434.428986 -2110.229980 4.711230	0.000 0.000 0.000
weapon_zm_mac10	-446.541992 -2102.389893 4.936420	0.000 0.000 0.000
weapon_zm_mac10	2065.709961 704.414978 5.471190	0.000 0.000 0.000
weapon_zm_mac10	2079.649902 722.640991 5.471190	0.000 0.000 0.000
weapon_zm_mac10	1706.910034 831.007996 5.471190	0.000 0.000 0.000
weapon_zm_mac10	1125.640015 -917.101013 5.471190	0.000 0.000 0.000
weapon_zm_mac10	1914.719971 -1594.810059 45.471199	0.000 0.000 0.000
weapon_zm_molotov	2585.219971 814.239990 5.734560	0.000 0.000 0.000
weapon_zm_molotov	2593.899902 816.765991 5.734560	0.000 0.000 0.000
weapon_zm_molotov	-242.432999 -1334.500000 4.878090	0.000 0.000 0.000
weapon_zm_molotov	-267.713989 -1337.239990 5.794680	0.000 0.000 0.000
weapon_zm_molotov	-460.420013 -2112.030029 5.367040	0.000 0.000 0.000
weapon_zm_molotov	2182.257813 725.989563 0.189530	-0.863 -1.554 -0.877
weapon_zm_molotov	2191.071777 783.032349 0.155169	-1.595 -1.414 -1.625
weapon_zm_molotov	2148.276855 812.395752 0.154037	-1.620 -1.419 -1.649
weapon_zm_molotov	2134.050537 792.078979 0.144345	-1.827 -1.288 -1.861
weapon_zm_molotov	2146.046143 756.499756 0.176205	-1.147 -1.529 -1.167
weapon_zm_molotov	2146.672363 733.872253 0.156284	-1.572 -1.414 -1.600
weapon_zm_molotov	2173.158203 761.676208 0.167501	-1.332 -1.499 -1.356
weapon_zm_molotov	2182.508789 774.103333 0.148117	-1.746 -1.380 -1.779
item_ammo_357_ttt	902.150696 1345.510254 0.363706	0.457 0.058 0.042
item_ammo_357_ttt	925.751160 1361.988159 0.305092	0.445 0.080 0.066
item_ammo_357_ttt	853.763733 1357.322021 0.358763	0.456 0.060 0.044
item_ammo_357_ttt	829.159851 1350.174072 0.381380	0.460 0.056 0.035
item_ammo_357_ttt	874.628845 1335.515747 0.323903	0.449 0.068 0.058
item_ammo_357_ttt	951.822815 1367.649170 0.417893	0.467 0.054 0.021
item_ammo_357_ttt	2913.614258 1402.846191 0.372944	0.458 0.057 0.039
item_ammo_357_ttt	2994.988037 1424.418335 0.384028	0.461 0.056 0.034
item_ammo_357_ttt	3039.983398 1430.232056 0.355342	0.455 0.060 0.046
item_ammo_357_ttt	3093.231934 1391.710815 0.380027	0.460 0.056 0.036
item_ammo_357_ttt	2990.335205 1376.341309 0.338597	0.452 0.065 0.053
item_ammo_357_ttt	2921.981934 1369.666992 0.411163	0.466 0.054 0.024
item_ammo_357_ttt	2841.834717 1329.340210 0.362084	0.456 0.058 0.043
item_ammo_357_ttt	2792.755371 1309.760132 0.317115	0.447 0.073 0.061
item_ammo_smg1_ttt	2170.206055 -1049.973267 0.482091	0.385 0.001 -0.370
item_ammo_smg1_ttt	2217.827881 -1056.619141 0.437055	-1.104 -0.002 0.728
item_ammo_smg1_ttt	2080.924316 -1203.005005 0.538618	0.130 -0.017 -0.114
item_ammo_smg1_ttt	2120.622803 -1175.715698 0.480903	-0.531 0.047 0.289
item_ammo_smg1_ttt	2156.072998 -1197.649658 0.518475	0.701 -0.058 -0.161
item_ammo_smg1_ttt	2142.567627 -1256.250732 0.508743	-0.395 0.011 -0.322
item_ammo_smg1_ttt	2106.402832 -1224.520874 1.798396	-0.200 0.132 -8.801
item_ammo_smg1_ttt	2131.203613 -1169.483765 6.050186	88.872 -9.997 -10.422
item_ammo_smg1_ttt	2136.261230 -1128.371094 1.544894	3.889 -0.424 5.074
item_ammo_smg1_ttt	2151.366699 -1091.338623 0.482035	0.081 0.002 -0.173
weapon_zm_rifle	-1451.040039 -1355.130005 -0.932582	0.000 0.000 0.000
weapon_zm_rifle	1289.199951 749.489014 2.957510	0.000 0.000 0.000
weapon_zm_rifle	593.456970 -1297.609985 2.957510	0.000 0.000 0.000
weapon_zm_rifle	-752.137024 -1161.439941 6.957510	0.000 0.000 0.000
weapon_zm_rifle	1129.209961 -931.450012 2.957510	0.000 0.000 0.000
weapon_zm_rifle	978.878479 1325.811157 -0.866090	3.634 12.637 65.619
weapon_zm_rifle	888.074951 1321.378296 -0.802073	3.457 12.595 65.691
weapon_zm_rifle	840.157959 1319.214355 -0.864326	3.629 12.634 65.621
weapon_zm_rifle	3130.782959 1392.103027 -0.836734	3.553 12.609 65.652
weapon_zm_rifle	3046.685547 1343.064575 -0.799697	3.450 12.594 65.693
weapon_zm_rifle	2954.905518 1360.292847 -0.855895	3.606 12.626 65.631
weapon_zm_rifle	2890.534424 1391.819336 -0.845112	3.576 12.617 65.643
weapon_zm_rifle	2835.614502 1392.327148 -0.887360	3.692 12.658 65.596
weapon_ttt_glock	548.411987 -1742.229980 2.931700	0.000 0.000 0.000
weapon_ttt_glock	583.507019 -1744.920044 2.931700	0.000 0.000 0.000
weapon_ttt_glock	567.609985 -1729.459961 2.931700	0.000 0.000 0.000
weapon_ttt_glock	563.351990 -1751.640015 2.931700	0.000 0.000 0.000
weapon_ttt_glock	1706.380005 818.056030 2.931700	0.000 0.000 0.000
weapon_ttt_glock	1716.989990 816.241028 2.931700	0.000 0.000 0.000
ttt_random_ammo	-1448.930054 -1395.579956 -2.128790	0.000 0.000 0.000
ttt_random_ammo	-1429.439941 -1400.810059 -2.512500	0.000 0.000 0.000
ttt_random_ammo	-1430.699951 -2161.520020 1.198100	0.000 0.000 0.000
ttt_random_ammo	-1050.199951 -2023.109985 -1.684670	0.000 0.000 0.000
ttt_random_ammo	-1030.500000 -2030.810059 -2.408030	0.000 0.000 0.000
ttt_random_ammo	-1005.320007 -2037.400024 -2.859330	0.000 0.000 0.000
ttt_random_ammo	-262.769012 -1356.829956 0.086269	0.000 0.000 0.000
ttt_random_ammo	-824.453003 -625.723999 5.000600	0.000 0.000 0.000
ttt_random_ammo	-808.554016 -623.289001 5.000600	0.000 0.000 0.000
ttt_random_ammo	-736.187988 -1139.469971 5.000600	0.000 0.000 0.000
ttt_random_ammo	-279.144012 -445.653015 5.000600	0.000 0.000 0.000
ttt_random_ammo	-262.653015 -463.704987 5.000600	0.000 0.000 0.000
ttt_random_ammo	587.771973 -1763.599976 1.000600	0.000 0.000 0.000
ttt_random_ammo	599.586975 -1745.859985 1.000600	0.000 0.000 0.000
ttt_random_ammo	597.351013 -1723.910034 1.000600	0.000 0.000 0.000
ttt_random_ammo	1161.709961 -920.932007 1.000600	0.000 0.000 0.000
ttt_random_ammo	1160.280029 -898.296021 1.000600	0.000 0.000 0.000
ttt_random_ammo	2392.379883 -563.442017 1.000600	0.000 0.000 0.000
ttt_random_ammo	2086.219971 -525.252014 1.000600	0.000 0.000 0.000
ttt_random_ammo	2097.520020 -546.479980 1.000600	0.000 0.000 0.000
ttt_random_ammo	2074.879883 733.142029 1.000600	0.000 0.000 0.000
ttt_random_ammo	2073.379883 770.036011 1.000600	0.000 0.000 0.000
ttt_random_ammo	3206.489990 724.005981 1.000600	0.000 0.000 0.000
ttt_random_ammo	2631.600098 822.806030 1.000600	0.000 0.000 0.000
ttt_random_ammo	2633.050049 800.403015 1.000600	0.000 0.000 0.000
ttt_random_ammo	2622.389893 812.341003 1.000600	0.000 0.000 0.000
ttt_random_ammo	2783.199951 1213.989990 1.000600	0.000 0.000 0.000
ttt_random_ammo	594.914978 -1273.819946 1.000600	0.000 0.000 0.000
ttt_random_ammo	577.687988 -1266.790039 1.000600	0.000 0.000 0.000
ttt_random_ammo	546.788025 -1263.069946 1.000600	0.000 0.000 0.000
ttt_random_ammo	573.067017 -1279.869995 1.000600	0.000 0.000 0.000
ttt_random_ammo	683.038940 -1254.878174 0.355443	0.057 0.000 -0.004
ttt_random_ammo	745.751526 -1231.902954 2.758729	0.009 -0.811 90.477
ttt_random_ammo	751.517395 -1231.553955 3.875104	-28.256 46.623 89.836
ttt_random_ammo	791.229004 -1250.857056 0.349030	0.051 0.000 -0.014
ttt_random_ammo	757.639282 -1259.647827 0.359542	0.062 0.000 0.005
ttt_random_ammo	707.884949 -1242.218872 0.359541	0.063 0.000 0.006
ttt_random_ammo	689.472778 -1180.003906 0.363493	0.072 0.000 0.019
ttt_random_ammo	733.946594 -1178.693604 0.344578	0.049 0.000 -0.019
ttt_random_ammo	754.064148 -1205.954590 0.344595	0.049 -0.000 0.019
ttt_random_ammo	991.671204 -1089.984863 0.355443	0.057 0.000 -0.004
ttt_random_ammo	953.019897 -1040.690674 0.379448	0.167 0.001 0.143
ttt_random_ammo	939.533813 -985.154785 0.372748	0.110 0.000 0.070
ttt_random_ammo	939.046997 -927.908752 0.394707	1.271 0.019 1.493
ttt_random_ammo	980.945557 -888.229675 0.320109	0.047 0.000 -0.034
ttt_random_ammo	1036.359985 -900.600525 0.325309	0.046 0.000 -0.032
ttt_random_ammo	1038.676392 -992.847107 0.449597	0.965 -0.026 -1.169
ttt_random_ammo	1031.802124 -1057.480591 0.353339	0.055 0.000 -0.007
ttt_random_ammo	1001.009155 -1074.230713 0.344581	0.049 0.000 -0.019
ttt_random_ammo	967.533264 -1006.767761 0.385356	0.277 0.001 0.279
ttt_random_ammo	955.998535 -949.770020 0.391221	0.547 0.004 0.611
ttt_random_ammo	1005.780579 -895.141907 0.420998	1.614 0.037 1.958
ttt_random_ammo	1055.171265 -942.056030 0.349030	0.051 0.000 -0.014
ttt_random_ammo	1043.563599 -1040.034424 8.064877	-2.812 13.211 123.840
ttt_random_ammo	1031.819092 -1071.258423 0.456304	1.331 0.032 2.363
ttt_random_ammo	985.469727 -1029.167725 0.394158	0.954 0.011 1.107
ttt_random_ammo	967.365540 -913.944885 0.392137	0.628 0.005 0.709
ttt_random_ammo	589.912292 -758.447510 0.322729	0.047 0.000 -0.033
ttt_random_ammo	570.643860 -705.368164 0.313475	0.103 -0.000 -0.010
ttt_random_ammo	574.874023 -608.280029 0.380984	0.192 0.001 0.174
ttt_random_ammo	585.749023 -560.456482 0.355443	0.057 0.000 -0.004
ttt_random_ammo	562.871582 -686.849243 0.436577	1.219 0.030 1.472
ttt_random_ammo	570.822327 -737.830444 0.342302	0.048 0.000 -0.022
ttt_random_ammo	585.611023 -792.345398 0.357509	0.060 0.000 0.001
ttt_random_ammo	635.952332 -763.505798 0.325309	0.046 0.000 -0.032
ttt_random_ammo	593.113892 -736.219666 0.370972	0.100 0.000 0.057
ttt_random_ammo	-1551.803467 -757.529175 0.463491	-0.396 1.790 -0.389
ttt_random_ammo	-1597.117798 -765.457092 2.711596	-0.004 17.033 -90.377
ttt_random_ammo	-1562.937622 -821.703247 0.337631	0.047 0.000 -0.025
ttt_random_ammo	-1475.723999 -803.206360 0.377823	0.151 0.001 0.123
ttt_random_ammo	-1462.924561 -807.671509 0.446653	1.019 0.027 1.231
ttt_random_ammo	-1451.022705 -754.895142 0.361536	0.067 0.000 0.011
ttt_random_ammo	-1501.087402 -746.963074 0.355439	0.057 0.000 -0.003
ttt_random_ammo	-1552.537231 -762.473267 2.750276	-0.099 11.421 89.922
ttt_random_ammo	-1610.979370 -795.262207 0.386727	0.310 0.002 0.320
ttt_random_ammo	-1629.700562 -767.957397 0.374486	0.121 0.000 0.084
ttt_random_ammo	-1561.347290 -724.840332 4.978236	-0.352 17.990 -87.862
ttt_random_ammo	-1460.545898 -789.065063 0.374494	0.120 0.000 0.083
ttt_random_ammo	-1456.588989 -814.491028 2.693018	-3.129 0.399 0.831
ttt_random_ammo	-1501.491943 -1078.121216 2.891856	-0.188 0.160 1.534
ttt_random_ammo	-1492.081543 -1132.552490 0.394231	0.943 0.011 1.094
ttt_random_ammo	-1573.544067 -1120.164551 3.627185	-89.216 111.024 -89.684
ttt_random_ammo	-1624.574707 -1109.378174 0.335241	0.046 0.000 -0.027
ttt_random_ammo	-1531.773438 -1097.565063 0.435972	1.287 0.031 1.560
ttt_random_ammo	-1488.000732 -1127.283203 0.464673	1.937 0.096 1.940
ttt_random_ammo	-1513.634399 -1091.064087 0.339983	0.047 0.000 -0.023
ttt_random_ammo	-1589.255981 -1094.886475 3.634992	-89.771 92.298 -61.462
ttt_random_ammo	-1613.875977 -1087.828247 0.439456	1.211 0.030 1.469
ttt_random_ammo	-1529.338623 -1063.212280 0.359539	0.063 0.000 0.006
ttt_random_ammo	-1510.401855 -1105.518555 0.389108	0.416 0.003 0.451
ttt_random_ammo	-904.505615 -1259.158569 2.611135	0.581 -0.399 1.281
ttt_random_ammo	-905.701782 -1233.070435 2.711612	-0.004 1.996 -90.427
ttt_random_ammo	-929.034851 -1265.266479 0.436087	-1.285 3.532 0.205
ttt_random_ammo	-970.088074 -1231.223145 0.369165	0.090 0.000 0.044
ttt_random_ammo	-917.960144 -1208.840698 0.374495	0.120 0.000 0.083
ttt_random_ammo	-954.036804 -1271.576660 0.440388	1.128 0.029 1.361
ttt_random_ammo	-961.688354 -1279.567139 0.359540	0.063 0.000 0.006
ttt_random_ammo	-1000.721191 -1260.794678 2.693174	-0.187 4.934 89.664
ttt_random_ammo	-955.953003 -1245.409424 0.379432	0.170 0.001 0.146
ttt_random_ammo	-947.226624 -1266.159912 0.483363	1.580 0.090 1.915
ttt_random_ammo	-1071.346680 -2137.427246 -1.917926	2.777 -0.953 -3.715
ttt_random_ammo	-984.321228 -2173.595947 0.830496	-2.595 0.172 0.842
ttt_random_ammo	-876.175354 -2185.777100 -1.417607	2.438 -0.001 0.943
ttt_random_ammo	-819.066956 -2186.083008 -1.839634	1.157 -0.263 -2.127
ttt_random_ammo	-723.524963 -2179.804688 -0.554653	-3.162 -0.650 -1.425
ttt_random_ammo	-653.475464 -2130.470703 1.177320	-3.533 -0.448 -1.640
ttt_random_ammo	-616.415466 -2087.001221 0.354962	-0.928 0.836 -7.635
ttt_random_ammo	-560.927002 -2044.559814 -1.614409	-3.312 -0.127 -0.264
ttt_random_ammo	-485.442596 -2040.786621 -0.016728	3.656 0.555 -0.232
ttt_random_ammo	-577.845764 -2080.189697 3.792634	-85.047 111.957 -97.609
ttt_random_ammo	-659.858826 -2126.061523 0.747047	-1.821 0.107 -3.640
ttt_random_ammo	-707.385498 -2161.581299 -0.081491	-3.375 0.647 1.186
ttt_random_ammo	-766.778625 -2182.457520 -2.398988	-3.102 -0.662 -1.432
ttt_random_ammo	-844.633972 -2199.741699 -1.794724	-0.249 -0.103 1.606
ttt_random_ammo	-935.243958 -2211.879883 0.223491	2.439 -0.597 0.883
ttt_random_ammo	-998.598938 -2187.616455 0.141811	-2.420 0.154 0.863
ttt_random_ammo	-1070.564941 -2168.088379 -0.255496	3.808 0.455 3.693
ttt_random_ammo	-1157.210693 -2153.648682 5.689213	-83.097 128.630 -123.961
ttt_random_ammo	1765.401611 -2154.007080 0.362586	-0.067 -0.000 0.012
ttt_random_ammo	1870.434204 -2147.918945 0.346822	0.049 0.000 -0.017
ttt_random_ammo	1759.144165 -2087.809082 0.461263	-1.163 -0.029 1.413
ttt_random_ammo	1865.957031 -2092.869141 0.462145	-1.128 -0.029 1.370
ttt_random_ammo	1681.061401 -2078.047363 2.759199	0.020 17.187 90.291
ttt_random_ammo	1749.202271 -2092.587158 0.370588	-0.091 -0.000 0.045
ttt_random_ammo	1619.217407 -2101.637939 0.340727	-0.047 -0.000 -0.023
ttt_random_ammo	1575.154053 -2132.962646 0.409151	-0.952 -0.011 1.105
ttt_random_ammo	1532.885376 -2143.969971 0.447431	-1.619 -0.037 1.967
ttt_random_ammo	1485.362549 -2176.552979 0.387809	-0.246 -0.001 0.241
ttt_random_ammo	1452.431885 -2099.637695 0.378317	-0.137 -0.000 0.104
ttt_random_ammo	1536.850464 -2095.256836 0.370595	-0.092 -0.000 0.046
ttt_random_ammo	1449.432861 -2178.449707 0.382120	-0.172 -0.001 0.149
ttt_random_ammo	1282.124878 -2205.469971 0.335975	-0.047 -0.000 -0.027
ttt_random_ammo	1274.900146 -2186.537842 0.401953	-0.621 -0.005 0.701
ttt_random_ammo	1133.236328 -2172.271973 0.478677	-0.563 -0.020 0.684
ttt_random_ammo	994.651306 -2188.352051 0.360532	-0.063 -0.000 0.007
ttt_random_ammo	917.990845 -2154.510986 0.366628	-0.077 -0.000 0.026
ttt_random_ammo	1092.136719 -2110.223145 2.757293	89.917 172.838 173.221
ttt_random_ammo	1166.925903 -2170.396484 0.380220	-0.153 -0.001 0.125
ttt_random_ammo	1295.661255 -2127.092285 0.331081	-0.046 -0.000 -0.029
ttt_random_ammo	1361.550903 -2133.344727 0.320846	-0.047 -0.000 -0.034
ttt_random_ammo	1417.020752 -2099.820557 2.691834	1.199 -31.178 89.995
ttt_random_ammo	1485.176392 -2105.885986 0.364625	-0.072 -0.000 0.019
ttt_random_ammo	1551.510010 -2101.425293 0.312759	-0.048 -0.000 -0.037
ttt_random_ammo	1643.768311 -2102.905518 0.364619	-0.071 -0.000 0.018
ttt_random_ammo	1735.410767 -2092.072998 0.384018	-0.194 -0.001 0.176
ttt_random_ammo	1827.908081 -2108.893799 0.467703	-0.941 -0.025 1.143
ttt_random_ammo	1778.335693 -2148.022217 0.387795	-0.244 -0.001 0.239
ttt_random_ammo	1611.205933 -2124.330566 0.347605	-0.050 -0.000 -0.017
ttt_random_ammo	1424.067383 -2191.517578 0.382094	-0.169 -0.001 0.145
ttt_random_ammo	1255.246216 -2188.143311 0.328579	-0.046 -0.000 -0.031
ttt_random_ammo	1153.264771 -2166.005127 0.343052	-0.048 -0.000 -0.021
ttt_random_ammo	2782.784424 36.294106 4.353337	0.055 0.000 -0.007
ttt_random_ammo	2850.286621 14.612975 4.355441	0.057 0.000 -0.004
ttt_random_ammo	2909.135742 -18.842072 4.351202	0.052 0.000 -0.011
ttt_random_ammo	2955.962891 -43.691101 4.330350	0.046 0.000 -0.029
ttt_random_ammo	3001.348633 -61.166981 4.330350	0.046 0.000 -0.029
ttt_random_ammo	3032.751953 -79.646240 4.369156	0.091 0.000 0.045
ttt_random_ammo	3057.470703 -93.725342 4.394880	1.246 0.019 1.463
ttt_random_ammo	3075.509766 -109.013115 4.359540	0.063 0.000 0.006
ttt_random_ammo	3104.715332 -143.047913 4.355440	0.057 0.000 -0.004
ttt_random_ammo	3135.510986 -189.744858 4.317447	0.047 0.000 -0.035
ttt_random_ammo	3161.302979 -236.501328 4.320107	0.047 0.000 -0.034
ttt_random_ammo	3188.358643 -284.883270 4.434011	1.325 0.032 1.607
ttt_random_ammo	3218.187012 -350.371338 4.363498	0.071 0.000 0.018
ttt_random_ammo	3237.181641 -398.272522 4.413667	0.129 -0.083 0.125
ttt_random_ammo	3243.574951 -360.828827 4.387986	0.355 0.002 0.376
ttt_random_ammo	3202.776367 -249.936523 6.637013	1.338 9.255 -89.892
ttt_random_ammo	3172.152344 -193.605713 4.451575	0.883 0.024 1.064
ttt_random_ammo	3121.672119 -137.312241 4.337631	0.047 0.000 -0.025
ttt_random_ammo	3087.890625 -96.310860 4.370988	0.097 0.000 0.054
ttt_random_ammo	3059.367188 -85.457947 4.456318	0.811 0.023 0.980
ttt_random_ammo	3015.127686 -65.530113 4.363498	0.071 0.000 0.018
ttt_random_ammo	2965.692627 -26.115892 4.383947	0.245 0.001 0.240
ttt_random_ammo	2895.512207 17.111471 4.458905	0.765 0.023 0.926
ttt_random_ammo	2818.879883 53.498394 6.806468	-0.373 -0.223 0.892
ttt_random_ammo	2757.814697 79.791855 4.353338	0.054 0.000 -0.008
ttt_random_ammo	2778.698730 -461.626251 0.444311	1.094 0.024 1.180
ttt_random_ammo	2760.832520 -453.432129 0.428659	1.348 0.033 1.624
ttt_random_ammo	2735.064941 -419.854462 2.656691	0.986 14.114 -89.998
ttt_random_ammo	2721.578857 -413.553833 2.604342	-0.219 -2.651 89.366
ttt_random_ammo	2703.293213 -409.433960 2.688222	1.315 25.647 90.017
ttt_random_ammo	2752.601563 -411.621582 0.453378	-1.437 -0.033 1.747
ttt_random_ammo	2769.682373 -437.119354 5.058313	-0.849 8.867 -89.341
ttt_random_ammo	2788.182617 -428.379364 0.404509	1.609 -0.032 2.112
ttt_random_ammo	2770.312500 -441.842621 5.916643	-14.128 2.894 105.706
ttt_random_ammo	2737.689453 -1399.574707 0.446457	-0.881 -7.060 0.996
ttt_random_ammo	2771.620117 -1392.185425 0.382102	-0.170 -0.001 0.146
ttt_random_ammo	2741.940918 -1413.525757 2.688752	89.602 -7.974 -4.912
ttt_random_ammo	2695.024414 -1434.516357 0.364627	-0.072 -0.000 0.019
ttt_random_ammo	2768.368408 -1371.576050 5.122109	-0.832 11.317 -89.933
ttt_random_ammo	2790.341064 -1341.601196 2.805225	5.693 -1.741 2.636
ttt_random_ammo	2785.427490 -1377.205444 0.343054	-0.048 -0.000 -0.021
ttt_random_ammo	2738.885986 -1394.253906 0.507911	-1.562 0.052 1.889
ttt_random_ammo	2763.859375 -1398.160889 2.789001	7.204 -0.220 1.704
ttt_random_ammo	3198.802002 -1529.328003 4.450058	0.980 0.026 1.188
ttt_random_ammo	3189.334473 -1544.898926 4.314748	0.047 0.000 -0.036
ttt_random_ammo	3210.208496 -1473.869019 4.327850	0.046 0.000 -0.031
ttt_random_ammo	3145.515137 -1619.384888 4.342302	0.048 0.000 -0.022
ttt_random_ammo	3121.759521 -1660.597656 4.437233	1.200 0.030 1.448
ttt_random_ammo	3095.435059 -1702.605347 4.369159	0.091 0.000 0.045
ttt_random_ammo	3057.548828 -1735.119263 4.442053	1.074 0.028 1.294
ttt_random_ammo	3144.804688 -1665.977051 4.346824	0.049 0.000 -0.017
ttt_random_ammo	3072.609863 -1736.464600 4.351204	0.052 0.000 -0.011
ttt_random_ammo	3011.477051 -1777.496216 4.335244	0.046 0.000 -0.027
ttt_random_ammo	2980.420166 -1811.818359 4.459413	1.384 0.026 1.300
ttt_random_ammo	2927.273682 -1850.940186 4.351202	0.053 0.000 -0.011
ttt_random_ammo	2862.295654 -1876.103149 4.420645	0.963 1.238 1.312
ttt_random_ammo	2779.108398 -1880.846313 4.349034	0.051 0.000 -0.015
ttt_random_ammo	2819.834229 -1878.548706 6.758625	0.009 13.359 90.753
ttt_random_ammo	2960.931396 -1815.263428 6.646017	-0.133 4.518 89.761
ttt_random_ammo	3005.795410 -1798.185303 4.394969	1.234 0.018 1.448
ttt_random_ammo	3063.090820 -1756.615234 4.351203	0.053 0.000 -0.011
ttt_random_ammo	3124.373047 -1674.803589 4.411362	1.689 0.034 2.034
ttt_random_ammo	3161.901367 -1572.480347 4.393105	0.698 0.006 0.795
ttt_random_ammo	3213.439453 -1498.377686 4.436701	1.175 0.029 1.414
ttt_random_ammo	3193.041992 -1580.774658 4.365424	0.076 0.000 0.026
ttt_random_ammo	3093.035645 -1740.695435 4.420725	1.496 0.035 1.801
ttt_random_ammo	3028.588379 -1816.594238 4.394771	1.066 0.014 1.243
ttt_random_ammo	2945.319824 -1858.393799 4.394652	1.082 0.014 1.263
ttt_random_ammo	2861.609619 -1881.782104 6.704125	0.976 -13.172 89.472
ttt_random_ammo	2786.521973 -1877.495728 4.484772	1.389 0.093 1.683
ttt_random_ammo	2627.609131 -1478.428345 2.637069	0.179 1.649 -89.738
ttt_random_ammo	2626.149902 -1455.546509 0.393601	0.831 0.009 0.958
ttt_random_ammo	2643.421387 -1539.420654 2.620008	-0.450 11.971 89.328
ttt_random_ammo	2647.312012 -1491.048340 0.474883	-0.289 2.359 0.226
ttt_random_ammo	2611.395264 -1942.142090 0.417751	1.636 -0.036 -1.983
ttt_random_ammo	2630.940186 -1916.538086 0.337653	0.047 -0.000 0.025
ttt_random_ammo	2619.749268 -1861.915405 0.342301	0.048 0.000 -0.021
ttt_random_ammo	2648.286621 -1902.393066 0.393767	0.808 0.008 0.929
ttt_random_ammo	2427.780029 -1088.264038 2.259083	0.000 12.619 51.284
ttt_random_ammo	2429.309814 -1085.522827 6.597829	0.023 12.648 -114.019
ttt_random_ammo	2455.732178 -1077.772583 2.681558	-0.576 108.799 89.748
ttt_random_ammo	2451.854980 -1100.345703 2.751970	-0.047 -5.427 89.970
ttt_random_ammo	2417.258301 -1098.363892 0.363497	0.071 0.000 0.018
ttt_random_ammo	2422.657959 -1038.492798 0.370971	0.100 0.000 0.057
ttt_random_ammo	2462.009766 -1053.556030 2.711948	-0.011 -7.015 -90.563
ttt_random_ammo	2442.770752 -1077.705200 2.742838	-0.441 2.635 90.011
ttt_random_ammo	2460.781738 -1084.097656 2.699837	-0.212 13.586 89.697
ttt_random_ammo	2443.617676 -1075.053345 0.487224	-0.339 0.247 -0.171
ttt_random_ammo	-481.668488 -1024.118896 140.357513	0.060 -0.000 -0.001
ttt_random_ammo	-573.579712 -986.216125 140.389114	0.416 0.003 0.451
ttt_random_ammo	-594.428284 -1120.454956 140.379456	0.168 0.001 0.144
ttt_random_ammo	-649.796753 -1143.055420 140.349030	0.051 0.000 -0.014
ttt_random_ammo	-620.969116 -1097.998779 140.376190	0.134 0.000 0.101
ttt_random_ammo	-561.988525 -1170.542358 140.337662	0.047 -0.000 0.025
ttt_random_ammo	-505.343323 -1193.909668 140.344574	0.049 0.000 -0.019
ttt_random_ammo	-416.031250 -1199.107910 140.369171	0.090 0.000 0.044
ttt_random_ammo	-471.183105 -1050.994385 140.463455	0.671 -0.021 -0.814
ttt_random_ammo	-548.455017 -1026.954834 140.369156	0.091 0.000 0.045
ttt_random_ammo	-554.838684 -1107.081299 140.455048	0.750 -0.121 -0.934
ttt_random_ammo	-553.608521 -1112.340454 140.481155	1.657 -0.112 -2.009
ttt_random_ammo	-537.006470 -1134.328369 140.473633	0.702 2.979 0.641
ttt_random_ammo	-548.515381 -1068.857910 140.386658	0.319 0.002 0.331
ttt_random_ammo	-554.885620 -1055.394165 140.359543	0.063 0.000 0.006
ttt_random_ammo	-526.624329 -1101.057861 140.357513	0.060 0.000 0.001
ttt_random_ammo	-542.993896 -1132.760132 140.448517	0.412 -2.259 0.612
ttt_random_ammo	-495.509521 -550.003113 140.355438	0.057 0.000 -0.004
ttt_random_ammo	-582.341064 -532.055847 140.380981	0.192 0.001 0.174
ttt_random_ammo	-648.654358 -589.904968 140.353348	0.054 0.000 -0.008
ttt_random_ammo	-658.768494 -619.742554 140.330353	0.046 0.000 -0.029
ttt_random_ammo	-593.020142 -631.973206 140.369171	0.089 0.000 0.043
ttt_random_ammo	-516.946228 -574.026123 140.385101	0.279 -0.001 -0.283
ttt_random_ammo	-506.331329 -473.209747 140.357513	0.059 0.000 0.001
ttt_random_ammo	-541.209717 -483.942322 140.372757	0.108 0.000 0.068
ttt_random_ammo	-613.336182 -576.582458 140.418610	1.663 0.036 2.017
ttt_random_ammo	-624.240662 -613.233948 140.369171	0.090 0.000 0.044
ttt_random_ammo	-639.530090 -648.993591 140.419601	1.607 0.036 1.945
ttt_random_ammo	-577.270630 -642.977112 140.363495	0.071 0.000 0.018
ttt_random_ammo	-538.338806 -571.456665 140.355438	0.057 0.000 -0.004
ttt_random_ammo	-549.957397 -558.572876 140.388809	0.408 -0.002 -0.441
ttt_random_ammo	-583.549561 -650.117676 140.380981	0.192 0.001 0.174
ttt_random_ammo	-578.165283 -672.831299 140.335251	0.046 0.000 -0.027
ttt_random_ammo	-528.554749 -770.283386 140.361542	0.066 0.000 0.011
ttt_random_ammo	-528.789246 -1056.433472 140.390259	0.471 0.003 0.518
ttt_random_ammo	-559.882385 -1101.686646 140.486435	1.175 0.016 1.425
weapon_zm_pistol	-841.057983 -626.838989 6.723160	0.000 0.000 0.000
weapon_zm_pistol	-842.677002 -643.403992 6.723160	0.000 0.000 0.000
weapon_zm_pistol	1735.569946 -869.854004 2.723160	0.000 0.000 0.000
weapon_zm_pistol	1736.939941 -851.171997 2.723160	0.000 0.000 0.000
weapon_zm_pistol	1737.599976 -842.005005 2.723160	0.000 0.000 0.000
weapon_zm_pistol	1739.640015 -821.916016 2.723160	0.000 0.000 0.000
weapon_zm_pistol	2036.640015 748.565002 2.723160	0.000 0.000 0.000
weapon_zm_pistol	2035.719971 769.536011 2.723160	0.000 0.000 0.000
weapon_zm_pistol	1918.510010 -1590.010010 42.723202	0.000 0.000 0.000
weapon_zm_pistol	1905.819946 -1586.180054 42.723202	0.000 0.000 0.000
weapon_zm_sledge	-1474.209961 -2168.149902 5.200440	0.000 0.000 0.000
weapon_zm_sledge	2606.000000 -2166.000000 18.000000	0.000 0.000 0.000
weapon_zm_sledge	827.413025 1139.589966 4.857780	0.000 0.000 0.000
weapon_zm_revolver	1287.640015 767.646973 2.997950	0.000 0.000 0.000
weapon_zm_revolver	2392.830078 759.716003 2.997950	0.000 0.000 0.000
weapon_zm_revolver	2369.540039 763.568970 2.997950	0.000 0.000 0.000
weapon_zm_revolver	-252.548996 -440.191986 6.997950	0.000 0.000 0.000
weapon_zm_revolver	-252.423004 -452.367004 6.997950	0.000 0.000 0.000
