# Trouble in Terrorist Town weapon/ammo placement overrides
# For map: ttt_67thway_v14
# Exported by: dduudu
setting:	replacespawns 1
ttt_playerspawn	320.404907 190.896164 72.551544	0.069 -0.000 -0.069
ttt_playerspawn	318.123199 61.489868 72.548195	-0.051 -0.000 0.051
ttt_playerspawn	320.919830 -64.827477 72.535065	-0.063 -0.000 0.063
ttt_playerspawn	319.354431 -193.521118 72.583176	-0.016 -0.000 0.017
ttt_playerspawn	559.979370 1727.471191 242.519501	0.032 0.000 0.032
ttt_playerspawn	560.740845 1598.554932 242.479095	-0.049 -0.000 0.049
ttt_playerspawn	-448.543304 255.780075 72.571785	0.040 -0.000 -0.040
ttt_playerspawn	-447.971954 384.106384 72.547409	-0.051 -0.000 0.051
ttt_playerspawn	-448.360870 -514.248535 72.574348	-0.024 -0.000 0.025
ttt_playerspawn	-448.252686 -640.654053 72.534073	-0.064 -0.000 0.064
ttt_playerspawn	-446.361084 1663.150635 72.564980	-0.034 -0.000 0.034
ttt_playerspawn	-448.678772 1792.769165 72.549736	-0.049 -0.000 0.049
ttt_playerspawn	831.655945 -863.143616 -447.462067	-0.061 -0.000 0.061
ttt_playerspawn	680.158752 -714.458191 -447.428772	-0.027 -0.000 0.029
ttt_playerspawn	675.407654 -622.508667 -447.474304	-0.073 -0.000 0.073
ttt_playerspawn	1417.123535 31.919651 129.469223	-0.013 -0.000 0.013
ttt_playerspawn	1239.252563 21.876703 129.510300	-0.009 -0.000 0.009
ttt_playerspawn	1044.863647 21.365543 129.490875	-0.011 -0.000 0.011
ttt_playerspawn	-1656.893677 1489.520386 88.507805	-0.037 -0.000 0.037
ttt_playerspawn	-795.281006 911.016602 -447.543152	-0.014 -0.000 0.014
ttt_playerspawn	-794.913147 829.653687 -447.514160	-0.011 -0.000 0.011
ttt_playerspawn	-310.965332 469.416901 -447.475342	-0.072 -0.000 0.072
ttt_playerspawn	-856.682190 328.907928 68.484093	-0.012 -0.000 0.012
ttt_playerspawn	-978.937805 319.216156 68.487541	-0.011 -0.000 0.011
ttt_playerspawn	1377.283203 1211.547241 112.530769	-0.028 -0.000 0.028
ttt_playerspawn	-691.643494 -231.909546 -447.478973	-0.077 -0.000 0.077
ttt_playerspawn	-694.376160 -337.291962 -447.453369	-0.052 -0.000 0.052
ttt_playerspawn	922.898193 209.801056 -175.465897	-0.064 -0.000 0.064
ttt_playerspawn	-614.885132 2496.240479 80.553391	-0.046 -0.000 0.045
ttt_playerspawn	-617.444214 2407.576172 80.518608	-0.080 -0.000 0.080
ttt_playerspawn	-2709.176514 6204.953125 64.511879	-0.036 -0.000 0.035
ttt_playerspawn	-2242.892822 6015.012695 64.499283	0.047 -0.036 0.172
ttt_playerspawn	-2243.206055 5943.417480 64.473450	-0.051 -0.000 0.051
ttt_playerspawn	-2740.055908 5798.562012 384.534149	-0.065 -0.000 0.063
ttt_playerspawn	-1083.145386 5917.144531 64.530754	-0.029 -0.000 0.027
ttt_playerspawn	-1079.247070 5753.549805 64.528633	-0.030 -0.000 0.028
ttt_playerspawn	-1601.836548 5693.502930 64.504158	-0.283 -0.137 -0.017
ttt_playerspawn	-1608.465942 5930.867188 64.557228	-0.184 -0.159 -0.048
ttt_playerspawn	-2506.515381 5804.267578 208.536942	-0.062 -0.000 0.061
ttt_playerspawn	-2348.192139 5805.903320 208.509491	-0.089 -0.000 0.088
ttt_playerspawn	-2864.705811 5673.488770 48.484127	0.021 -0.066 0.137
ttt_playerspawn	-618.332764 2325.108887 80.518608	-0.080 -0.000 0.080
ttt_playerspawn	-620.262939 2223.260742 80.535072	-0.063 -0.000 0.063
ttt_playerspawn	-554.890564 -151.313232 232.527542	-0.029 -0.000 0.029
ttt_playerspawn	-1497.372070 -379.853333 68.500313	-0.010 -0.000 0.010
ttt_playerspawn	-1008.192383 1085.332764 68.532127	0.089 -0.000 -0.089
ttt_playerspawn	-1277.091919 1080.984009 68.539322	-0.144 -0.227 -0.079
ttt_playerspawn	320.433075 -831.278564 72.557411	-0.042 -0.000 0.041
ttt_playerspawn	-607.707886 -1409.342041 68.542442	-0.056 -0.000 0.056
weapon_ttt_ak47	-1182.226685 1563.734497 124.915710	-0.032 -0.036 -87.977
weapon_ttt_ak47	-1238.407349 1563.391235 124.837021	0.253 1.934 -87.306
item_box_buckshot_ttt	601.262024 -735.721985 75.488701	0.000 0.000 -0.500
item_box_buckshot_ttt	619.000000 -735.000000 75.488701	0.000 0.000 -0.500
item_box_buckshot_ttt	766.000000 -472.000000 162.000000	0.000 0.000 0.000
item_box_buckshot_ttt	763.000000 -489.000000 162.000000	0.000 0.000 0.000
item_box_buckshot_ttt	-976.995972 -293.803009 -446.705994	0.000 50.500 0.000
item_box_buckshot_ttt	-990.054016 -279.183990 -446.705994	0.000 50.500 0.000
item_box_buckshot_ttt	-912.965027 95.111504 105.293999	0.000 180.000 0.000
item_box_buckshot_ttt	-917.203003 76.512398 105.293999	0.000 180.000 0.000
item_box_buckshot_ttt	-913.380005 120.977997 105.293999	0.000 180.000 0.000
item_box_buckshot_ttt	-805.132996 164.878006 233.294006	0.000 0.000 0.000
item_box_buckshot_ttt	-789.703003 164.832993 233.294006	0.000 0.000 0.000
item_box_buckshot_ttt	-771.000000 -1007.000000 -443.000000	0.000 180.000 0.000
item_box_buckshot_ttt	-771.000000 -987.000000 -443.000000	0.000 180.000 0.000
item_box_buckshot_ttt	-771.000000 -967.000000 -443.000000	0.000 180.000 0.000
item_box_buckshot_ttt	-850.150024 749.054993 -447.705994	0.000 354.500 0.000
item_box_buckshot_ttt	-849.000000 761.000000 -447.705994	0.000 354.500 0.000
weapon_ttt_smokegrenade	-1160.369995 1447.310059 149.735001	0.000 0.000 0.000
weapon_ttt_smokegrenade	-1174.469971 1447.119995 149.735001	0.000 0.000 0.000
weapon_ttt_smokegrenade	-1191.949951 1445.790039 149.735001	0.000 0.000 0.000
weapon_ttt_smokegrenade	-1208.069946 1446.000000 149.735001	0.000 0.000 0.000
item_ammo_357_ttt	-1034.560059 219.981003 233.276001	0.000 0.000 0.000
item_ammo_357_ttt	-1031.880005 207.647003 233.276001	0.000 0.000 0.000
item_ammo_357_ttt	-1119.180054 1306.640015 93.275803	0.000 0.000 0.000
item_ammo_357_ttt	-1120.000000 1327.160034 93.275803	0.000 0.000 0.000
item_ammo_357_ttt	-1099.130005 1309.079956 93.275803	0.000 0.000 0.000
item_ammo_357_ttt	-1102.530029 1328.900024 93.275803	0.000 0.000 0.000
item_ammo_357_ttt	1008.000000 1072.000000 241.276001	0.000 0.000 0.000
item_ammo_357_ttt	1024.000000 1072.000000 241.276001	0.000 0.000 0.000
item_ammo_357_ttt	-2890.659912 5948.129883 420.276001	0.000 0.000 0.000
item_ammo_357_ttt	1220.430054 308.882996 130.276001	0.000 0.000 0.000
item_ammo_357_ttt	1239.609985 307.816010 130.276001	0.000 0.000 0.000
item_ammo_357_ttt	1028.979980 309.919006 130.276001	0.000 0.000 0.000
item_ammo_357_ttt	1045.280029 303.721008 130.276001	0.000 0.000 0.000
item_ammo_357_ttt	552.934937 1079.231445 242.321793	0.449 0.070 0.058
item_ammo_357_ttt	564.459412 1079.856567 242.350098	0.454 0.064 0.047
item_ammo_357_ttt	1100.676636 607.390381 120.227730	-9.929 0.211 11.296
item_ammo_357_ttt	1098.027466 587.294373 119.028419	-10.539 -2.860 2.186
item_ammo_revolver_ttt	-1131.000000 -314.000000 -442.000000	0.000 0.000 0.000
item_ammo_revolver_ttt	-1140.000000 -314.000000 -442.000000	0.000 0.000 0.000
item_ammo_revolver_ttt	-1074.729980 1308.380005 93.275803	0.000 0.000 0.000
item_ammo_revolver_ttt	-1076.849976 1327.619995 93.275803	0.000 0.000 0.000
item_ammo_revolver_ttt	-1063.760010 1308.239990 93.275803	0.000 0.000 0.000
item_ammo_revolver_ttt	-1057.770020 1328.040039 93.275803	0.000 0.000 0.000
item_ammo_revolver_ttt	-1047.060059 1307.280029 93.275803	0.000 0.000 0.000
item_ammo_revolver_ttt	-1046.089966 1328.430054 93.275803	0.000 0.000 0.000
item_ammo_revolver_ttt	-806.086975 1019.840027 -447.723999	0.000 2.500 0.000
item_ammo_revolver_ttt	-799.093994 1020.150024 -447.723999	0.000 2.500 0.000
item_ammo_revolver_ttt	-792.099976 1020.450012 -447.723999	0.000 2.500 0.000
item_ammo_revolver_ttt	-785.106018 1020.760010 -447.723999	0.000 2.500 0.000
item_ammo_smg1_ttt	1001.000000 202.000000 -165.000000	0.000 0.000 0.000
item_ammo_smg1_ttt	1018.000000 202.000000 -165.000000	0.000 0.000 0.000
item_ammo_smg1_ttt	-907.918030 1221.760010 93.344704	0.000 0.000 0.000
item_ammo_smg1_ttt	-943.802979 1223.449951 93.344704	0.000 0.000 0.000
item_ammo_smg1_ttt	-910.419006 1253.050049 93.344704	0.000 0.000 0.000
item_ammo_smg1_ttt	-940.971008 1249.969971 93.344704	0.000 0.000 0.000
item_ammo_smg1_ttt	-924.968994 1231.949951 93.344704	0.000 0.000 0.000
item_ammo_smg1_ttt	-924.758972 1254.640015 93.344704	0.000 0.000 0.000
item_ammo_smg1_ttt	1040.000000 1344.000000 241.345001	0.000 271.500 0.000
item_ammo_smg1_ttt	1008.000000 1360.000000 241.345001	0.000 0.000 0.000
item_ammo_smg1_ttt	-2813.560059 6225.600098 65.344704	0.000 0.000 0.000
item_ammo_smg1_ttt	-2784.580078 6227.899902 65.344704	0.000 0.000 0.000
item_ammo_smg1_ttt	-1061.000000 -286.000000 145.000000	0.000 0.000 0.000
item_ammo_smg1_ttt	-1080.000000 -1110.000000 -443.000000	0.000 90.000 0.000
item_ammo_smg1_ttt	-693.000000 962.000000 -447.000000	0.000 242.000 0.000
item_ammo_smg1_ttt	-735.000000 956.000000 -447.000000	0.000 255.000 0.000
item_ammo_smg1_ttt	-1057.000000 -1110.000000 -443.000000	0.000 90.000 0.000
item_ammo_smg1_ttt	-601.683472 -200.211945 104.418205	0.185 1.840 0.090
item_ammo_smg1_ttt	352.872101 623.476807 93.323540	0.192 -88.385 -5.595
item_ammo_smg1_ttt	354.427887 608.036133 93.157173	0.051 -86.510 -5.401
item_ammo_pistol_ttt	905.000000 -489.000000 162.000000	0.000 0.000 0.000
item_ammo_pistol_ttt	914.000000 -490.000000 162.000000	0.000 0.000 0.000
item_ammo_pistol_ttt	-860.515015 -613.000000 105.000000	0.000 0.000 0.000
item_ammo_pistol_ttt	854.518005 -582.671997 -446.720001	0.000 0.000 0.000
item_ammo_pistol_ttt	837.270996 -582.656982 -446.720001	0.000 0.000 0.000
item_ammo_pistol_ttt	825.877014 -582.706970 -446.720001	0.000 0.000 0.000
item_ammo_pistol_ttt	864.570007 -710.333008 -446.720001	0.000 0.000 0.000
item_ammo_pistol_ttt	848.478027 -709.020020 -446.720001	0.000 0.000 0.000
item_ammo_pistol_ttt	834.598999 -710.487000 -446.720001	0.000 0.000 0.000
item_ammo_pistol_ttt	-921.877991 1327.689941 93.280098	0.000 0.000 0.000
item_ammo_pistol_ttt	-964.939026 1327.140015 93.280098	0.000 0.000 0.000
item_ammo_pistol_ttt	-939.809021 1330.349976 93.280098	0.000 0.000 0.000
item_ammo_pistol_ttt	-951.086975 1330.430054 93.280098	0.000 0.000 0.000
item_ammo_pistol_ttt	-928.107971 1300.020020 93.280098	0.000 0.000 0.000
item_ammo_pistol_ttt	-939.098999 1303.369995 93.280098	0.000 0.000 0.000
item_ammo_pistol_ttt	-957.994995 1307.640015 93.280098	0.000 0.000 0.000
item_ammo_pistol_ttt	-853.190979 11.646600 117.279999	0.000 0.000 0.000
item_ammo_pistol_ttt	-846.142029 44.257599 117.279999	0.000 0.000 0.000
item_ammo_pistol_ttt	-846.142029 44.257599 141.279999	0.000 0.000 0.000
item_ammo_pistol_ttt	-846.142029 16.257601 141.279999	0.000 0.000 0.000
item_ammo_pistol_ttt	1483.489990 1423.819946 277.013000	0.000 0.000 0.000
item_ammo_pistol_ttt	1475.489990 1423.819946 277.013000	0.000 0.000 0.000
item_ammo_pistol_ttt	-606.756226 -277.345856 107.529953	0.000 2.821 0.000
weapon_ttt_g3sg1	570.913879 1092.829590 243.321030	-0.797 2.009 -87.996
ttt_random_weapon	-888.000000 -904.000000 -33.627102	0.000 0.000 0.000
ttt_random_weapon	-904.000000 -896.000000 -33.627102	0.000 0.000 0.000
ttt_random_weapon	-936.000000 -888.000000 -33.627102	0.000 0.000 0.000
ttt_random_weapon	-944.000000 -904.000000 -33.627102	0.000 0.000 0.000
ttt_random_weapon	936.739990 1345.250000 122.373001	0.000 0.000 0.000
ttt_random_weapon	943.059021 1280.290039 122.373001	0.000 0.000 0.000
ttt_random_weapon	1315.640015 1110.859985 122.373001	0.000 89.000 0.000
ttt_random_weapon	-2223.379883 6214.379883 218.373001	0.000 0.000 0.000
ttt_random_weapon	-2225.500000 6123.410156 218.373001	0.000 0.000 0.000
ttt_random_weapon	-2229.830078 6026.379883 218.373001	0.000 0.000 0.000
ttt_random_weapon	-394.263000 2505.919922 90.372902	0.000 0.000 0.000
ttt_random_weapon	-388.950012 2430.820068 90.372902	0.000 0.000 0.000
ttt_random_weapon	-384.165985 2473.949951 90.372902	0.000 0.000 0.000
ttt_random_weapon	-1006.349976 5912.069824 74.372902	0.000 0.000 0.000
ttt_random_weapon	-999.372986 5861.589844 74.372902	0.000 0.000 0.000
ttt_random_weapon	-990.560974 5798.390137 74.372902	0.000 0.000 0.000
ttt_random_weapon	-991.924988 5755.830078 74.372902	0.000 0.000 0.000
ttt_random_weapon	-1692.459961 5760.060059 74.372902	0.000 0.000 0.000
ttt_random_weapon	-1692.869995 5826.359863 74.372902	0.000 0.000 0.000
ttt_random_weapon	-1701.229980 5882.240234 74.372902	0.000 0.000 0.000
ttt_random_weapon	-2233.379883 5734.160156 58.372898	0.000 0.000 0.000
ttt_random_weapon	-2440.850098 5729.819824 58.372898	0.000 0.000 0.000
ttt_random_weapon	-1846.880005 5184.459961 58.372898	0.000 0.000 0.000
ttt_random_weapon	-1836.069946 5216.330078 58.372898	0.000 0.000 0.000
ttt_random_weapon	-1216.810059 5223.000000 58.372898	0.000 0.000 0.000
ttt_random_weapon	-1019.000000 -1109.000000 -443.000000	0.000 90.000 0.000
ttt_random_weapon	-1119.170044 -877.002014 -443.000000	0.000 359.500 0.000
ttt_random_weapon	-1120.000000 -857.994019 -443.000000	0.000 359.500 0.000
ttt_random_weapon	-666.000000 813.000000 -438.000000	0.000 83.500 0.000
ttt_random_weapon	-775.000000 -724.000000 121.000000	0.000 0.000 0.000
weapon_zm_sledge	1009.000000 209.000000 -137.000000	0.000 270.000 0.000
weapon_zm_sledge	696.000000 -119.000000 133.858002	0.000 272.500 0.000
weapon_zm_sledge	1648.750000 -429.000000 113.000000	0.000 0.000 0.000
weapon_zm_sledge	-784.018982 1429.189941 131.011993	0.000 90.000 0.000
weapon_zm_sledge	703.700989 1079.849976 244.858002	0.000 0.000 0.000
weapon_zm_sledge	1472.000000 1476.000000 279.432007	0.000 269.500 0.000
weapon_zm_sledge	-659.000000 935.000000 116.858002	0.000 0.000 0.000
weapon_zm_sledge	-711.000000 960.000000 116.858002	0.000 276.500 0.000
weapon_zm_sledge	-1136.439941 3119.370117 84.857803	0.000 0.000 0.000
weapon_ttt_smg	882.060364 -255.609406 152.924942	5.146 -2.165 -0.564
weapon_ttt_m16	916.000000 -531.000000 164.000000	0.000 96.000 -97.500
weapon_ttt_m16	833.987976 -602.000000 -447.000000	0.000 0.000 90.500
weapon_ttt_m16	833.827026 -729.000000 -446.000000	0.000 0.000 90.500
weapon_ttt_m16	-783.901978 1821.319946 160.082993	-0.484 89.875 -75.499
weapon_ttt_m16	-783.901978 1862.319946 160.082993	-0.484 89.875 -75.499
weapon_ttt_m16	-616.000000 120.000000 156.000000	0.000 284.000 -89.500
weapon_ttt_m16	-1437.069946 1426.000000 126.000000	0.000 0.000 88.500
weapon_ttt_m16	-1486.069946 1426.000000 126.000000	0.000 0.000 88.500
weapon_ttt_m16	-612.945740 -241.090317 108.942833	0.000 90.960 90.500
weapon_ttt_m16	-2430.860107 4554.569824 62.413399	0.000 94.000 0.000
weapon_ttt_tmp	-1708.239746 5926.434570 70.813530	-0.199 -3.179 -89.439
weapon_ttt_mp5	-612.911560 -171.904251 104.794876	0.097 91.835 84.064
weapon_ttt_galil	-1253.544678 1419.933228 105.405418	0.300 -8.261 -89.615
weapon_ttt_galil	-1200.038330 1419.968262 105.392349	0.472 -8.641 -89.519
weapon_zm_molotov	-711.418030 -516.507019 109.735001	0.000 0.000 0.000
weapon_zm_molotov	-714.374023 -423.308990 109.735001	0.000 0.000 0.000
weapon_zm_molotov	-610.617004 -31.534401 109.735001	0.000 0.000 0.000
weapon_zm_molotov	715.273987 1292.750000 245.735001	0.000 0.000 0.000
weapon_zm_molotov	903.456970 1289.079956 245.735001	0.000 0.000 0.000
weapon_zm_molotov	-1248.380005 1446.010010 149.735001	0.000 0.000 0.000
weapon_zm_molotov	-1259.829956 1445.859985 149.735001	0.000 0.000 0.000
weapon_zm_molotov	-1289.270020 1446.260010 149.735001	0.000 0.000 0.000
weapon_zm_molotov	-1270.729980 1448.469971 149.735001	0.000 0.000 0.000
weapon_zm_molotov	-1724.359985 5919.049805 69.734596	0.000 0.000 0.000
weapon_zm_molotov	-1730.609985 5866.859863 69.734596	0.000 0.000 0.000
weapon_zm_molotov	-1723.969971 5812.229980 69.734596	0.000 0.000 0.000
weapon_zm_molotov	-1729.040039 5748.580078 69.734596	0.000 0.000 0.000
weapon_ttt_sg550	1041.277588 597.849792 134.132523	3.669 -72.586 108.243
ttt_random_ammo	343.972992 -917.525024 -446.998993	0.000 0.000 0.000
ttt_random_ammo	437.020996 -916.335999 -446.998993	0.000 0.000 0.000
ttt_random_ammo	121.830002 -912.375977 -446.998993	0.000 0.000 0.000
ttt_random_ammo	-41.921902 -909.828979 -446.998993	0.000 0.000 0.000
ttt_random_ammo	-131.315994 -909.551025 -446.998993	0.000 0.000 0.000
ttt_random_ammo	202.401001 -918.367004 -446.998993	0.000 0.000 0.000
ttt_random_ammo	-212.699005 -809.979980 -446.998993	0.000 0.000 0.000
ttt_random_ammo	-154.951004 -811.752014 -446.998993	0.000 0.000 0.000
ttt_random_ammo	212.903000 -815.802979 -446.998993	0.000 0.000 0.000
ttt_random_ammo	386.322998 -814.890015 -446.998993	0.000 0.000 0.000
ttt_random_ammo	484.114990 -816.216980 -446.998993	0.000 0.000 0.000
ttt_random_ammo	-1022.559998 1309.699951 93.000603	0.000 0.000 0.000
ttt_random_ammo	-1027.130005 1328.239990 93.000603	0.000 0.000 0.000
ttt_random_ammo	-991.768982 1331.520020 93.000603	0.000 0.000 0.000
ttt_random_ammo	-989.741028 1313.310059 93.000603	0.000 0.000 0.000
ttt_random_ammo	-1784.000000 1277.000000 108.375999	0.000 0.000 0.000
ttt_random_ammo	-1775.000000 1282.000000 108.375999	0.000 0.000 0.000
ttt_random_ammo	-1788.000000 1288.000000 108.375999	0.000 0.000 0.000
ttt_random_ammo	-1763.000000 1290.000000 108.375999	0.000 317.000 0.000
ttt_random_ammo	-1784.000000 1297.000000 108.375999	0.000 0.000 0.000
ttt_random_ammo	-1765.000000 1302.000000 108.375999	0.000 0.000 0.000
ttt_random_ammo	-2681.000000 6031.000000 98.243599	0.000 0.000 0.000
ttt_random_ammo	-2702.909912 6031.000000 98.104797	0.000 0.000 0.000
ttt_random_ammo	-2702.909912 6043.000000 98.104797	0.000 0.000 0.000
ttt_random_ammo	-2681.000000 6043.000000 98.243599	0.000 0.000 0.000
ttt_random_ammo	-1280.000000 1246.000000 108.375999	0.000 90.000 0.000
ttt_random_ammo	-1268.000000 1248.000000 108.375999	0.000 47.000 0.000
ttt_random_ammo	-1275.000000 1227.000000 108.375999	0.000 90.000 0.000
ttt_random_ammo	-1266.000000 1223.000000 108.375999	0.000 90.000 0.000
ttt_random_ammo	-1260.000000 1236.000000 108.375999	0.000 90.000 0.000
ttt_random_ammo	-1255.000000 1227.000000 108.375999	0.000 90.000 0.000
ttt_random_ammo	-1750.000000 5813.000000 76.315201	0.000 0.000 0.000
ttt_random_ammo	-1750.000000 5828.799805 78.341904	0.000 0.000 0.000
ttt_random_ammo	-1750.000000 5848.740234 79.000000	0.000 0.000 0.000
ttt_random_ammo	-1750.000000 5813.000000 101.315002	0.000 0.000 0.000
ttt_random_ammo	-1750.000000 5828.799805 103.342003	0.000 0.000 0.000
ttt_random_ammo	-1750.000000 5848.740234 104.000000	0.000 0.000 0.000
ttt_random_ammo	-1750.000000 5813.000000 138.315002	0.000 0.000 0.000
ttt_random_ammo	-1750.000000 5828.799805 140.341995	0.000 0.000 0.000
ttt_random_ammo	-1750.000000 5848.740234 141.000000	0.000 0.000 0.000
ttt_random_ammo	-1749.709961 5744.259766 138.315002	0.000 0.000 0.000
ttt_random_ammo	-1749.709961 5760.069824 140.341995	0.000 0.000 0.000
ttt_random_ammo	-1749.709961 5780.000000 141.000000	0.000 0.000 0.000
ttt_random_ammo	-1749.709961 5760.069824 103.342003	0.000 0.000 0.000
ttt_random_ammo	-1749.709961 5744.259766 101.315002	0.000 0.000 0.000
ttt_random_ammo	-1749.709961 5780.000000 104.000000	0.000 0.000 0.000
ttt_random_ammo	-1749.709961 5780.000000 79.000000	0.000 0.000 0.000
ttt_random_ammo	-1749.709961 5760.069824 78.341904	0.000 0.000 0.000
ttt_random_ammo	-1749.709961 5744.259766 76.315201	0.000 0.000 0.000
ttt_random_ammo	-1749.709961 5877.259766 138.315002	0.000 0.000 0.000
ttt_random_ammo	-1749.709961 5893.069824 140.341995	0.000 0.000 0.000
ttt_random_ammo	-1749.709961 5913.000000 141.000000	0.000 0.000 0.000
ttt_random_ammo	-1749.709961 5893.069824 103.342003	0.000 0.000 0.000
ttt_random_ammo	-1749.709961 5877.259766 101.315002	0.000 0.000 0.000
ttt_random_ammo	-1749.709961 5913.000000 104.000000	0.000 0.000 0.000
ttt_random_ammo	-1749.709961 5913.000000 79.000000	0.000 0.000 0.000
ttt_random_ammo	-1749.709961 5893.069824 78.341904	0.000 0.000 0.000
ttt_random_ammo	-1749.709961 5877.259766 76.315201	0.000 0.000 0.000
ttt_random_ammo	-932.000000 5884.000000 138.315002	0.000 0.000 0.000
ttt_random_ammo	-932.000000 5899.799805 140.341995	0.000 0.000 0.000
ttt_random_ammo	-932.000000 5919.740234 141.000000	0.000 0.000 0.000
ttt_random_ammo	-932.000000 5899.799805 103.342003	0.000 0.000 0.000
ttt_random_ammo	-932.000000 5884.000000 101.315002	0.000 0.000 0.000
ttt_random_ammo	-932.000000 5919.740234 104.000000	0.000 0.000 0.000
ttt_random_ammo	-932.000000 5919.740234 79.000000	0.000 0.000 0.000
ttt_random_ammo	-932.000000 5899.799805 78.341904	0.000 0.000 0.000
ttt_random_ammo	-932.000000 5884.000000 76.315201	0.000 0.000 0.000
ttt_random_ammo	-932.288025 5855.470215 104.000000	0.000 0.000 0.000
ttt_random_ammo	-932.288025 5835.540039 103.342003	0.000 0.000 0.000
ttt_random_ammo	-932.288025 5819.740234 101.315002	0.000 0.000 0.000
ttt_random_ammo	-932.288025 5819.740234 76.315201	0.000 0.000 0.000
ttt_random_ammo	-932.288025 5835.540039 78.341904	0.000 0.000 0.000
ttt_random_ammo	-932.288025 5855.470215 79.000000	0.000 0.000 0.000
ttt_random_ammo	-932.288025 5855.470215 141.000000	0.000 0.000 0.000
ttt_random_ammo	-932.288025 5835.540039 140.341995	0.000 0.000 0.000
ttt_random_ammo	-932.288025 5819.740234 138.315002	0.000 0.000 0.000
ttt_random_ammo	-932.000000 5751.000000 138.315002	0.000 0.000 0.000
ttt_random_ammo	-932.000000 5766.799805 140.341995	0.000 0.000 0.000
ttt_random_ammo	-932.000000 5786.740234 141.000000	0.000 0.000 0.000
ttt_random_ammo	-932.000000 5786.740234 104.000000	0.000 0.000 0.000
ttt_random_ammo	-932.000000 5766.799805 103.342003	0.000 0.000 0.000
ttt_random_ammo	-932.000000 5751.000000 101.315002	0.000 0.000 0.000
ttt_random_ammo	-932.000000 5751.000000 76.315201	0.000 0.000 0.000
ttt_random_ammo	-932.000000 5766.799805 78.341904	0.000 0.000 0.000
ttt_random_ammo	-932.000000 5786.740234 79.000000	0.000 0.000 0.000
ttt_random_ammo	-946.557983 -916.554993 -42.999401	0.000 0.000 0.000
ttt_random_ammo	-923.596985 -914.556030 -42.999401	0.000 0.000 0.000
ttt_random_ammo	-898.669983 -912.820984 -42.999401	0.000 0.000 0.000
ttt_random_ammo	-917.481995 -876.000000 -42.999401	0.000 0.000 0.000
ttt_random_ammo	-892.723022 -876.443970 -42.999401	0.000 0.000 0.000
ttt_random_ammo	-944.138000 -877.906006 -42.999401	0.000 0.000 0.000
ttt_random_ammo	-968.913025 -879.440979 -42.999401	0.000 0.000 0.000
ttt_random_ammo	-1430.709961 5312.000000 101.315002	0.000 0.000 0.000
ttt_random_ammo	-1430.709961 5327.799805 103.342003	0.000 0.000 0.000
ttt_random_ammo	-1430.709961 5347.740234 104.000000	0.000 0.000 0.000
ttt_random_ammo	-1430.709961 5347.740234 79.000000	0.000 0.000 0.000
ttt_random_ammo	-1430.709961 5327.799805 78.341904	0.000 0.000 0.000
ttt_random_ammo	-1430.709961 5312.000000 76.315201	0.000 0.000 0.000
ttt_random_ammo	-1430.709961 5312.000000 138.315002	0.000 0.000 0.000
ttt_random_ammo	-1430.709961 5327.799805 140.341995	0.000 0.000 0.000
ttt_random_ammo	-1430.709961 5347.740234 141.000000	0.000 0.000 0.000
ttt_random_ammo	-418.954010 2434.590088 81.000603	0.000 0.000 0.000
ttt_random_ammo	-417.299988 2465.969971 81.000603	0.000 0.000 0.000
ttt_random_ammo	-419.045990 2505.479980 81.000603	0.000 0.000 0.000
ttt_random_ammo	-362.290009 2518.679932 81.000603	0.000 0.000 0.000
ttt_random_ammo	-354.571014 2474.020020 81.000603	0.000 0.000 0.000
ttt_random_ammo	-355.479004 2440.989990 81.000603	0.000 0.000 0.000
ttt_random_ammo	-1544.729980 1782.489990 129.001007	0.000 0.000 0.000
ttt_random_ammo	-1545.680054 1867.219971 129.001007	0.000 0.000 0.000
ttt_random_ammo	-1546.400024 1698.930054 129.001007	0.000 0.000 0.000
ttt_random_ammo	-1040.000000 -1110.000000 -443.000000	0.000 90.000 0.000
ttt_random_ammo	-1119.339966 -897.000977 -443.000000	0.000 359.500 0.000
ttt_random_ammo	-1119.520020 -917.000977 -443.000000	0.000 359.500 0.000
ttt_random_ammo	-1119.689941 -937.000000 -443.000000	0.000 359.500 0.000
weapon_zm_rifle	-1018.000000 212.000000 242.000000	-72.411 6.150 -117.980
weapon_zm_rifle	-1000.000000 1209.000000 198.000000	0.000 177.500 -94.500
weapon_zm_rifle	-1087.000000 1209.000000 198.000000	0.000 177.500 -94.500
weapon_zm_rifle	-784.380005 1665.280029 157.143005	0.866 90.500 -59.996
weapon_zm_rifle	-784.380005 1665.280029 132.143005	0.866 90.500 -59.996
weapon_zm_rifle	-784.380005 1665.280029 110.142998	0.866 90.500 -59.996
weapon_zm_rifle	1008.000000 1056.000000 242.957993	0.000 0.000 0.000
weapon_zm_rifle	-2884.000000 5922.000000 423.000000	1.489 277.002 90.183
weapon_zm_rifle	-1486.069946 1426.000000 146.000000	0.000 0.000 88.500
weapon_zm_rifle	-1430.069946 1426.000000 146.000000	0.000 0.000 88.500
weapon_zm_rifle	1078.208252 595.342712 122.111023	-0.383 -69.055 91.475
weapon_ttt_glock	-866.000000 -574.000000 125.000000	0.000 250.000 0.000
weapon_ttt_glock	-789.000000 1229.000000 134.000000	6.523 299.711 -85.291
weapon_ttt_glock	-789.000000 1283.000000 134.000000	6.523 299.711 -85.291
weapon_ttt_glock	-789.000000 1256.000000 134.000000	6.523 299.711 -85.291
weapon_ttt_glock	-1077.569946 1208.000000 145.000000	0.000 0.000 89.500
weapon_ttt_glock	-1115.569946 1208.000000 145.000000	0.000 0.000 89.500
weapon_ttt_glock	1460.000000 1420.000000 276.938995	0.000 0.000 0.000
weapon_ttt_glock	-1519.709961 1446.189941 146.932007	0.000 0.000 0.000
weapon_ttt_glock	-1482.219971 1444.969971 146.932007	0.000 0.000 0.000
weapon_ttt_glock	-1497.500000 1444.630005 146.932007	0.000 0.000 0.000
weapon_zm_mac10	991.000000 226.000000 -164.000000	0.000 0.000 91.000
weapon_zm_mac10	-794.000000 1805.000000 131.613007	0.000 0.000 -92.500
weapon_zm_mac10	-794.000000 1859.000000 131.613007	0.000 0.000 -92.500
weapon_zm_mac10	-1022.380005 1210.000000 176.000000	0.000 0.000 88.500
weapon_zm_mac10	-1071.380005 1210.000000 176.000000	0.000 0.000 88.500
weapon_zm_mac10	-1121.380005 1210.000000 176.000000	0.000 0.000 88.500
weapon_zm_mac10	1008.000000 1344.000000 245.470993	0.000 0.000 0.000
weapon_zm_mac10	-2804.000000 6240.000000 67.000000	0.000 0.000 -90.500
weapon_zm_mac10	-1408.099976 6121.700195 229.470993	0.000 0.000 0.000
weapon_zm_mac10	-1171.000000 1444.000000 125.000000	0.000 0.000 -85.000
weapon_zm_mac10	-1189.359985 1446.000000 125.000000	0.000 0.000 -87.000
weapon_zm_mac10	-1031.000000 -291.000000 145.000000	0.000 190.000 88.500
weapon_zm_mac10	-2653.050049 6044.959961 69.471199	0.000 0.000 0.000
weapon_zm_mac10	-2269.520020 5822.669922 213.470993	0.000 0.000 0.000
weapon_zm_mac10	-706.000000 986.000000 -419.000000	-10.460 244.925 84.915
weapon_ttt_p228	1452.151733 237.117477 171.513428	-0.750 37.174 90.057
weapon_ttt_p228	-850.002991 145.399353 234.622360	36.413 0.249 0.306
weapon_ttt_p228	-1442.404907 -320.615234 103.591309	-0.791 39.210 90.099
weapon_zm_pistol	956.000000 -254.000000 144.000000	0.000 0.000 0.000
weapon_zm_pistol	-785.914001 1401.000000 155.000000	0.000 0.000 -90.500
weapon_zm_pistol	-785.914001 1461.000000 155.000000	0.000 0.000 -90.500
weapon_zm_pistol	-1010.409973 1209.000000 145.000000	0.000 0.000 89.000
weapon_zm_pistol	-1039.410034 1209.000000 145.000000	0.000 0.000 89.000
weapon_zm_pistol	-1408.000000 6129.000000 260.022003	0.000 0.000 0.000
weapon_zm_pistol	-1419.160034 6129.000000 262.000000	0.000 0.000 0.000
weapon_zm_pistol	-913.914978 47.153599 106.723000	0.000 0.000 0.000
weapon_zm_pistol	-1036.290039 -307.898010 106.723000	0.000 0.000 0.000
weapon_ttt_confgrenade	-676.109009 1463.689941 92.487099	0.000 0.000 0.000
weapon_ttt_confgrenade	-678.211975 1603.209961 92.487099	0.000 0.000 0.000
weapon_ttt_confgrenade	-1167.430054 1545.150024 108.487000	0.000 0.000 0.000
weapon_ttt_confgrenade	-1197.209961 1546.250000 108.487000	0.000 0.000 0.000
weapon_ttt_confgrenade	-1179.670044 1547.229980 108.487000	0.000 0.000 0.000
weapon_ttt_confgrenade	-953.310974 5914.479980 68.487099	0.000 0.000 0.000
weapon_ttt_confgrenade	-959.369995 5890.390137 68.487099	0.000 0.000 0.000
weapon_ttt_confgrenade	-955.835999 5852.580078 68.487099	0.000 0.000 0.000
weapon_ttt_confgrenade	-956.877991 5805.689941 68.487099	0.000 0.000 0.000
weapon_zm_shotgun	601.262024 -742.721985 75.488701	0.000 0.000 86.500
weapon_zm_shotgun	960.000000 257.000000 132.488998	0.000 87.500 85.500
weapon_zm_shotgun	-944.955017 -324.333008 -444.510986	0.000 144.000 0.000
weapon_zm_shotgun	-787.000000 1225.589966 154.000000	0.357 90.351 -45.499
weapon_zm_shotgun	-787.000000 1275.589966 154.000000	0.357 90.351 -45.499
weapon_zm_shotgun	-1204.640015 98.867599 107.488998	0.000 0.000 -88.500
weapon_zm_shotgun	-1203.880005 192.514008 107.488998	0.000 0.000 -82.500
weapon_zm_shotgun	-1358.380005 1428.339966 127.488998	0.000 0.000 88.500
weapon_zm_shotgun	-1304.380005 1428.000000 127.000000	0.000 0.000 87.500
weapon_zm_shotgun	-796.726990 177.106003 235.488998	0.000 0.000 0.000
weapon_zm_shotgun	1435.569946 250.419998 132.488998	0.000 91.500 0.000
weapon_zm_shotgun	-1126.260010 4207.720215 51.488701	0.000 0.000 0.000
weapon_zm_shotgun	-2290.909912 6190.080078 67.488602	0.000 0.000 0.000
weapon_zm_shotgun	-771.000000 -1027.000000 -443.000000	0.000 180.000 0.000
weapon_zm_shotgun	-850.000000 767.000000 -409.000000	0.000 83.000 -87.000
weapon_ttt_famas	-1448.501343 1557.699097 125.347321	-0.162 -9.096 -90.177
weapon_ttt_famas	-1499.860229 1556.644165 125.369804	-0.092 -16.712 -90.378
weapon_zm_revolver	-1050.000000 -474.000000 -423.000000	-1.377 316.517 -89.951
weapon_zm_revolver	-783.148987 1433.180054 156.876999	2.580 92.366 -47.447
weapon_zm_revolver	-992.000000 1320.000000 141.000000	0.000 61.000 90.000
weapon_zm_revolver	-1004.000000 1332.000000 141.000000	0.000 317.000 90.000
weapon_zm_revolver	-1169.000000 1548.650024 144.410995	0.000 0.000 87.000
weapon_zm_revolver	-1191.000000 1548.770020 145.759003	0.000 0.000 87.000
weapon_zm_revolver	-1209.000000 1548.839966 146.000000	0.000 0.000 87.000
weapon_zm_revolver	1195.060059 300.674988 131.998001	0.000 0.000 0.000
weapon_zm_revolver	1008.869995 300.878998 131.998001	0.000 0.000 0.000
weapon_zm_revolver	-805.327026 1042.510010 -423.000000	-1.377 224.517 -89.951
weapon_ttt_aug	-1304.190430 1558.568604 145.656036	-1.722 -9.195 -83.910
weapon_ttt_aug	-1359.307617 1558.539429 145.558014	-1.308 -9.411 -83.278
weapon_ttt_sg552	349.687317 662.605469 93.525909	-0.628 93.990 89.909
