# Trouble in Terrorist Town weapon/ammo placement overrides
# For map: ttt_bank_b13
# Exported by: dduudu
setting:	replacespawns 1
ttt_playerspawn	5444.152832 5013.234863 4736.532227	-0.066 -0.000 0.067
ttt_playerspawn	5549.111816 5009.443359 4736.543945	-0.053 -0.000 0.056
ttt_playerspawn	5689.248047 5260.668945 4736.520508	-0.077 -0.000 0.077
ttt_playerspawn	5798.588379 5260.643066 4736.514648	-0.083 -0.000 0.083
ttt_playerspawn	5901.326660 5263.027832 4736.527832	-0.070 -0.000 0.070
ttt_playerspawn	6006.292969 5265.817871 4736.548340	-0.051 -0.000 0.051
ttt_playerspawn	6125.851074 5268.933105 4736.565430	0.048 -0.000 -0.048
ttt_playerspawn	5305.497070 5259.273438 4736.524414	-0.074 -0.000 0.074
ttt_playerspawn	5197.380859 5258.330078 4736.548340	-0.051 -0.000 0.051
ttt_playerspawn	5079.052734 5257.594727 4736.524414	-0.074 -0.000 0.074
ttt_playerspawn	4974.071289 5255.569336 4736.539551	-0.060 -0.000 0.058
ttt_playerspawn	4869.090820 5253.545898 4736.532227	-0.067 -0.000 0.066
ttt_playerspawn	4203.238281 5257.680176 4736.516113	-0.082 -0.000 0.082
ttt_playerspawn	4327.311523 5262.286621 4736.549316	-0.052 -0.000 0.048
ttt_playerspawn	4815.275391 5610.713867 4736.526855	-0.072 -0.000 0.071
ttt_playerspawn	4814.367188 5702.146484 4736.559570	-0.044 -0.000 0.033
ttt_playerspawn	4819.589355 5800.252441 4736.514648	-0.083 -0.000 0.083
ttt_playerspawn	4816.649902 5899.820313 4736.542969	-0.057 -0.000 0.054
ttt_playerspawn	4818.111816 5995.300781 4736.552734	0.066 -0.000 -0.065
ttt_playerspawn	5790.450195 6743.463867 4744.467285	-0.013 0.000 -0.013
ttt_playerspawn	5789.865723 6643.794434 4744.533691	-0.007 0.000 -0.007
ttt_playerspawn	5788.020020 6549.575195 4744.513184	-0.009 0.000 -0.009
ttt_playerspawn	5773.880859 7267.241211 4744.536621	-0.061 -0.000 0.061
ttt_playerspawn	5705.458984 7322.958008 4744.527832	-0.070 -0.000 0.070
ttt_playerspawn	5634.395996 7397.843262 4744.519531	-0.078 -0.000 0.078
ttt_playerspawn	5322.515137 7465.787109 4744.536621	-0.062 -0.000 0.061
ttt_playerspawn	6978.555664 6189.487305 4736.522949	-0.075 -0.000 0.075
ttt_playerspawn	6978.274902 6292.644043 4736.554688	0.062 -0.000 -0.062
ttt_playerspawn	6976.221680 6382.427246 4736.546387	0.075 -0.000 -0.075
ttt_playerspawn	6975.697754 6481.605469 4736.540039	-0.058 -0.000 0.058
ttt_playerspawn	6975.016602 6577.606445 4736.527832	-0.070 -0.000 0.070
ttt_playerspawn	6975.666504 7917.770508 4736.551758	-0.047 -0.000 0.047
ttt_playerspawn	6839.711914 7763.891602 4736.572754	0.036 0.000 -0.036
ttt_playerspawn	6739.725098 7759.562500 4736.511230	-0.087 -0.000 0.087
ttt_playerspawn	6974.498047 7569.636719 4736.537598	-0.061 -0.000 0.061
ttt_playerspawn	6977.951172 7472.195801 4736.546387	-0.052 -0.000 0.052
ttt_playerspawn	6952.746094 5281.975098 4736.544922	-0.054 -0.000 0.054
ttt_playerspawn	6976.435059 5420.542969 4736.521973	-0.076 -0.000 0.076
ttt_playerspawn	6977.255371 5521.750488 4736.541992	-0.056 -0.000 0.056
ttt_playerspawn	6808.132324 5261.209961 4736.526855	-0.072 -0.000 0.072
ttt_playerspawn	6709.088867 5259.381836 4736.524414	-0.074 -0.000 0.074
weapon_ttt_ak47	5688.974121 6635.036133 4758.389648	-3.325 90.022 -78.404
item_box_buckshot_ttt	6365.279785 6774.290039 4824.109863	0.000 282.000 0.000
item_box_buckshot_ttt	6354.000000 6782.000000 4824.109863	0.000 235.500 0.000
item_box_buckshot_ttt	6154.629883 6775.319824 4824.109863	0.000 235.500 0.000
item_box_buckshot_ttt	6104.069824 6774.089844 4824.109863	0.000 280.500 0.000
item_box_buckshot_ttt	6615.399902 6911.589844 4824.109863	0.000 10.500 0.000
item_box_buckshot_ttt	4695.910156 6474.000000 4793.859863	0.000 62.000 0.000
item_box_buckshot_ttt	5752.332031 6088.142578 5014.762695	-0.439 -0.006 0.359
item_box_buckshot_ttt	5739.965332 6088.342285 5014.736328	-0.655 -0.006 0.534
weapon_ttt_smokegrenade	5337.609863 7485.609863 4365.370117	0.000 0.000 0.000
weapon_ttt_smokegrenade	5114.279785 6047.080078 5017.040039	0.000 0.000 0.000
weapon_ttt_smokegrenade	5106.810059 6053.709961 5017.040039	0.000 0.000 0.000
weapon_ttt_smokegrenade	5107.479980 6046.270020 5017.040039	0.000 0.000 0.000
weapon_ttt_smokegrenade	5114.250000 6053.859863 5017.040039	0.000 0.000 0.000
item_ammo_357_ttt	5534.879883 6659.410156 5014.279785	0.000 108.023 0.000
item_ammo_357_ttt	6309.765137 6996.742188 5014.471680	1.764 0.122 -0.855
item_ammo_357_ttt	6309.957520 6985.465332 5014.368652	0.467 0.058 0.037
item_ammo_357_ttt	5287.900879 6647.252930 5014.336914	0.464 0.065 0.048
item_ammo_357_ttt	5287.314453 6636.879395 5014.305664	0.461 0.081 0.060
item_ammo_357_ttt	5627.342285 6948.064941 5014.436523	1.112 0.053 -0.916
item_ammo_357_ttt	5627.082031 6959.268066 5014.379395	0.468 0.058 0.033
item_ammo_revolver_ttt	5863.259766 6190.470215 4392.870117	0.000 180.000 0.000
item_ammo_revolver_ttt	5878.660156 6171.689941 4392.870117	0.000 6.000 0.000
item_ammo_revolver_ttt	5886.020020 6192.229980 4392.870117	0.000 253.037 0.000
item_ammo_revolver_ttt	5323.990234 7548.950195 4360.910156	0.000 253.037 0.000
item_ammo_revolver_ttt	5307.520020 7549.819824 4360.910156	0.000 180.000 0.000
item_ammo_revolver_ttt	5316.959961 7536.779785 4360.910156	0.000 6.000 0.000
item_ammo_revolver_ttt	4219.160156 6344.529785 4849.290039	0.000 6.000 0.000
item_ammo_revolver_ttt	4226.180176 6356.700195 4849.290039	0.000 253.037 0.000
item_ammo_revolver_ttt	4209.720215 6357.569824 4849.290039	0.000 180.000 0.000
item_ammo_revolver_ttt	5255.060059 7918.830078 4808.910156	0.000 6.000 0.000
item_ammo_revolver_ttt	5262.080078 7931.000000 4808.910156	0.000 253.037 0.000
item_ammo_revolver_ttt	5245.620117 7931.879883 4808.910156	0.000 180.000 0.000
item_ammo_revolver_ttt	6933.839844 7341.479980 4744.279785	0.000 6.000 0.000
item_ammo_revolver_ttt	6940.870117 7353.649902 4744.279785	0.000 253.037 0.000
item_ammo_revolver_ttt	6924.399902 7354.529785 4744.279785	0.000 180.000 0.000
item_ammo_revolver_ttt	6908.529785 5066.049805 4752.279785	0.000 6.000 0.000
item_ammo_revolver_ttt	6915.549805 5078.220215 4752.279785	0.000 253.037 0.000
item_ammo_revolver_ttt	6899.089844 5079.089844 4752.279785	0.000 180.000 0.000
item_ammo_revolver_ttt	6496.060059 7082.569824 4296.279785	0.000 6.000 0.000
item_ammo_revolver_ttt	6503.089844 7094.729980 4296.279785	0.000 253.037 0.000
item_ammo_revolver_ttt	6486.620117 7095.609863 4296.279785	0.000 180.000 0.000
item_ammo_revolver_ttt	6326.330078 6769.310059 4744.279785	0.000 312.000 0.000
item_ammo_revolver_ttt	6308.330078 6769.310059 4744.279785	0.000 266.000 0.000
item_ammo_revolver_ttt	5346.652832 5482.141113 4744.328125	0.452 0.069 0.058
item_ammo_revolver_ttt	5355.839355 5482.224121 4744.410645	0.467 0.053 0.024
item_ammo_revolver_ttt	6625.851563 6696.114258 5014.415527	0.998 0.064 -1.128
item_ammo_revolver_ttt	6625.934082 6707.072754 5014.431641	1.235 0.252 -1.077
item_ammo_smg1_ttt	5681.262207 6692.808105 4744.422363	0.473 -0.004 0.306
item_ammo_smg1_ttt	5595.022461 5492.115723 4744.503906	-0.329 0.012 -0.270
item_ammo_smg1_ttt	5578.623047 5491.977539 4744.417480	0.396 -0.005 0.254
item_ammo_smg1_ttt	6315.754395 7022.458984 4984.479492	-0.207 -0.000 0.021
item_ammo_smg1_ttt	6334.585449 7022.008301 4984.456055	0.662 0.026 -0.134
item_ammo_smg1_ttt	6544.937500 7024.074219 4984.530762	-0.510 0.025 -0.121
item_ammo_smg1_ttt	6559.695801 7024.050293 4984.512695	-0.803 0.061 -0.190
item_ammo_smg1_ttt	6432.860352 7024.055176 4984.500488	-0.825 -0.091 -0.127
item_ammo_smg1_ttt	6447.555176 7024.068848 4984.493164	-0.315 -0.171 -0.057
item_ammo_smg1_ttt	6445.954590 6700.048828 4984.479980	-1.184 0.029 -0.270
item_ammo_smg1_ttt	6429.179199 6700.052734 4984.495117	-0.637 -0.153 -0.112
item_ammo_smg1_ttt	6318.277832 6704.621094 4984.386230	0.088 -0.005 0.047
item_ammo_smg1_ttt	6332.010742 6705.521973 4984.388672	0.099 -0.005 0.054
item_ammo_smg1_ttt	5752.633789 5950.113281 5014.865234	-0.000 1.216 0.000
item_ammo_smg1_ttt	5737.804688 5950.349121 5014.865234	-0.000 -0.270 0.000
item_ammo_smg1_ttt	5752.303223 5993.712402 5014.705566	0.205 -0.006 0.124
item_ammo_smg1_ttt	5737.793945 5993.680664 5014.760742	-0.540 -0.202 0.303
item_ammo_pistol_ttt	6372.000000 6776.000000 4756.290039	0.000 242.000 0.000
item_ammo_pistol_ttt	6394.000000 6774.000000 4754.479980	0.000 159.000 0.000
item_ammo_pistol_ttt	6471.290039 6775.930176 4744.279785	0.000 159.000 0.000
item_ammo_pistol_ttt	6522.859863 6774.129883 4744.279785	0.000 242.000 0.000
item_ammo_pistol_ttt	6051.512207 7330.348633 5019.211914	0.025 3.937 -0.196
item_ammo_pistol_ttt	6060.322266 7330.765137 5019.565918	0.142 4.578 0.006
item_ammo_pistol_ttt	6216.187500 7021.377441 5014.441895	-0.290 0.115 -0.376
item_ammo_pistol_ttt	6207.778809 7021.416504 5014.450684	-0.240 0.150 -0.391
item_ammo_pistol_ttt	5753.539063 6049.191406 5014.687012	-0.099 -0.020 -0.029
item_ammo_pistol_ttt	5744.875488 6048.659180 5014.660645	-0.122 -0.020 -0.036
weapon_ttt_g3sg1	6376.616699 6982.085938 5022.416504	-0.836 167.821 88.472
ttt_random_weapon	5613.649902 7577.240234 4884.100098	0.000 0.000 0.000
ttt_random_weapon	5329.770020 7003.290039 4305.370117	0.000 0.000 0.000
ttt_random_weapon	6966.390137 5775.649902 4753.370117	0.000 0.000 0.000
ttt_random_weapon	5763.080078 7584.169922 4884.100098	0.000 0.000 0.000
ttt_random_weapon	6404.250000 6035.729980 4753.370117	0.000 90.000 0.000
ttt_random_weapon	6727.910156 7615.379883 4753.370117	0.000 90.000 0.000
ttt_random_weapon	4539.930176 7679.220215 4753.370117	0.000 90.000 0.000
ttt_random_weapon	6281.919922 6887.950195 4356.149902	0.000 0.000 0.000
ttt_random_weapon	6167.060059 7862.319824 4753.370117	0.000 0.000 0.000
ttt_random_weapon	7045.850098 7296.279785 4753.370117	0.000 0.000 0.000
ttt_random_weapon	6994.399902 5052.290039 4819.950195	0.000 0.000 0.000
ttt_random_weapon	4630.399902 5286.109863 4753.370117	0.000 0.000 0.000
ttt_random_weapon	5113.009766 7714.790039 4753.370117	0.000 0.000 0.000
ttt_random_weapon	5302.180176 7503.810059 4370.000000	0.000 0.000 0.000
ttt_random_weapon	5835.979980 7660.020020 4409.379883	0.000 0.000 0.000
ttt_random_weapon	6020.020020 7203.600098 4370.000000	0.000 0.000 0.000
ttt_random_weapon	4235.200195 6306.899902 4858.379883	0.000 0.000 0.000
ttt_random_weapon	4134.580078 7207.930176 4753.370117	0.000 0.000 0.000
ttt_random_weapon	5269.390137 7973.810059 4753.370117	0.000 0.000 0.000
ttt_random_weapon	7194.209961 6542.950195 4858.379883	0.000 0.000 0.000
ttt_random_weapon	7271.120117 5218.520020 4753.370117	0.000 0.000 0.000
ttt_random_weapon	5807.089844 6695.520020 4993.370117	0.000 90.000 0.000
ttt_random_weapon	5129.629883 7098.839844 4993.370117	0.000 90.000 0.000
ttt_random_weapon	5998.339844 7442.229980 4993.370117	0.000 90.000 0.000
ttt_random_weapon	6127.790039 7353.439941 4753.370117	0.000 90.000 0.000
ttt_random_weapon	5187.089844 5994.560059 4778.049805	0.000 90.000 0.000
ttt_random_weapon	5855.970215 6256.229980 4353.370117	0.000 90.000 0.000
ttt_random_weapon	6019.680176 6823.689941 4778.000000	0.000 174.000 0.000
ttt_random_weapon	6021.000000 6822.000000 4805.000000	0.000 0.000 0.000
ttt_random_weapon	6020.979980 6824.580078 4751.000000	0.000 4.000 0.000
ttt_random_weapon	6088.720215 6819.750000 4753.000000	0.000 0.000 0.000
ttt_random_weapon	6088.700195 6821.330078 4780.000000	0.000 4.000 0.000
ttt_random_weapon	6087.299805 6822.770020 4805.000000	0.000 198.000 0.000
ttt_random_weapon	6214.939941 6865.189941 4753.370117	0.000 0.000 0.000
ttt_random_weapon	5666.620117 7438.589844 4818.000000	0.000 90.000 0.000
ttt_random_weapon	5865.359863 6968.270020 4858.379883	0.000 90.000 0.000
ttt_random_weapon	5233.520020 7342.419922 4785.370117	0.000 90.000 0.000
ttt_random_weapon	5717.240234 6164.569824 4753.370117	0.000 90.000 0.000
ttt_random_weapon	5790.270020 6168.770020 4753.370117	0.000 90.000 0.000
ttt_random_weapon	4068.419922 5981.000000 4373.370117	0.000 270.000 0.000
ttt_random_weapon	4071.000000 5981.020020 4319.370117	0.000 274.000 0.000
ttt_random_weapon	4070.110107 5982.319824 4346.370117	0.000 84.000 0.000
ttt_random_weapon	4071.000000 5805.020020 4319.370117	0.000 274.000 0.000
ttt_random_weapon	4070.110107 5806.319824 4346.370117	0.000 84.000 0.000
ttt_random_weapon	4068.419922 5805.000000 4373.370117	0.000 270.000 0.000
ttt_random_weapon	4201.109863 5805.319824 4346.370117	0.000 84.000 0.000
ttt_random_weapon	4199.419922 5804.000000 4373.370117	0.000 270.000 0.000
ttt_random_weapon	4202.000000 5804.020020 4319.370117	0.000 274.000 0.000
ttt_random_weapon	4169.310059 5800.000000 4346.370117	0.000 264.000 0.000
ttt_random_weapon	4171.000000 5801.319824 4373.370117	0.000 90.000 0.000
ttt_random_weapon	4168.419922 5801.299805 4319.370117	0.000 94.000 0.000
ttt_random_weapon	4164.419922 5982.299805 4319.370117	0.000 94.000 0.000
ttt_random_weapon	4197.109863 5986.319824 4346.370117	0.000 84.000 0.000
ttt_random_weapon	4195.419922 5985.000000 4373.370117	0.000 270.000 0.000
ttt_random_weapon	4198.000000 5985.020020 4319.370117	0.000 274.000 0.000
ttt_random_weapon	4167.000000 5982.319824 4373.370117	0.000 90.000 0.000
ttt_random_weapon	4165.310059 5981.000000 4346.370117	0.000 264.000 0.000
ttt_random_weapon	4266.419922 5981.299805 4319.370117	0.000 94.000 0.000
ttt_random_weapon	4299.109863 5985.319824 4346.370117	0.000 84.000 0.000
ttt_random_weapon	4297.419922 5984.000000 4373.370117	0.000 270.000 0.000
ttt_random_weapon	4300.000000 5984.020020 4319.370117	0.000 274.000 0.000
ttt_random_weapon	4269.000000 5981.319824 4373.370117	0.000 90.000 0.000
ttt_random_weapon	4267.310059 5980.000000 4346.370117	0.000 264.000 0.000
ttt_random_weapon	4270.000000 5801.299805 4319.370117	0.000 94.000 0.000
ttt_random_weapon	4302.689941 5805.319824 4346.370117	0.000 84.000 0.000
ttt_random_weapon	4301.000000 5804.000000 4373.370117	0.000 270.000 0.000
ttt_random_weapon	4303.580078 5804.020020 4319.370117	0.000 274.000 0.000
ttt_random_weapon	4272.580078 5801.319824 4373.370117	0.000 90.000 0.000
ttt_random_weapon	4270.890137 5800.000000 4346.370117	0.000 264.000 0.000
ttt_random_weapon	4252.189941 6828.790039 4818.009766	0.000 0.000 0.000
ttt_random_weapon	4232.609863 7731.899902 4818.009766	0.000 0.000 0.000
ttt_random_weapon	6681.939941 7867.029785 4818.009766	0.000 0.000 0.000
ttt_random_weapon	6065.250000 6529.419922 4753.370117	0.000 90.000 0.000
ttt_random_weapon	6063.669922 6529.399902 4780.370117	0.000 94.000 0.000
ttt_random_weapon	6062.229980 6528.000000 4805.370117	0.000 288.000 0.000
ttt_random_weapon	4236.779785 6958.209961 4819.950195	0.000 0.000 0.000
weapon_zm_sledge	5120.580078 5986.740234 5015.370117	19.000 90.000 0.000
weapon_zm_sledge	6441.506348 7033.965332 5011.738281	12.576 0.625 2.649
weapon_ttt_smg	5736.050781 6067.935547 5016.872070	-1.923 -9.109 -90.306
weapon_ttt_m16	6615.410156 6879.120117 4828.549805	-19.501 90.000 -90.000
weapon_ttt_m16	6120.720215 6773.819824 4828.500000	0.000 0.000 0.000
weapon_ttt_m16	5106.709961 5987.620117 5072.000000	-30.500 90.000 0.000
weapon_ttt_m16	5106.709961 5993.000000 5071.410156	-33.000 270.000 0.000
weapon_ttt_m16	5690.270020 6535.580078 4752.879883	-19.501 90.000 -90.000
weapon_ttt_tmp	5736.493652 6013.686035 5015.831543	-0.071 -7.408 -91.691
weapon_ttt_mp5	6432.480957 6706.673340 5016.427734	0.211 8.774 84.363
weapon_ttt_galil	6328.336914 7031.426758 5017.765137	-1.611 -0.970 87.102
weapon_zm_molotov	5688.049805 6811.149902 4788.729980	0.000 0.000 0.000
weapon_zm_molotov	6431.620117 6768.459961 4788.970215	0.000 0.000 0.000
weapon_zm_molotov	5118.000000 5942.790039 5017.220215	0.000 0.000 0.000
weapon_zm_molotov	5109.950195 5942.720215 5017.220215	0.000 0.000 0.000
weapon_zm_molotov	5109.799805 5933.779785 5017.220215	0.000 0.000 0.000
weapon_zm_molotov	5119.100098 5934.290039 5017.220215	0.000 0.000 0.000
weapon_ttt_sg550	5602.323242 6949.767090 5030.732422	-43.145 -102.663 -76.846
ttt_random_ammo	5607.189941 7175.569824 5014.000000	0.000 0.000 0.000
ttt_random_ammo	5722.399902 7217.779785 4984.000000	0.000 0.000 0.000
ttt_random_ammo	5666.660156 7466.919922 4984.000000	0.000 0.000 0.000
ttt_random_ammo	5507.350098 6851.060059 4984.000000	0.000 0.000 0.000
ttt_random_ammo	5610.020020 6905.939941 5014.000000	0.000 0.000 0.000
ttt_random_ammo	6514.000000 6648.000000 4795.959961	0.000 0.000 0.000
ttt_random_ammo	6265.600098 6650.950195 4768.680176	0.000 0.000 0.000
ttt_random_ammo	5689.830078 6614.419922 4784.000000	0.000 90.000 0.000
ttt_random_ammo	5685.500000 6364.930176 4784.000000	0.000 90.000 0.000
ttt_random_ammo	5842.819824 6234.439941 4784.000000	0.000 180.000 0.000
ttt_random_ammo	5795.850098 7678.029785 4381.790039	0.000 0.000 0.000
ttt_random_ammo	5929.560059 6551.959961 4394.779785	0.000 0.000 0.000
ttt_random_ammo	5689.939941 6924.609863 4346.779785	0.000 0.000 0.000
ttt_random_ammo	5670.919922 7588.810059 4835.009766	0.000 98.000 0.000
ttt_random_ammo	5711.830078 7560.720215 4835.609863	0.000 287.000 0.000
ttt_random_ammo	5646.549805 7631.490234 4831.439941	0.000 264.000 0.000
ttt_random_ammo	5625.770020 7558.680176 4834.479980	0.000 132.000 0.000
ttt_random_ammo	5728.379883 7631.339844 4830.149902	0.000 242.000 0.000
ttt_random_ammo	5717.500000 7588.770020 4874.729980	0.000 98.000 0.000
ttt_random_ammo	5690.379883 6479.339844 4744.000000	0.000 90.000 0.000
ttt_random_ammo	5800.370117 6230.470215 4745.000000	0.000 287.000 0.000
ttt_random_ammo	5292.080078 6978.959961 4297.000000	0.000 132.000 0.000
ttt_random_ammo	5778.529785 7767.859863 4297.000000	0.000 242.000 0.000
ttt_random_ammo	5029.660156 7714.009766 4297.000000	0.000 159.000 0.000
ttt_random_ammo	5547.890137 7473.890137 4744.000000	0.000 168.000 0.000
ttt_random_ammo	6566.790039 6667.359863 4745.000000	0.000 113.000 0.000
ttt_random_ammo	5849.509766 6509.180176 4985.000000	0.000 38.000 0.000
ttt_random_ammo	5525.310059 5915.029785 4985.000000	0.000 7.000 0.000
ttt_random_ammo	5172.109863 7056.350098 4984.000000	0.000 276.000 0.000
ttt_random_ammo	5540.020020 5874.779785 4744.000000	0.000 180.000 0.000
ttt_random_ammo	5535.459961 5893.180176 4744.000000	0.000 180.000 0.000
ttt_random_ammo	6616.000000 6916.000000 4754.000000	0.000 90.000 0.000
ttt_random_ammo	6616.000000 6896.000000 4754.000000	0.000 0.000 0.000
ttt_random_ammo	6616.000000 6874.000000 4754.000000	0.000 0.000 0.000
ttt_random_ammo	6616.000000 6874.000000 4776.500000	0.000 0.000 0.000
ttt_random_ammo	6616.000000 6874.000000 4804.000000	0.000 0.000 0.000
ttt_random_ammo	6616.000000 6896.000000 4804.000000	0.000 0.000 0.000
ttt_random_ammo	6616.000000 6916.000000 4804.000000	0.000 90.500 0.000
ttt_random_ammo	6616.000000 6916.000000 4776.500000	0.000 89.000 0.000
ttt_random_ammo	6616.000000 6896.000000 4776.500000	0.000 0.000 0.000
ttt_random_ammo	6202.830078 7328.520020 5016.870117	0.000 276.000 0.000
ttt_random_ammo	6566.069824 7304.910156 4744.000000	0.000 90.000 0.000
ttt_random_ammo	6426.750000 7308.790039 4744.000000	0.000 90.000 0.000
ttt_random_ammo	6440.979980 6757.830078 4784.240234	0.000 90.000 0.000
ttt_random_ammo	6244.450195 6655.609863 4744.000000	0.000 90.000 0.000
ttt_random_ammo	5859.069824 6252.649902 4744.000000	0.000 90.000 0.000
ttt_random_ammo	5189.850098 6638.620117 4775.580078	0.000 90.000 0.000
ttt_random_ammo	5356.060059 6464.549805 4811.580078	0.000 90.000 0.000
ttt_random_ammo	5355.439941 6420.259766 4811.580078	0.000 90.000 0.000
ttt_random_ammo	5687.290039 6933.560059 4825.830078	0.000 90.000 0.000
ttt_random_ammo	5639.450195 6874.129883 4808.640137	0.000 90.000 0.000
ttt_random_ammo	5773.509766 7357.629883 4784.240234	0.000 90.000 0.000
ttt_random_ammo	5774.870117 7456.419922 4808.629883	0.000 90.000 0.000
ttt_random_ammo	5615.770020 7451.020020 4784.240234	0.000 90.000 0.000
ttt_random_ammo	5236.509766 6905.509766 4776.870117	0.000 90.000 0.000
ttt_random_ammo	5224.180176 6944.830078 4744.000000	0.000 90.000 0.000
ttt_random_ammo	5277.379883 6984.560059 4744.000000	0.000 90.000 0.000
ttt_random_ammo	5856.419922 7236.410156 4784.240234	0.000 90.000 0.000
ttt_random_ammo	5930.689941 7303.379883 4744.000000	0.000 90.000 0.000
ttt_random_ammo	6500.060059 6991.640137 5014.000000	0.000 90.000 0.000
ttt_random_ammo	6065.640137 7258.439941 5047.379883	0.000 90.000 0.000
ttt_random_ammo	6251.720215 7482.529785 5024.000000	0.000 90.000 0.000
ttt_random_ammo	5165.149902 7298.470215 4984.000000	0.000 90.000 0.000
ttt_random_ammo	5118.729980 7316.569824 5047.580078	0.000 90.000 0.000
ttt_random_ammo	5358.790039 7102.549805 5031.160156	0.000 90.000 0.000
ttt_random_ammo	5276.000000 7111.049805 4984.000000	0.000 90.000 0.000
ttt_random_ammo	5219.450195 6696.339844 4984.000000	0.000 90.000 0.000
ttt_random_ammo	6089.720215 6825.729980 4823.810059	0.000 0.000 0.000
ttt_random_ammo	6020.620117 6827.100098 4823.810059	0.000 0.000 0.000
ttt_random_ammo	5928.959961 6830.339844 4744.000000	0.000 0.000 0.000
ttt_random_ammo	6120.459961 6861.470215 4744.000000	0.000 0.000 0.000
ttt_random_ammo	4298.000000 6031.000000 4373.370117	0.000 270.000 0.000
ttt_random_ammo	4297.000000 6052.000000 4373.370117	0.000 270.000 0.000
ttt_random_ammo	4297.000000 6071.000000 4373.370117	0.000 270.000 0.000
ttt_random_ammo	4298.000000 6052.000000 4348.000000	0.000 270.000 0.000
ttt_random_ammo	4298.000000 6071.000000 4348.000000	0.000 270.000 0.000
ttt_random_ammo	4299.000000 6031.000000 4348.000000	0.000 270.000 0.000
ttt_random_ammo	4298.000000 6052.000000 4320.000000	0.000 270.000 0.000
ttt_random_ammo	4298.000000 6071.000000 4320.000000	0.000 270.000 0.000
ttt_random_ammo	4299.000000 6031.000000 4320.000000	0.000 270.000 0.000
ttt_random_ammo	4268.000000 6050.000000 4320.000000	0.000 270.000 0.000
ttt_random_ammo	4268.000000 6069.000000 4320.000000	0.000 270.000 0.000
ttt_random_ammo	4269.000000 6029.000000 4320.000000	0.000 270.000 0.000
ttt_random_ammo	4268.000000 6069.000000 4348.000000	0.000 270.000 0.000
ttt_random_ammo	4268.000000 6050.000000 4348.000000	0.000 270.000 0.000
ttt_random_ammo	4269.000000 6029.000000 4348.000000	0.000 270.000 0.000
ttt_random_ammo	4268.000000 6029.000000 4373.370117	0.000 270.000 0.000
ttt_random_ammo	4267.000000 6050.000000 4373.370117	0.000 270.000 0.000
ttt_random_ammo	4267.000000 6069.000000 4373.370117	0.000 270.000 0.000
ttt_random_ammo	4196.000000 6050.000000 4320.000000	0.000 270.000 0.000
ttt_random_ammo	4196.000000 6069.000000 4320.000000	0.000 270.000 0.000
ttt_random_ammo	4197.000000 6029.000000 4320.000000	0.000 270.000 0.000
ttt_random_ammo	4196.000000 6069.000000 4348.000000	0.000 270.000 0.000
ttt_random_ammo	4196.000000 6050.000000 4348.000000	0.000 270.000 0.000
ttt_random_ammo	4197.000000 6029.000000 4348.000000	0.000 270.000 0.000
ttt_random_ammo	4196.000000 6029.000000 4373.370117	0.000 270.000 0.000
ttt_random_ammo	4195.000000 6050.000000 4373.370117	0.000 270.000 0.000
ttt_random_ammo	4195.000000 6069.000000 4373.370117	0.000 270.000 0.000
ttt_random_ammo	4166.000000 6051.000000 4320.000000	0.000 270.000 0.000
ttt_random_ammo	4166.000000 6070.000000 4320.000000	0.000 270.000 0.000
ttt_random_ammo	4167.000000 6030.000000 4320.000000	0.000 270.000 0.000
ttt_random_ammo	4166.000000 6070.000000 4348.000000	0.000 270.000 0.000
ttt_random_ammo	4166.000000 6051.000000 4348.000000	0.000 270.000 0.000
ttt_random_ammo	4167.000000 6030.000000 4348.000000	0.000 270.000 0.000
ttt_random_ammo	4166.000000 6030.000000 4373.370117	0.000 270.000 0.000
ttt_random_ammo	4165.000000 6051.000000 4373.370117	0.000 270.000 0.000
ttt_random_ammo	4165.000000 6070.000000 4373.370117	0.000 270.000 0.000
ttt_random_ammo	4070.000000 6052.000000 4320.000000	0.000 270.000 0.000
ttt_random_ammo	4070.000000 6071.000000 4320.000000	0.000 270.000 0.000
ttt_random_ammo	4071.000000 6031.000000 4320.000000	0.000 270.000 0.000
ttt_random_ammo	4070.000000 6071.000000 4348.000000	0.000 270.000 0.000
ttt_random_ammo	4070.000000 6052.000000 4348.000000	0.000 270.000 0.000
ttt_random_ammo	4071.000000 6031.000000 4348.000000	0.000 270.000 0.000
ttt_random_ammo	4070.000000 6031.000000 4373.370117	0.000 270.000 0.000
ttt_random_ammo	4069.000000 6052.000000 4373.370117	0.000 270.000 0.000
ttt_random_ammo	4069.000000 6071.000000 4373.370117	0.000 270.000 0.000
ttt_random_ammo	4068.000000 5739.000000 4320.000000	0.000 270.000 0.000
ttt_random_ammo	4068.000000 5758.000000 4320.000000	0.000 270.000 0.000
ttt_random_ammo	4069.000000 5718.000000 4320.000000	0.000 270.000 0.000
ttt_random_ammo	4068.000000 5758.000000 4348.000000	0.000 270.000 0.000
ttt_random_ammo	4068.000000 5739.000000 4348.000000	0.000 270.000 0.000
ttt_random_ammo	4069.000000 5718.000000 4348.000000	0.000 270.000 0.000
ttt_random_ammo	4068.000000 5718.000000 4373.370117	0.000 270.000 0.000
ttt_random_ammo	4067.000000 5739.000000 4373.370117	0.000 270.000 0.000
ttt_random_ammo	4067.000000 5758.000000 4373.370117	0.000 270.000 0.000
ttt_random_ammo	4171.000000 5738.000000 4320.000000	0.000 270.000 0.000
ttt_random_ammo	4171.000000 5757.000000 4320.000000	0.000 270.000 0.000
ttt_random_ammo	4172.000000 5717.000000 4320.000000	0.000 270.000 0.000
ttt_random_ammo	4171.000000 5757.000000 4348.000000	0.000 270.000 0.000
ttt_random_ammo	4171.000000 5738.000000 4348.000000	0.000 270.000 0.000
ttt_random_ammo	4172.000000 5717.000000 4348.000000	0.000 270.000 0.000
ttt_random_ammo	4171.000000 5717.000000 4373.370117	0.000 270.000 0.000
ttt_random_ammo	4170.000000 5738.000000 4373.370117	0.000 270.000 0.000
ttt_random_ammo	4170.000000 5757.000000 4373.370117	0.000 270.000 0.000
ttt_random_ammo	4201.000000 5740.000000 4320.000000	0.000 270.000 0.000
ttt_random_ammo	4201.000000 5759.000000 4320.000000	0.000 270.000 0.000
ttt_random_ammo	4202.000000 5719.000000 4320.000000	0.000 270.000 0.000
ttt_random_ammo	4201.000000 5759.000000 4348.000000	0.000 270.000 0.000
ttt_random_ammo	4201.000000 5740.000000 4348.000000	0.000 270.000 0.000
ttt_random_ammo	4202.000000 5719.000000 4348.000000	0.000 270.000 0.000
ttt_random_ammo	4201.000000 5719.000000 4373.370117	0.000 270.000 0.000
ttt_random_ammo	4200.000000 5740.000000 4373.370117	0.000 270.000 0.000
ttt_random_ammo	4200.000000 5759.000000 4373.370117	0.000 270.000 0.000
ttt_random_ammo	4272.000000 5740.000000 4320.000000	0.000 270.000 0.000
ttt_random_ammo	4272.000000 5759.000000 4320.000000	0.000 270.000 0.000
ttt_random_ammo	4273.000000 5719.000000 4320.000000	0.000 270.000 0.000
ttt_random_ammo	4272.000000 5759.000000 4348.000000	0.000 270.000 0.000
ttt_random_ammo	4272.000000 5740.000000 4348.000000	0.000 270.000 0.000
ttt_random_ammo	4273.000000 5719.000000 4348.000000	0.000 270.000 0.000
ttt_random_ammo	4272.000000 5719.000000 4373.370117	0.000 270.000 0.000
ttt_random_ammo	4271.000000 5740.000000 4373.370117	0.000 270.000 0.000
ttt_random_ammo	4271.000000 5759.000000 4373.370117	0.000 270.000 0.000
ttt_random_ammo	4303.000000 5739.000000 4320.000000	0.000 270.000 0.000
ttt_random_ammo	4303.000000 5758.000000 4320.000000	0.000 270.000 0.000
ttt_random_ammo	4304.000000 5718.000000 4320.000000	0.000 270.000 0.000
ttt_random_ammo	4303.000000 5758.000000 4348.000000	0.000 270.000 0.000
ttt_random_ammo	4303.000000 5739.000000 4348.000000	0.000 270.000 0.000
ttt_random_ammo	4304.000000 5718.000000 4348.000000	0.000 270.000 0.000
ttt_random_ammo	4303.000000 5718.000000 4373.370117	0.000 270.000 0.000
ttt_random_ammo	4302.000000 5739.000000 4373.370117	0.000 270.000 0.000
ttt_random_ammo	4302.000000 5758.000000 4373.370117	0.000 270.000 0.000
ttt_random_ammo	5108.779785 6665.310059 4807.580078	0.000 90.000 0.000
ttt_random_ammo	4459.200195 7337.759766 4841.189941	0.000 90.000 0.000
ttt_random_ammo	4914.910156 7801.899902 4807.350098	0.000 90.000 0.000
ttt_random_ammo	5091.459961 7646.899902 4808.629883	0.000 90.000 0.000
ttt_random_ammo	5583.149902 7894.240234 4744.000000	0.000 90.000 0.000
ttt_random_ammo	6675.009766 7830.729980 4808.629883	0.000 90.000 0.000
ttt_random_ammo	7114.850098 7845.430176 4808.629883	0.000 90.000 0.000
ttt_random_ammo	6909.859863 7388.500000 4792.600098	0.000 90.000 0.000
ttt_random_ammo	7135.520020 6465.240234 4849.009766	0.000 90.000 0.000
ttt_random_ammo	6773.299805 5190.450195 4807.290039	0.000 90.000 0.000
ttt_random_ammo	5960.220215 4898.290039 4744.000000	0.000 90.000 0.000
ttt_random_ammo	4566.470215 5284.890137 4744.000000	0.000 90.000 0.000
ttt_random_ammo	4835.240234 7337.169922 4841.189941	0.000 90.000 0.000
ttt_random_ammo	5610.319824 7626.859863 4874.729980	0.000 90.000 0.000
ttt_random_ammo	6061.000000 6361.000000 4779.629883	0.000 90.000 0.000
ttt_random_ammo	6061.000000 6380.000000 4779.629883	0.000 90.000 0.000
ttt_random_ammo	6060.000000 6401.000000 4779.629883	0.000 90.000 0.000
ttt_random_ammo	6060.000000 6401.000000 4751.629883	0.000 90.000 0.000
ttt_random_ammo	6061.000000 6380.000000 4751.629883	0.000 90.000 0.000
ttt_random_ammo	6061.000000 6361.000000 4751.629883	0.000 90.000 0.000
ttt_random_ammo	6062.000000 6361.000000 4805.000000	0.000 90.000 0.000
ttt_random_ammo	6062.000000 6380.000000 4805.000000	0.000 90.000 0.000
ttt_random_ammo	6061.000000 6401.000000 4805.000000	0.000 90.000 0.000
ttt_random_ammo	4712.500000 6424.100098 4793.569824	0.000 0.000 0.000
ttt_random_ammo	4354.299805 5094.509766 4744.000000	0.000 90.000 0.000
ttt_random_ammo	6208.169922 7431.459961 4984.000000	0.000 73.000 0.000
weapon_zm_rifle	5322.180176 7039.939941 4381.160156	0.000 0.000 90.000
weapon_zm_rifle	5106.129883 5944.890137 5068.129883	-90.000 90.000 0.000
weapon_zm_rifle	5106.370117 6036.109863 5068.879883	-90.000 270.000 0.000
weapon_zm_rifle	5278.302246 6641.209473 5036.001953	-44.190 78.485 -97.823
weapon_ttt_glock	5106.000000 6018.770020 5046.870117	53.500 90.000 180.000
weapon_ttt_glock	5106.000000 6026.770020 5046.870117	53.500 90.000 -180.000
weapon_ttt_glock	5106.000000 6035.000000 5047.000000	53.500 90.000 180.000
weapon_ttt_glock	6224.601563 7027.955078 5015.107910	-0.684 25.127 91.079
weapon_zm_mac10	5744.529785 7730.350098 4386.259766	0.000 0.000 90.000
weapon_zm_mac10	5106.000000 5957.000000 5079.000000	46.000 90.000 0.000
weapon_zm_mac10	5106.000000 5958.000000 5057.000000	46.000 90.000 0.000
weapon_zm_mac10	5107.000000 6024.000000 5080.000000	46.000 270.000 0.000
weapon_zm_mac10	5107.000000 6023.000000 5058.000000	46.000 270.000 0.000
weapon_zm_mac10	6550.089355 7031.782227 5014.782227	-0.055 -13.855 86.761
weapon_ttt_p228	6324.337402 6701.305664 5014.159180	36.389 0.506 0.274
weapon_zm_pistol	5511.279785 7003.729980 5037.060059	0.000 261.000 0.000
weapon_zm_pistol	6382.930176 6771.350098 4825.540039	-5.961 276.193 -91.508
weapon_zm_pistol	6257.229980 6781.160156 4782.379883	-5.961 276.193 -91.508
weapon_zm_pistol	6120.500000 6781.160156 4811.680176	-5.961 276.193 -91.508
weapon_zm_pistol	6459.060059 6650.390137 4809.109863	-5.961 276.193 -91.508
weapon_zm_pistol	5652.319824 6869.700195 4810.350098	-5.961 276.193 -91.508
weapon_zm_pistol	5825.990234 6894.379883 4850.729980	-5.961 276.193 -91.508
weapon_zm_pistol	5107.330078 5984.450195 5046.870117	53.500 270.000 -180.000
weapon_zm_pistol	5107.330078 5976.220215 5047.000000	53.500 270.000 180.000
weapon_zm_pistol	5106.830078 6005.439941 5046.870117	53.500 90.000 -180.000
weapon_zm_pistol	5106.830078 5997.439941 5046.870117	53.500 90.000 180.000
weapon_zm_pistol	6496.660156 6770.020020 4745.720215	-5.961 276.193 -91.508
weapon_zm_pistol	6071.881836 7330.201660 5022.177246	-0.001 -35.584 -89.794
weapon_ttt_revolver	6549.937012 6699.210938 5015.975098	8.974 25.978 74.803
weapon_ttt_dual_elites	5591.689453 5472.206055 4743.965820	1.903 0.169 -0.362
weapon_ttt_confgrenade	6396.000000 6765.000000 4804.560059	0.000 176.037 0.000
weapon_ttt_confgrenade	6356.000000 6766.000000 4780.000000	0.000 176.037 0.000
weapon_ttt_confgrenade	6011.819824 7482.149902 4765.830078	0.000 90.000 0.000
weapon_ttt_confgrenade	5106.089844 5997.580078 5017.009766	0.000 0.000 0.000
weapon_ttt_confgrenade	5106.089844 5989.580078 5017.009766	0.000 0.000 0.000
weapon_ttt_confgrenade	5114.089844 5989.580078 5017.009766	0.000 0.000 0.000
weapon_ttt_confgrenade	5114.089844 5997.580078 5017.009766	0.000 0.000 0.000
weapon_zm_shotgun	5923.149902 6560.799805 4299.020020	0.000 0.000 90.000
weapon_zm_shotgun	5105.729980 5955.830078 5068.129883	-90.000 90.000 0.000
weapon_zm_shotgun	5106.770020 6025.169922 5068.879883	-90.000 270.000 0.000
weapon_zm_shotgun	4691.850098 6444.390137 4796.060059	0.000 0.000 90.000
weapon_zm_shotgun	5738.147461 6101.689941 5015.407715	-0.382 -8.773 -84.294
weapon_ttt_famas	6120.506836 7437.310059 4985.284180	-0.092 -91.311 91.060
weapon_zm_revolver	6024.540039 7220.310059 4362.629883	0.000 90.000 0.000
weapon_zm_revolver	5650.259766 7161.680176 4986.000000	0.000 90.000 0.000
weapon_zm_revolver	5230.810059 7323.759766 4986.000000	0.000 90.000 0.000
weapon_zm_revolver	6490.810059 6956.169922 4986.000000	0.000 90.000 0.000
weapon_zm_revolver	5863.899902 6177.310059 4394.589844	0.000 270.000 90.000
weapon_zm_revolver	5305.250000 7539.459961 4362.629883	0.000 270.000 90.000
weapon_zm_revolver	4207.439941 6347.209961 4851.009766	0.000 270.000 90.000
weapon_zm_revolver	5243.339844 7921.509766 4810.629883	0.000 270.000 90.000
weapon_zm_revolver	6922.129883 7344.160156 4746.000000	0.000 270.000 90.000
weapon_zm_revolver	6896.819824 5068.729980 4754.000000	0.000 270.000 90.000
weapon_zm_revolver	6484.350098 7085.250000 4298.000000	0.000 270.000 90.000
weapon_zm_revolver	5107.330078 5948.770020 5047.000000	53.500 270.000 180.000
weapon_zm_revolver	5107.330078 5957.000000 5046.870117	53.500 270.000 -180.000
weapon_zm_revolver	5107.330078 5965.000000 5046.870117	53.500 270.000 180.000
weapon_zm_revolver	6322.330078 6765.310059 4766.580078	-5.961 0.157 -91.508
weapon_zm_revolver	6226.649902 6642.649902 4768.629883	-5.961 0.157 -91.508
weapon_zm_revolver	5347.284668 5467.174805 4744.818848	2.231 -18.199 -83.737
weapon_ttt_aug	5726.246094 6233.405762 4756.548828	-0.169 -170.418 -81.189
weapon_ttt_sg552	5747.492676 5961.871094 5015.258789	2.608 -0.823 -84.564
