# Trouble in Terrorist Town weapon/ammo placement overrides
# For map: ttt_whitehouse_b2_d11
# Exported by: Donato Dias
setting:	replacespawns 1
ttt_playerspawn	2449.589111 -1164.893921 64.494141	-0.010 -0.000 0.010
ttt_playerspawn	2450.829590 -1090.008423 64.531631	-0.007 -0.000 0.007
ttt_playerspawn	2726.846191 -1020.250183 64.489235	-0.011 -0.000 0.011
ttt_playerspawn	2643.795898 -1019.708557 64.490891	-0.011 -0.000 0.011
ttt_playerspawn	2555.847900 -1020.666687 64.478745	-0.012 -0.000 0.012
ttt_playerspawn	2559.688232 -927.928894 64.561989	-0.004 -0.000 0.004
ttt_playerspawn	2648.582275 -928.139343 64.473129	-0.013 -0.000 0.013
ttt_playerspawn	2738.577148 -927.491821 64.461105	-0.014 -0.000 0.014
ttt_playerspawn	2652.991455 -841.114807 64.489235	-0.011 -0.000 0.011
ttt_playerspawn	2740.409668 -843.431885 64.456848	-0.014 -0.000 0.014
ttt_playerspawn	243.590561 -775.053223 64.530296	-0.067 -0.000 0.067
ttt_playerspawn	243.231445 -684.090210 64.542694	-0.055 -0.000 0.055
ttt_playerspawn	507.513000 -678.155212 64.546043	-0.052 -0.000 0.052
ttt_playerspawn	505.713623 -773.004333 64.549194	-0.049 -0.000 0.049
ttt_playerspawn	-452.642334 -232.701752 64.475029	-0.012 -0.000 0.012
ttt_playerspawn	-451.720367 -391.541992 64.492531	-0.011 -0.000 0.011
ttt_playerspawn	-442.503204 -533.913330 64.520508	-0.008 -0.000 0.008
ttt_playerspawn	-439.827332 -727.251648 64.476898	-0.012 -0.000 0.012
ttt_playerspawn	-312.816833 -733.943787 64.520508	-0.008 -0.000 0.008
ttt_playerspawn	-314.676086 -537.787720 64.473129	-0.013 -0.000 0.013
ttt_playerspawn	-318.487091 -386.772552 64.471199	-0.013 -0.000 0.013
ttt_playerspawn	-324.942871 -225.298401 64.463181	-0.014 -0.000 0.014
ttt_playerspawn	1312.872192 -728.545898 64.525963	-0.071 -0.000 0.071
ttt_playerspawn	1200.105713 -731.174316 64.556946	-0.041 -0.000 0.041
ttt_playerspawn	1196.840332 -579.325623 64.591957	0.000 0.387 0.025
ttt_playerspawn	1313.639282 -572.515808 64.552879	-0.045 -0.000 0.045
ttt_playerspawn	1037.825317 -574.960144 64.566154	-0.032 -0.000 0.032
ttt_playerspawn	857.845825 -572.368896 64.532364	-0.065 -0.000 0.065
ttt_playerspawn	692.861694 -569.996460 64.546852	-0.051 -0.000 0.051
ttt_playerspawn	830.796509 -266.694672 64.539139	-0.058 -0.000 0.058
ttt_playerspawn	711.007874 -268.459473 64.567650	-0.140 0.031 -0.037
ttt_playerspawn	1699.227661 -699.771912 64.490891	-0.011 -0.000 0.011
ttt_playerspawn	1696.442139 -587.146240 64.507576	-0.009 -0.000 0.009
ttt_playerspawn	1550.106445 -588.807495 64.489235	-0.011 -0.000 0.011
ttt_playerspawn	1548.447510 -699.528870 64.471199	-0.013 -0.000 0.013
ttt_playerspawn	494.136780 -339.702423 64.526283	-0.007 -0.000 0.007
ttt_playerspawn	275.774689 -344.295319 64.452461	-0.015 -0.000 0.015
ttt_playerspawn	1039.196899 -276.517822 64.461105	-0.014 -0.000 0.014
ttt_playerspawn	1042.287720 -122.021103 64.497292	0.010 0.000 0.010
ttt_playerspawn	1163.756226 -200.080048 64.497284	-0.010 -0.000 0.010
ttt_playerspawn	2807.544189 -283.229614 64.522537	-0.074 -0.000 0.074
ttt_playerspawn	2691.009033 -281.860840 64.545227	-0.052 -0.000 0.052
ttt_playerspawn	2547.025391 -278.518738 64.564590	-0.034 -0.000 0.034
ttt_playerspawn	2473.572021 -427.350861 64.541824	-0.056 -0.000 0.056
ttt_playerspawn	2464.089844 -561.878845 64.597054	0.146 0.003 0.154
weapon_ttt_ak47	292.106842 -579.640442 -769.662231	-3.215 -16.644 81.468
item_box_buckshot_ttt	2404.494629 -216.178635 64.381523	-0.245 0.000 0.286
item_box_buckshot_ttt	2422.934570 -216.158615 64.350456	0.836 0.002 -0.669
item_box_buckshot_ttt	2403.854004 -198.909912 64.381409	-0.218 0.001 0.262
item_box_buckshot_ttt	2424.904053 -198.073730 64.407082	-0.832 -0.003 0.739
item_box_buckshot_ttt	944.051575 -2070.768799 -447.630463	-0.685 -0.003 0.535
item_box_buckshot_ttt	962.657593 -2072.258057 -447.686707	0.751 -0.022 -0.518
item_box_buckshot_ttt	896.255188 -2147.354492 -447.664429	1.082 0.008 0.923
item_box_buckshot_ttt	886.046387 -2147.148682 -447.627014	0.714 0.007 0.611
item_box_buckshot_ttt	874.319885 -2147.776855 -447.714447	-0.603 -0.003 -0.479
item_box_buckshot_ttt	1620.627197 -366.733948 64.421005	-0.714 -0.005 0.637
item_box_buckshot_ttt	1630.794800 -367.439880 64.355255	1.050 0.000 -0.844
item_box_buckshot_ttt	1639.981445 -368.005981 64.451439	-0.482 -0.007 0.427
item_box_buckshot_ttt	1640.271484 -353.831390 64.435921	-0.605 -0.007 0.536
item_box_buckshot_ttt	1629.742676 -354.638763 64.407501	-0.818 -0.005 0.730
item_box_buckshot_ttt	1619.564697 -354.361206 64.393669	-0.967 -0.004 0.856
item_box_buckshot_ttt	1926.985718 -120.769135 64.690216	0.454 0.004 -0.357
item_box_buckshot_ttt	1927.458008 -135.246902 64.775467	-0.703 -0.007 0.624
item_box_buckshot_ttt	1830.692261 -426.345825 64.731361	0.120 0.003 -0.010
item_box_buckshot_ttt	1839.285645 -418.719818 64.702637	0.830 0.002 -0.665
item_box_buckshot_ttt	1937.803589 -526.001770 64.723755	0.766 -0.118 -0.533
item_box_buckshot_ttt	1942.780518 -510.959717 64.779419	-0.672 -0.006 0.597
item_box_buckshot_ttt	2191.500000 -502.918610 64.733490	-0.197 0.001 0.244
item_box_buckshot_ttt	2187.037354 -491.852142 64.735443	-0.522 -0.004 0.505
item_box_buckshot_ttt	2248.459717 -197.247849 64.728157	0.662 -0.000 -0.447
item_box_buckshot_ttt	2238.079102 -206.932510 64.768471	-0.758 -0.007 0.673
item_box_buckshot_ttt	2212.585938 -688.748840 64.384239	-0.765 -0.006 0.704
item_box_buckshot_ttt	2198.639404 -688.449951 64.422745	-0.704 -0.007 0.627
item_box_buckshot_ttt	1814.890503 -764.978210 64.412613	-0.782 -0.005 0.697
item_box_buckshot_ttt	1826.332153 -763.726929 64.407516	-1.031 -0.006 0.817
item_box_buckshot_ttt	1814.149048 -749.924683 64.385811	-1.286 -0.016 1.126
item_box_buckshot_ttt	1825.355347 -749.672791 64.446655	-0.520 -0.007 0.461
item_box_buckshot_ttt	2476.616699 -750.310059 64.347260	0.713 0.003 -0.569
item_box_buckshot_ttt	2466.695557 -751.605530 64.377884	0.297 0.003 -0.154
item_box_buckshot_ttt	2672.732422 -1208.334106 64.341133	0.523 0.003 -0.414
item_box_buckshot_ttt	2681.294189 -1208.266479 64.426964	-0.665 -0.006 0.591
item_box_buckshot_ttt	2781.939697 -776.770325 64.377716	0.302 0.003 -0.160
item_box_buckshot_ttt	2772.151123 -775.414307 64.396599	-0.936 -0.003 0.828
item_box_buckshot_ttt	2755.193848 -584.227661 64.347267	0.715 0.003 -0.570
item_box_buckshot_ttt	2767.600586 -583.302124 64.410240	-0.807 -0.006 0.716
item_box_buckshot_ttt	3070.416748 -869.836487 86.451843	-1.000 -0.010 0.896
item_box_buckshot_ttt	3083.698242 -870.222717 86.499107	-0.664 -0.004 0.534
item_box_buckshot_ttt	3012.218994 -870.718506 86.442238	0.942 -0.070 -0.577
item_box_buckshot_ttt	2999.259521 -870.158691 86.448448	-0.235 0.001 0.278
item_box_buckshot_ttt	2988.339600 -870.514954 86.541199	0.927 -0.173 -0.227
item_box_buckshot_ttt	2976.409180 -870.307495 86.537544	-0.330 -0.006 0.293
item_box_buckshot_ttt	718.290283 -945.091614 64.347290	0.720 0.003 -0.574
item_box_buckshot_ttt	718.136475 -926.525024 64.432327	-0.623 -0.006 0.556
item_box_buckshot_ttt	614.445618 -572.583008 64.383354	-0.580 -0.004 0.555
item_box_buckshot_ttt	615.640137 -589.587341 64.379036	0.130 0.003 -0.020
item_box_buckshot_ttt	135.434326 -534.927368 64.384964	-1.000 -0.010 0.896
item_box_buckshot_ttt	146.078247 -535.487244 64.437073	-0.596 -0.007 0.528
item_box_buckshot_ttt	44.220013 -839.742676 64.447914	1.560 -0.197 -0.377
item_box_buckshot_ttt	31.717396 -839.709656 64.416451	-0.758 -0.007 0.673
item_box_buckshot_ttt	18.005674 -840.331421 64.355255	1.050 0.000 -0.844
item_box_buckshot_ttt	-568.572815 -687.880737 64.453850	-0.456 -0.006 0.405
item_box_buckshot_ttt	-556.146057 -686.764282 64.347351	0.713 0.003 -0.570
item_box_buckshot_ttt	-569.397156 -430.742920 64.383301	-0.624 -0.005 0.591
item_box_buckshot_ttt	-557.136719 -430.274963 64.379143	0.116 0.003 -0.007
item_box_buckshot_ttt	-563.883545 -41.083775 64.405121	-0.836 -0.007 0.743
item_box_buckshot_ttt	-546.599365 -41.187737 64.398346	-0.918 -0.010 0.813
item_box_buckshot_ttt	-565.922119 -20.545931 64.420235	-0.718 -0.005 0.638
item_box_buckshot_ttt	-546.803406 -20.471889 64.424004	-0.740 -0.001 0.577
item_box_buckshot_ttt	765.620972 -365.054535 64.373978	0.753 -0.022 -0.522
item_box_buckshot_ttt	765.331421 -345.882568 64.442558	-0.552 -0.007 0.490
item_box_buckshot_ttt	1100.040649 -122.767349 64.447754	0.995 -0.160 -0.009
item_box_buckshot_ttt	1090.607666 -276.478638 64.458237	1.317 -0.098 -0.322
item_box_buckshot_ttt	428.627869 119.493431 196.377930	0.294 0.003 -0.151
item_box_buckshot_ttt	429.011658 105.401253 196.394226	-0.948 -0.003 0.843
item_box_buckshot_ttt	442.207733 120.262848 196.381470	-0.229 0.001 0.272
item_box_buckshot_ttt	442.083527 106.862007 196.433548	-0.623 -0.007 0.553
item_box_buckshot_ttt	-85.036461 -290.139709 196.344131	0.615 0.003 -0.488
item_box_buckshot_ttt	-85.570877 -276.924316 196.422058	-0.714 -0.006 0.633
item_box_buckshot_ttt	-75.230705 -275.228180 196.454880	-0.472 -2.649 0.276
item_box_buckshot_ttt	-74.266357 -288.438995 196.423355	-0.705 -0.007 0.625
item_box_buckshot_ttt	1184.293091 -1509.538086 -447.606567	-0.966 -0.004 0.855
item_box_buckshot_ttt	1196.453369 -1509.283447 -447.589722	-0.805 -0.006 0.715
item_box_buckshot_ttt	1196.561157 -1526.301392 -447.590515	-0.806 -0.005 0.718
item_box_buckshot_ttt	1184.839966 -1525.880859 -447.628174	0.765 -0.120 -0.530
item_box_buckshot_ttt	332.272827 -2418.233154 -447.523743	-0.284 -0.006 0.253
item_box_buckshot_ttt	331.919189 -2405.683594 -447.614197	-1.291 -0.016 1.130
item_box_buckshot_ttt	332.089661 -2395.582520 -447.517670	0.241 -0.000 -0.141
weapon_ttt_smokegrenade	807.351624 -2140.932617 -438.589935	-0.958 -1.548 -0.974
weapon_ttt_smokegrenade	814.849487 -2144.237549 -438.620941	-1.620 -1.419 -1.649
item_ammo_357_ttt	842.594116 -2147.086914 -447.703979	0.455 0.059 0.045
item_ammo_357_ttt	831.983276 -2146.353027 -447.730652	0.450 0.068 0.056
item_ammo_357_ttt	1673.157837 -368.843323 64.381355	0.460 0.055 0.036
item_ammo_357_ttt	1672.719849 -355.997101 64.405533	0.465 0.053 0.026
item_ammo_357_ttt	1686.889282 -369.475433 64.340530	0.451 0.063 0.052
item_ammo_357_ttt	1686.617310 -355.628143 64.348145	0.453 0.061 0.049
item_ammo_357_ttt	1812.768555 -361.710297 64.664619	0.446 0.073 0.063
item_ammo_357_ttt	1826.395874 -363.148560 64.738800	0.461 0.056 0.033
item_ammo_357_ttt	2014.868408 -96.376846 64.707542	0.455 0.060 0.046
item_ammo_357_ttt	2009.768311 -108.396469 64.741287	0.462 0.055 0.032
item_ammo_357_ttt	2019.603149 -110.581078 64.671616	0.448 0.073 0.060
item_ammo_357_ttt	2129.634766 -106.309608 64.710968	0.456 0.060 0.044
item_ammo_357_ttt	2127.538818 -118.825241 64.730858	0.460 0.056 0.037
item_ammo_357_ttt	2120.611816 -112.631783 64.698524	0.453 0.062 0.049
item_ammo_357_ttt	2222.298828 -483.337830 64.662216	0.446 0.073 0.064
item_ammo_357_ttt	2211.854004 -478.224579 64.757759	0.465 0.054 0.026
item_ammo_357_ttt	2213.929199 -465.885529 64.749435	0.463 0.055 0.029
item_ammo_357_ttt	2214.825928 -787.784058 64.410248	0.466 0.053 0.024
item_ammo_357_ttt	2198.492676 -788.516846 64.351784	0.454 0.059 0.048
item_ammo_357_ttt	1811.368286 -853.374146 64.362053	0.456 0.057 0.044
item_ammo_357_ttt	1823.851440 -852.686890 64.387825	0.461 0.054 0.033
item_ammo_357_ttt	2460.687988 -733.614868 64.330353	0.449 0.067 0.056
item_ammo_357_ttt	2475.113525 -733.297668 64.353554	0.454 0.059 0.047
item_ammo_357_ttt	2474.365967 -720.143372 64.319366	0.447 0.072 0.061
item_ammo_357_ttt	2460.860596 -719.446960 64.317070	0.447 0.072 0.062
item_ammo_357_ttt	2783.324951 -584.873047 64.357071	0.455 0.060 0.045
item_ammo_357_ttt	2791.575684 -584.178833 64.344437	0.453 0.062 0.050
item_ammo_357_ttt	2579.003662 -774.412964 64.440125	1.201 -0.568 -0.938
item_ammo_357_ttt	2568.801025 -774.458984 64.454414	1.447 -0.543 -0.913
item_ammo_357_ttt	2560.614990 -1208.006104 64.313065	0.462 0.075 0.057
item_ammo_357_ttt	2550.875977 -1208.173340 64.330963	0.464 0.070 0.050
item_ammo_357_ttt	3053.063721 -877.826416 86.416885	0.453 0.061 0.048
item_ammo_357_ttt	3039.782959 -878.556152 86.453484	0.461 0.054 0.034
item_ammo_357_ttt	3030.254150 -878.181274 86.425644	0.455 0.059 0.045
item_ammo_357_ttt	694.290405 -948.295471 64.397217	0.463 0.053 0.029
item_ammo_357_ttt	694.081055 -927.805908 64.358734	0.455 0.059 0.045
item_ammo_357_ttt	681.427368 -950.185852 64.372917	0.458 0.056 0.039
item_ammo_357_ttt	680.679626 -931.838318 64.358734	0.455 0.059 0.045
item_ammo_357_ttt	605.969116 -537.389771 64.421692	0.468 0.053 0.020
item_ammo_357_ttt	605.083740 -549.727539 64.309967	0.445 0.071 0.065
item_ammo_357_ttt	594.222412 -537.566895 64.365273	0.456 0.057 0.042
item_ammo_357_ttt	594.268494 -548.175232 64.397217	0.463 0.053 0.029
item_ammo_357_ttt	157.045181 -534.336609 64.358734	0.455 0.059 0.045
item_ammo_357_ttt	163.281204 -533.863464 64.401497	0.464 0.053 0.028
item_ammo_357_ttt	813.281738 -98.912872 196.399139	0.251 2.287 0.302
item_ammo_357_ttt	802.175537 -99.053223 196.412842	0.620 -0.468 -0.437
item_ammo_357_ttt	-10.181788 -828.730164 64.330353	0.449 0.067 0.056
item_ammo_357_ttt	-11.210547 -812.673157 64.386574	0.461 0.054 0.034
item_ammo_357_ttt	-10.000559 -793.552368 64.369926	0.457 0.056 0.040
item_ammo_357_ttt	-559.761353 -238.726624 64.390633	0.470 0.057 0.029
item_ammo_357_ttt	-546.755432 -239.381134 64.368851	0.467 0.059 0.037
item_ammo_357_ttt	-561.053406 -254.921722 64.357529	0.466 0.062 0.041
item_ammo_357_ttt	-549.121826 -255.790451 64.357529	0.466 0.062 0.041
item_ammo_357_ttt	-568.560181 -416.010406 64.364143	0.467 0.060 0.038
item_ammo_357_ttt	-557.872742 -415.380524 64.320030	0.462 0.075 0.054
item_ammo_357_ttt	-204.847641 -888.380127 64.390633	0.470 0.057 0.029
item_ammo_357_ttt	-205.293488 -876.672668 64.422630	0.473 0.056 0.017
item_ammo_357_ttt	-329.823883 -889.800110 64.320610	0.790 0.076 -0.026
item_ammo_357_ttt	-329.678711 -877.191772 64.328842	0.463 0.070 0.051
item_ammo_357_ttt	-568.540039 -827.385925 64.339142	0.464 0.066 0.048
item_ammo_357_ttt	-556.764709 -826.655090 64.383072	0.469 0.057 0.032
item_ammo_357_ttt	835.507690 -371.655823 64.309967	0.445 0.071 0.065
item_ammo_357_ttt	826.226379 -372.147156 64.328217	0.449 0.067 0.057
item_ammo_357_ttt	779.569397 -356.176117 64.353554	0.454 0.059 0.047
item_ammo_357_ttt	779.503662 -343.564209 64.390282	0.462 0.054 0.032
item_ammo_357_ttt	340.124054 107.327301 196.379990	0.459 0.055 0.036
item_ammo_357_ttt	352.636505 107.267418 196.346268	0.453 0.061 0.050
item_ammo_357_ttt	366.502014 107.311546 196.365265	0.456 0.057 0.042
item_ammo_357_ttt	381.711670 107.984680 196.349960	0.453 0.061 0.048
item_ammo_357_ttt	-87.632874 -223.341125 196.342468	0.452 0.061 0.051
item_ammo_357_ttt	-79.021408 -223.518494 196.314728	0.446 0.071 0.063
item_ammo_357_ttt	561.609192 -823.930481 -447.576843	0.468 0.054 0.019
item_ammo_357_ttt	562.290405 -812.010254 -447.630035	0.458 0.057 0.040
item_ammo_357_ttt	567.888000 -854.858521 -447.541138	1.940 -0.356 -1.208
item_ammo_357_ttt	567.098022 -870.440002 -447.595428	0.465 0.055 0.026
item_ammo_357_ttt	1151.156860 -1510.698242 -447.641235	0.456 0.060 0.044
item_ammo_357_ttt	1137.651855 -1512.503174 -447.630035	0.458 0.057 0.040
item_ammo_357_ttt	1137.898560 -1523.630127 -447.649994	0.454 0.062 0.048
item_ammo_357_ttt	1151.117676 -1523.528564 -447.657471	0.452 0.062 0.051
item_ammo_357_ttt	375.359406 -2397.464844 -447.663422	0.451 0.064 0.054
item_ammo_357_ttt	386.308624 -2396.078125 -447.671753	0.449 0.068 0.057
item_ammo_357_ttt	397.943268 -2397.091064 -447.589752	0.466 0.053 0.024
item_ammo_revolver_ttt	2646.672363 -417.831604 97.961502	0.446 0.055 0.041
item_ammo_revolver_ttt	2660.042969 -418.782196 97.917587	0.434 0.068 0.057
item_ammo_revolver_ttt	863.055908 -2146.773438 -447.691071	0.458 0.057 0.040
item_ammo_revolver_ttt	854.479065 -2146.616455 -447.668335	0.462 0.054 0.031
item_ammo_revolver_ttt	521.375305 -647.805176 -412.732422	0.463 0.050 0.020
item_ammo_revolver_ttt	529.292908 -648.260864 -412.826904	0.438 0.064 0.055
item_ammo_revolver_ttt	1650.721558 -368.648651 64.326057	0.449 0.067 0.058
item_ammo_revolver_ttt	1650.382446 -354.500244 64.377228	0.459 0.055 0.038
item_ammo_revolver_ttt	1662.131348 -369.060516 64.396828	0.652 0.229 -0.011
item_ammo_revolver_ttt	1662.698730 -353.734253 64.351784	0.454 0.059 0.048
item_ammo_revolver_ttt	1955.322998 -105.414803 64.692780	0.452 0.065 0.052
item_ammo_revolver_ttt	1958.170654 -117.952499 64.680466	0.450 0.068 0.057
item_ammo_revolver_ttt	1964.958862 -108.860962 64.673882	0.448 0.068 0.059
item_ammo_revolver_ttt	2152.906494 -112.559326 64.712639	0.456 0.058 0.044
item_ammo_revolver_ttt	2141.967529 -111.017372 64.696640	0.453 0.062 0.050
item_ammo_revolver_ttt	2146.404541 -124.969711 64.770096	0.467 0.054 0.021
item_ammo_revolver_ttt	2238.463867 -465.347992 64.698524	0.453 0.062 0.049
item_ammo_revolver_ttt	2229.686279 -468.623260 64.720634	0.458 0.057 0.041
item_ammo_revolver_ttt	2229.437256 -455.393036 64.734917	0.460 0.056 0.035
item_ammo_revolver_ttt	1815.213379 -386.888000 64.702217	0.454 0.062 0.048
item_ammo_revolver_ttt	1821.363892 -378.229584 64.780579	1.058 -0.386 -1.001
item_ammo_revolver_ttt	1827.550537 -384.371033 64.680038	0.816 0.239 -0.017
item_ammo_revolver_ttt	1953.741089 -529.559631 64.662216	0.446 0.073 0.064
item_ammo_revolver_ttt	1955.049805 -515.936951 64.777443	0.469 0.054 0.018
item_ammo_revolver_ttt	2213.781982 -772.402161 64.382690	0.460 0.054 0.035
item_ammo_revolver_ttt	2199.651855 -772.134277 64.346283	0.453 0.061 0.050
item_ammo_revolver_ttt	1813.019165 -872.357178 64.334518	0.450 0.063 0.055
item_ammo_revolver_ttt	1822.641235 -872.246826 64.443726	0.472 0.052 0.011
item_ammo_revolver_ttt	2437.264893 -731.186401 64.400490	1.634 0.481 -0.043
item_ammo_revolver_ttt	2447.707275 -731.174683 64.367462	0.444 0.050 0.022
item_ammo_revolver_ttt	2447.563965 -719.734558 64.338554	0.451 0.063 0.053
item_ammo_revolver_ttt	2437.464111 -719.212463 64.385292	0.461 0.054 0.034
item_ammo_revolver_ttt	2595.394043 -774.393616 64.426941	1.039 -0.401 -1.008
item_ammo_revolver_ttt	2586.870850 -774.276062 64.407562	0.689 0.048 -1.030
item_ammo_revolver_ttt	2644.288818 -585.584229 64.321678	0.448 0.068 0.059
item_ammo_revolver_ttt	2653.386230 -584.539124 64.438461	0.471 0.054 0.013
item_ammo_revolver_ttt	2579.062012 -1206.335693 64.381744	0.469 0.058 0.032
item_ammo_revolver_ttt	2570.906494 -1207.171875 64.330971	0.464 0.070 0.051
item_ammo_revolver_ttt	3030.224854 -889.791748 86.447342	0.740 0.301 -0.005
item_ammo_revolver_ttt	3040.596436 -889.934631 86.511147	1.296 0.068 -0.948
item_ammo_revolver_ttt	3052.959961 -889.798523 86.436852	0.736 0.303 0.071
item_ammo_revolver_ttt	1683.370483 -788.503479 88.366753	0.446 0.066 0.033
item_ammo_revolver_ttt	1674.666260 -789.404602 88.376381	0.810 0.398 -0.023
item_ammo_revolver_ttt	705.461182 -946.399231 64.351784	0.454 0.059 0.048
item_ammo_revolver_ttt	704.284607 -927.598694 64.342476	0.452 0.061 0.052
item_ammo_revolver_ttt	615.379761 -537.414246 64.309967	0.445 0.071 0.065
item_ammo_revolver_ttt	615.204407 -549.143188 64.417877	0.467 0.053 0.021
item_ammo_revolver_ttt	173.983444 -532.440613 64.377228	0.459 0.055 0.038
item_ammo_revolver_ttt	183.027313 -531.852356 64.307526	0.445 0.078 0.066
item_ammo_revolver_ttt	75.526756 -829.566528 64.394974	0.462 0.053 0.030
item_ammo_revolver_ttt	76.235847 -812.597534 64.393829	0.462 0.054 0.031
item_ammo_revolver_ttt	75.068077 -793.812378 64.400452	0.464 0.053 0.028
item_ammo_revolver_ttt	-215.573944 -888.690918 64.335114	0.464 0.067 0.049
item_ammo_revolver_ttt	-225.590134 -889.793335 64.348465	0.769 0.207 -0.015
item_ammo_revolver_ttt	-226.299622 -878.247681 64.355812	0.466 0.062 0.041
item_ammo_revolver_ttt	-217.411728 -876.593506 64.330963	0.464 0.070 0.050
item_ammo_revolver_ttt	-570.419983 -767.747742 64.412285	0.472 0.056 0.021
item_ammo_revolver_ttt	-558.073364 -767.550171 64.371872	0.468 0.059 0.036
item_ammo_revolver_ttt	-567.431274 -511.868103 64.346832	0.465 0.064 0.045
item_ammo_revolver_ttt	-557.935120 -511.985840 64.333054	0.464 0.066 0.050
item_ammo_revolver_ttt	-566.896179 -96.566978 64.346832	0.465 0.064 0.045
item_ammo_revolver_ttt	-554.578613 -96.832306 64.341103	0.465 0.066 0.047
item_ammo_revolver_ttt	866.171631 -372.379181 64.431541	0.470 0.052 0.016
item_ammo_revolver_ttt	857.171692 -373.142151 64.342476	0.452 0.061 0.052
item_ammo_revolver_ttt	848.226257 -373.590454 64.323860	0.448 0.067 0.059
item_ammo_revolver_ttt	744.693115 -354.503448 64.353554	0.454 0.059 0.047
item_ammo_revolver_ttt	745.011719 -343.874969 64.463974	1.235 -0.665 -0.627
item_ammo_revolver_ttt	339.750793 121.312057 196.449875	0.944 -0.376 -0.618
item_ammo_revolver_ttt	352.144562 121.431175 196.425476	0.966 -0.011 -0.976
item_ammo_revolver_ttt	366.838013 121.415901 196.447571	0.765 -0.002 -0.523
item_ammo_revolver_ttt	379.664215 121.373962 196.459686	0.711 -0.035 -0.314
item_ammo_revolver_ttt	-84.316940 -239.543488 196.323853	0.448 0.067 0.059
item_ammo_revolver_ttt	-77.413223 -238.967468 196.358719	0.455 0.059 0.045
item_ammo_revolver_ttt	524.753418 -810.017700 -447.660583	0.928 0.334 0.007
item_ammo_revolver_ttt	549.763123 -810.127930 -447.612854	0.714 0.391 -0.021
item_ammo_revolver_ttt	1172.783569 -1510.857300 -447.641235	0.456 0.060 0.044
item_ammo_revolver_ttt	1160.802734 -1509.929565 -447.639557	0.456 0.058 0.044
item_ammo_revolver_ttt	1161.795044 -1523.488037 -447.642944	0.455 0.060 0.045
item_ammo_revolver_ttt	1172.331909 -1524.119751 -447.655579	0.453 0.062 0.050
item_ammo_revolver_ttt	346.869202 -2397.066162 -447.631592	0.457 0.056 0.041
item_ammo_revolver_ttt	356.118866 -2397.343506 -447.676117	0.448 0.068 0.059
item_ammo_revolver_ttt	365.152893 -2397.595215 -447.678345	0.448 0.068 0.060
item_ammo_smg1_ttt	2636.173584 -479.532288 64.413506	-0.302 0.005 0.191
item_ammo_smg1_ttt	2654.109131 -480.775452 64.481682	-0.017 1.993 0.049
item_ammo_smg1_ttt	1000.791565 -1755.584106 -447.522095	0.502 -0.001 0.217
item_ammo_smg1_ttt	1002.854553 -1776.835083 -447.522858	0.503 -0.001 0.220
item_ammo_smg1_ttt	1007.556274 -1630.182495 -447.586487	0.302 -0.005 0.191
item_ammo_smg1_ttt	991.925354 -1630.042603 -447.492188	0.434 -0.010 -0.344
item_ammo_smg1_ttt	859.938354 -2127.962402 -447.656860	0.190 -0.005 0.116
item_ammo_smg1_ttt	847.071960 -2128.122803 -447.582886	0.503 0.001 -0.217
item_ammo_smg1_ttt	833.498230 -2128.682129 -447.671967	0.099 0.005 -0.054
item_ammo_smg1_ttt	-358.020538 -1882.103271 -447.493195	-0.432 0.011 -0.343
item_ammo_smg1_ttt	-340.115845 -1883.467407 -447.613586	0.088 -0.005 0.047
item_ammo_smg1_ttt	283.009277 -556.785400 -770.523193	-0.553 0.084 0.249
item_ammo_smg1_ttt	301.854584 -557.650391 -770.605713	-0.122 0.005 0.069
item_ammo_smg1_ttt	1855.951904 -456.535004 64.785728	-0.059 0.008 0.022
item_ammo_smg1_ttt	1846.534912 -436.703644 64.913208	0.713 -0.035 -0.460
item_ammo_smg1_ttt	2258.207520 -426.705963 64.772346	0.426 -0.004 0.274
item_ammo_smg1_ttt	2246.509766 -441.755554 64.855797	-1.077 0.433 -0.309
item_ammo_smg1_ttt	2160.645508 -519.336487 64.879807	0.720 -0.005 -0.486
item_ammo_smg1_ttt	2175.513916 -509.840332 64.847801	1.038 -0.170 -0.277
item_ammo_smg1_ttt	2195.827637 -142.657562 64.796555	0.224 -0.007 0.129
item_ammo_smg1_ttt	2183.901611 -136.613037 64.804413	0.138 -0.008 0.079
item_ammo_smg1_ttt	1900.505859 -142.478622 64.855301	0.209 -2.254 -0.048
item_ammo_smg1_ttt	1912.743164 -136.726364 64.887085	0.771 -0.123 0.424
item_ammo_smg1_ttt	1693.210205 -385.999207 64.506859	-0.433 0.011 -0.343
item_ammo_smg1_ttt	1679.194336 -385.959503 64.520454	-0.240 0.014 -0.202
item_ammo_smg1_ttt	1665.523560 -384.772919 64.424416	0.537 -0.004 0.348
item_ammo_smg1_ttt	1652.358521 -386.397156 64.437073	1.088 0.001 0.717
item_ammo_smg1_ttt	2213.306641 -733.249878 64.550484	0.011 1.668 -0.080
item_ammo_smg1_ttt	2200.979248 -733.065186 64.513512	-0.286 0.012 -0.243
item_ammo_smg1_ttt	2213.814697 -753.142944 64.536621	-0.752 0.395 -0.319
item_ammo_smg1_ttt	2201.609131 -753.063477 64.516907	-0.033 0.009 0.132
item_ammo_smg1_ttt	1814.427124 -806.817993 64.530899	-0.085 0.030 -0.036
item_ammo_smg1_ttt	1826.443359 -806.489685 64.472198	0.067 0.015 -0.028
item_ammo_smg1_ttt	1814.163330 -785.372437 64.485039	0.727 0.080 -0.391
item_ammo_smg1_ttt	1827.840210 -786.047363 64.396790	-0.137 0.005 0.080
item_ammo_smg1_ttt	2449.872559 -746.973572 64.492966	-0.358 0.023 -0.421
item_ammo_smg1_ttt	2435.718506 -746.996399 64.502502	0.079 -0.002 0.051
item_ammo_smg1_ttt	2421.299072 -747.027466 64.407295	0.070 -0.004 0.042
item_ammo_smg1_ttt	2404.352783 -746.128418 64.513885	-0.279 0.011 -0.234
item_ammo_smg1_ttt	2669.200195 -585.990295 64.491333	-0.565 -0.002 0.357
item_ammo_smg1_ttt	2682.325928 -586.074158 64.498596	0.259 0.029 -0.147
item_ammo_smg1_ttt	2696.212158 -586.093872 64.497673	-0.281 0.023 0.189
item_ammo_smg1_ttt	2710.477539 -586.088745 64.503006	-0.250 0.058 0.185
item_ammo_smg1_ttt	2674.343018 -777.979980 64.581833	-0.045 0.532 0.573
item_ammo_smg1_ttt	2660.092529 -778.013916 64.531052	-0.126 0.616 0.305
item_ammo_smg1_ttt	2647.476318 -777.973083 64.541016	-0.461 0.479 0.460
item_ammo_smg1_ttt	2635.281250 -778.339844 64.561615	-0.872 0.010 0.570
item_ammo_smg1_ttt	2662.036377 -1205.795410 64.519287	-0.811 0.307 -0.240
item_ammo_smg1_ttt	2649.339355 -1205.817993 64.530159	-0.670 0.375 -0.220
item_ammo_smg1_ttt	2636.241455 -1205.844238 64.487434	-0.035 0.346 0.338
item_ammo_smg1_ttt	2623.493164 -1205.817627 64.524681	-0.718 0.345 -0.215
item_ammo_smg1_ttt	2404.604736 -777.978943 64.504272	0.255 -0.142 0.574
item_ammo_smg1_ttt	2418.281738 -778.019714 64.520973	-0.256 0.261 0.394
item_ammo_smg1_ttt	2430.622070 -778.103088 64.448654	0.063 -0.048 0.044
item_ammo_smg1_ttt	2443.803955 -778.100952 64.476028	0.112 -0.028 0.104
item_ammo_smg1_ttt	2976.927490 -885.865662 86.577744	-0.327 0.011 -0.276
item_ammo_smg1_ttt	2989.773438 -885.710449 86.577827	0.418 -0.057 0.104
item_ammo_smg1_ttt	3003.003906 -885.981628 86.575668	-0.437 0.002 -0.234
item_ammo_smg1_ttt	3016.162598 -885.962280 86.546371	-0.493 0.000 -0.368
item_ammo_smg1_ttt	841.692383 -944.928467 64.544846	-0.149 1.503 0.027
item_ammo_smg1_ttt	854.294617 -945.509033 64.551048	0.718 -3.253 0.422
item_ammo_smg1_ttt	866.662964 -944.357117 64.548454	-0.041 -3.479 -0.074
item_ammo_smg1_ttt	880.820313 -945.296631 64.401741	0.171 -0.005 0.103
item_ammo_smg1_ttt	786.417053 -729.896301 64.532402	0.264 0.605 0.036
item_ammo_smg1_ttt	800.507019 -729.949707 64.550903	0.186 0.879 -0.039
item_ammo_smg1_ttt	814.484863 -730.000366 64.542229	0.525 0.842 -0.206
item_ammo_smg1_ttt	523.532959 -540.744812 64.525093	0.203 -0.016 -0.177
item_ammo_smg1_ttt	538.240540 -541.638000 64.525780	0.600 0.751 -0.424
item_ammo_smg1_ttt	552.522156 -541.405334 64.411224	-0.266 0.005 0.167
item_ammo_smg1_ttt	247.714188 -534.906799 64.522926	0.244 -0.027 -0.114
item_ammo_smg1_ttt	234.919022 -535.264709 64.542618	0.212 2.945 -0.000
item_ammo_smg1_ttt	222.625473 -535.997681 64.552185	0.114 2.062 -0.004
item_ammo_smg1_ttt	760.480103 -255.997818 230.228409	-0.018 0.037 0.283
item_ammo_smg1_ttt	746.631531 -256.069000 230.208420	0.017 -0.031 0.290
item_ammo_smg1_ttt	-73.279594 -530.975830 196.432587	0.837 -0.001 0.549
item_ammo_smg1_ttt	-54.023354 -531.239136 196.478958	0.508 -0.001 0.217
item_ammo_smg1_ttt	713.479797 -535.634583 196.477875	0.546 -0.083 0.240
item_ammo_smg1_ttt	694.568359 -535.412720 196.508774	-0.396 0.012 -0.325
item_ammo_smg1_ttt	6.355322 -872.989014 64.503212	-0.659 0.011 -0.498
item_ammo_smg1_ttt	22.174601 -873.626221 64.535156	-0.363 -0.429 -0.097
item_ammo_smg1_ttt	37.924847 -873.570251 64.466179	-0.375 -0.015 -0.199
item_ammo_smg1_ttt	55.875622 -873.566467 64.534737	-0.429 -0.015 -0.227
item_ammo_smg1_ttt	-241.241470 -885.647827 64.519485	0.785 -0.112 0.354
item_ammo_smg1_ttt	-254.642563 -885.950439 64.506203	0.062 -0.089 0.037
item_ammo_smg1_ttt	-268.675537 -885.969482 64.514343	-0.664 -0.004 -0.429
item_ammo_smg1_ttt	-284.241577 -885.946045 64.510612	0.954 -0.072 0.522
item_ammo_smg1_ttt	-569.895264 -748.395020 64.480080	0.205 0.000 0.068
item_ammo_smg1_ttt	-569.656860 -727.567871 64.557137	0.137 0.308 0.133
item_ammo_smg1_ttt	-557.276978 -727.974487 64.477287	-0.144 -0.708 0.101
item_ammo_smg1_ttt	-557.874207 -748.751282 64.483704	-0.136 -0.002 -0.095
item_ammo_smg1_ttt	-569.732178 -492.562531 64.491501	0.092 0.382 0.553
item_ammo_smg1_ttt	-569.948303 -470.404297 64.519310	0.656 0.431 -0.137
item_ammo_smg1_ttt	-554.934448 -470.549622 64.422302	0.469 -0.004 0.303
item_ammo_smg1_ttt	-556.520203 -492.508911 64.415756	0.337 -0.005 0.214
item_ammo_smg1_ttt	-569.806763 -164.033234 64.473328	0.539 0.175 -0.334
item_ammo_smg1_ttt	-569.778015 -141.970627 64.518456	0.236 0.274 0.148
item_ammo_smg1_ttt	-553.324951 -141.748749 64.401749	-0.170 0.005 0.102
item_ammo_smg1_ttt	-552.974304 -164.349014 64.406555	-0.213 0.005 0.131
item_ammo_smg1_ttt	831.455383 -350.558777 64.473351	-0.122 -1.798 0.020
item_ammo_smg1_ttt	819.268372 -351.745575 64.579399	0.166 -1.911 -0.000
item_ammo_smg1_ttt	807.194519 -351.604828 64.563271	0.000 -1.982 0.000
item_ammo_smg1_ttt	795.439697 -351.794952 64.727997	-1.729 -1.964 -0.005
item_ammo_smg1_ttt	818.037781 -10.200376 64.525665	-0.200 0.016 -0.175
item_ammo_smg1_ttt	833.559753 -11.271577 64.399284	0.153 -0.005 0.091
item_ammo_smg1_ttt	851.811523 -10.582377 64.530739	-0.078 0.113 0.009
item_ammo_smg1_ttt	869.905518 -10.059553 64.412910	-0.071 -0.067 0.117
item_ammo_smg1_ttt	663.483948 -354.089661 64.541656	-0.197 1.808 -0.141
item_ammo_smg1_ttt	676.243591 -352.683502 64.542664	-0.095 -2.351 -0.078
item_ammo_smg1_ttt	688.687439 -351.173889 64.440285	-0.000 0.301 0.283
item_ammo_smg1_ttt	701.648682 -351.547668 64.520004	-0.098 0.104 -0.085
item_ammo_smg1_ttt	1395.815186 -14.934150 64.551674	0.069 -0.467 -0.062
item_ammo_smg1_ttt	1383.701782 -14.316280 64.535767	0.086 -0.473 0.002
item_ammo_smg1_ttt	1371.639160 -15.339187 64.542847	0.000 -0.526 0.140
item_ammo_smg1_ttt	1359.611450 -15.109524 64.527710	-0.029 -0.496 0.224
item_ammo_smg1_ttt	1402.021606 -373.410065 64.492149	-1.028 0.256 -0.404
item_ammo_smg1_ttt	1389.807495 -372.400635 64.537270	0.077 0.608 0.127
item_ammo_smg1_ttt	1378.015625 -371.565765 64.496841	-1.006 0.480 -0.216
item_ammo_smg1_ttt	1365.908447 -371.447845 64.495705	-1.106 0.398 -0.275
item_ammo_smg1_ttt	-97.631065 -287.301361 196.533325	0.467 0.634 0.467
item_ammo_smg1_ttt	-97.824738 -266.916229 196.426147	-0.310 -0.011 -0.162
item_ammo_smg1_ttt	-97.727425 -244.429138 196.514526	0.783 0.408 0.856
item_ammo_smg1_ttt	-97.579735 -222.148438 196.509521	-0.834 0.541 -0.213
item_ammo_smg1_ttt	275.533325 117.779755 196.534012	0.614 -0.561 0.610
item_ammo_smg1_ttt	291.084137 117.351601 196.413498	0.302 -0.005 0.191
item_ammo_smg1_ttt	305.894043 117.701782 196.429840	0.207 -0.003 0.128
item_ammo_smg1_ttt	321.500732 117.719597 196.456680	-0.442 0.004 -0.339
item_ammo_smg1_ttt	520.310364 -793.278015 -447.582031	0.376 -0.005 0.241
item_ammo_smg1_ttt	532.763184 -793.208618 -447.460388	-0.257 -0.624 -0.110
item_ammo_smg1_ttt	544.903442 -793.423340 -447.496429	-0.082 -0.837 -0.076
item_ammo_smg1_ttt	557.080139 -793.009521 -447.452972	0.478 0.260 0.429
item_ammo_smg1_ttt	1124.460815 -1492.233276 -447.448822	-0.004 -0.478 0.080
item_ammo_smg1_ttt	1137.352295 -1492.468994 -447.577698	0.471 -0.004 0.304
item_ammo_smg1_ttt	1150.130615 -1491.697266 -447.516785	-0.051 -0.004 -0.149
item_ammo_smg1_ttt	1165.633789 -1492.875000 -447.595825	0.192 -0.005 0.117
item_ammo_smg1_ttt	416.606018 -2413.405762 -447.483521	-0.258 0.014 -0.224
item_ammo_smg1_ttt	403.540863 -2413.509277 -447.584259	0.339 -0.005 0.216
item_ammo_smg1_ttt	390.935242 -2413.279297 -447.492493	0.448 -0.033 0.087
item_ammo_smg1_ttt	377.708832 -2413.724365 -447.490417	-0.364 0.012 -0.303
item_ammo_smg1_ttt	4.701492 -1781.724487 -447.476868	-0.788 0.391 -0.251
item_ammo_smg1_ttt	-9.565800 -1782.000977 -447.539520	0.323 -0.003 0.227
item_ammo_smg1_ttt	-25.160168 -1781.989258 -447.566010	0.179 -0.084 0.088
item_ammo_smg1_ttt	-40.108200 -1781.941406 -447.488647	-0.191 -0.017 -0.073
item_ammo_pistol_ttt	1697.400146 -457.627777 106.439156	0.797 -0.168 -0.096
item_ammo_pistol_ttt	1706.718750 -457.635071 106.444336	0.895 -0.152 -0.064
item_ammo_pistol_ttt	897.239441 -2124.975342 -447.715698	-0.134 -0.019 -0.041
item_ammo_pistol_ttt	889.811523 -2125.092285 -447.664307	-0.089 -0.020 -0.027
item_ammo_pistol_ttt	882.165405 -2125.514404 -447.725250	-0.142 -0.019 -0.043
item_ammo_pistol_ttt	874.318420 -2126.135986 -447.673981	-0.098 -0.020 -0.030
item_ammo_pistol_ttt	554.593811 -437.946350 64.391975	-0.093 -0.020 -0.028
item_ammo_pistol_ttt	566.711731 -440.649323 64.335754	-0.142 -0.019 -0.043
item_ammo_pistol_ttt	1040.397949 -460.347534 64.364815	-0.117 -0.019 -0.035
item_ammo_pistol_ttt	1050.900513 -460.411163 64.395149	-0.091 -0.020 -0.027
item_ammo_pistol_ttt	1641.216187 -387.315430 64.462662	0.219 0.076 0.164
item_ammo_pistol_ttt	1633.650269 -386.867676 64.447800	-0.044 -0.020 -0.013
item_ammo_pistol_ttt	1627.485229 -387.649689 64.391975	-0.093 -0.020 -0.028
item_ammo_pistol_ttt	1621.379028 -388.263611 64.345314	-0.134 -0.019 -0.041
item_ammo_pistol_ttt	2169.502441 -123.842186 64.763718	0.875 -0.038 -0.161
item_ammo_pistol_ttt	2161.664307 -121.416481 64.688187	0.032 0.030 0.005
item_ammo_pistol_ttt	1936.526978 -117.300949 64.819756	0.770 -0.340 -0.047
item_ammo_pistol_ttt	1942.604004 -118.843834 64.786415	1.517 -0.180 -0.071
item_ammo_pistol_ttt	1803.527832 -325.421234 64.713112	0.027 0.031 0.004
item_ammo_pistol_ttt	1813.144775 -323.338806 64.690628	0.031 0.030 0.005
item_ammo_pistol_ttt	1819.707031 -410.578766 64.675163	-0.154 -0.018 -0.046
item_ammo_pistol_ttt	1828.481323 -406.799072 64.695175	-0.136 -0.019 -0.041
item_ammo_pistol_ttt	1920.976929 -512.949463 64.800110	-0.329 0.199 -0.437
item_ammo_pistol_ttt	1927.005981 -505.305054 64.703613	-0.093 -0.009 0.002
item_ammo_pistol_ttt	2203.454590 -494.779785 64.798363	1.245 -0.181 -0.061
item_ammo_pistol_ttt	2197.437744 -484.052917 64.736397	0.982 -0.026 -0.151
item_ammo_pistol_ttt	2213.115234 -707.287048 64.385323	-0.099 -0.020 -0.030
item_ammo_pistol_ttt	2207.124268 -707.473328 64.382851	-0.068 -0.003 0.007
item_ammo_pistol_ttt	2201.118896 -706.935974 64.376427	-0.630 0.043 -0.192
item_ammo_pistol_ttt	2195.102295 -707.083618 64.399162	-0.237 -0.035 -0.097
item_ammo_pistol_ttt	1812.468384 -831.626770 64.378258	-0.105 -0.020 -0.032
item_ammo_pistol_ttt	1818.485596 -832.053589 64.387787	-0.125 -0.012 -0.023
item_ammo_pistol_ttt	1824.507813 -831.424561 64.318871	-0.193 -0.018 -0.064
item_ammo_pistol_ttt	1830.531494 -831.980835 64.396805	-0.146 -0.024 -0.063
item_ammo_pistol_ttt	2404.867676 -725.108948 64.372673	-0.110 -0.020 -0.033
item_ammo_pistol_ttt	2412.886230 -725.802063 64.399742	-0.086 -0.020 -0.026
item_ammo_pistol_ttt	2421.489258 -725.566895 64.328194	-0.149 -0.018 -0.045
item_ammo_pistol_ttt	2429.773926 -725.929443 64.352112	-0.128 -0.019 -0.039
item_ammo_pistol_ttt	2625.309570 -777.505615 64.359055	-0.133 -0.014 -0.035
item_ammo_pistol_ttt	2619.007324 -777.510315 64.394157	-0.060 -0.001 0.006
item_ammo_pistol_ttt	2612.262207 -777.502014 64.367424	-0.145 -0.011 -0.024
item_ammo_pistol_ttt	2604.644287 -777.500977 64.380478	-0.094 -0.015 -0.010
item_ammo_pistol_ttt	2722.104248 -585.503723 64.377800	-0.222 -0.017 -0.119
item_ammo_pistol_ttt	2729.432617 -585.529297 64.423744	-0.390 0.044 -0.122
item_ammo_pistol_ttt	2736.208008 -585.502930 64.391777	-0.289 -0.023 -0.125
item_ammo_pistol_ttt	2742.977295 -585.665039 64.460876	1.052 -0.067 0.094
item_ammo_pistol_ttt	2611.245117 -1206.611816 64.404892	-0.501 0.045 -0.171
item_ammo_pistol_ttt	2603.693848 -1206.586914 64.361458	-0.115 -0.004 -0.014
item_ammo_pistol_ttt	2597.199951 -1206.584961 64.349121	-0.217 -0.019 -0.067
item_ammo_pistol_ttt	2589.281250 -1206.587280 64.440742	-0.041 0.008 0.004
item_ammo_pistol_ttt	2456.319336 -777.639404 64.453705	-0.533 0.042 -0.453
item_ammo_pistol_ttt	2464.654297 -777.505249 64.375458	-0.105 -0.005 -0.016
item_ammo_pistol_ttt	2470.826660 -777.553894 64.430695	0.573 0.180 0.083
item_ammo_pistol_ttt	2480.417480 -777.548645 64.438232	-0.341 0.024 -0.158
item_ammo_pistol_ttt	3089.713623 -886.814941 86.542168	-0.180 0.450 -0.211
item_ammo_pistol_ttt	3082.296631 -886.637573 86.554321	-0.095 0.135 -0.102
item_ammo_pistol_ttt	3074.475830 -886.737366 86.543495	0.608 0.159 0.053
item_ammo_pistol_ttt	3067.363770 -886.635559 86.542297	-0.160 0.141 -0.201
item_ammo_pistol_ttt	841.029114 -925.874878 64.438896	-0.526 0.159 -0.549
item_ammo_pistol_ttt	852.102173 -926.249695 64.449532	-0.418 0.147 -0.452
item_ammo_pistol_ttt	865.975342 -925.308228 64.479691	-0.152 0.721 -0.173
item_ammo_pistol_ttt	879.098938 -926.327515 64.435799	-0.705 0.146 -0.637
item_ammo_pistol_ttt	788.878174 -749.327454 64.366829	-0.115 -0.019 -0.035
item_ammo_pistol_ttt	802.112244 -749.159729 64.373520	-0.177 -0.018 -0.051
item_ammo_pistol_ttt	813.602356 -749.259888 64.428650	-0.503 0.027 -0.225
item_ammo_pistol_ttt	212.854156 -534.504333 64.496727	-0.021 -0.403 0.006
item_ammo_pistol_ttt	206.320587 -534.461853 64.634171	0.272 -2.611 0.896
item_ammo_pistol_ttt	198.912796 -534.736633 64.498688	-0.000 -5.087 0.000
item_ammo_pistol_ttt	563.890137 -541.266785 64.388695	-0.096 -0.020 -0.029
item_ammo_pistol_ttt	572.174805 -542.127808 64.360710	-0.121 -0.019 -0.036
item_ammo_pistol_ttt	580.325989 -542.488770 64.425552	-0.064 -0.020 -0.019
item_ammo_pistol_ttt	-80.747742 47.279633 230.115555	-0.415 -0.023 -0.021
item_ammo_pistol_ttt	-68.873024 47.894848 230.120087	-0.497 -0.033 -0.034
item_ammo_pistol_ttt	53.636448 -854.457092 64.455368	-0.272 0.139 -0.360
item_ammo_pistol_ttt	39.163151 -854.529541 64.481049	-0.428 0.179 -0.225
item_ammo_pistol_ttt	25.073675 -854.636902 64.461884	-0.869 0.155 -0.478
item_ammo_pistol_ttt	10.013931 -853.886169 64.474327	-0.304 0.141 -0.255
item_ammo_pistol_ttt	-571.902283 -118.954193 64.354309	-0.126 -0.019 -0.038
item_ammo_pistol_ttt	-565.892761 -119.402351 64.379326	-0.626 0.042 -0.198
item_ammo_pistol_ttt	-559.866577 -119.226952 64.319435	-0.131 -0.007 -0.013
item_ammo_pistol_ttt	-553.861633 -119.872475 64.410431	-0.472 0.045 -0.161
item_ammo_pistol_ttt	-572.742920 -448.601685 64.404121	-0.083 -0.020 -0.025
item_ammo_pistol_ttt	-566.721863 -448.781647 64.377632	-0.101 -0.005 -0.004
item_ammo_pistol_ttt	-560.713684 -448.669067 64.460045	-0.126 -0.034 -0.055
item_ammo_pistol_ttt	-554.718140 -448.866516 64.383080	-0.262 -0.030 -0.096
item_ammo_pistol_ttt	-572.828430 -706.219482 64.469711	0.696 -0.660 0.181
item_ammo_pistol_ttt	-566.707642 -706.387878 64.466316	0.232 -0.649 0.041
item_ammo_pistol_ttt	-560.597107 -706.367554 64.452400	0.547 -0.552 0.033
item_ammo_pistol_ttt	-554.514832 -706.590332 64.434517	-0.244 -0.446 -0.497
item_ammo_pistol_ttt	-294.174011 -886.673767 64.480667	-0.075 0.132 -0.105
item_ammo_pistol_ttt	-301.561890 -886.796753 64.479759	0.382 0.963 0.001
item_ammo_pistol_ttt	-310.294434 -886.745789 64.441040	-0.813 0.169 -0.616
item_ammo_pistol_ttt	-317.348206 -886.717896 64.442368	-0.479 0.150 -0.518
item_ammo_pistol_ttt	712.768188 -352.966522 64.338432	0.031 0.030 0.005
item_ammo_pistol_ttt	719.902283 -351.973907 64.354523	0.028 0.030 0.004
item_ammo_pistol_ttt	727.559753 -350.846466 64.320549	0.035 0.027 0.005
item_ammo_pistol_ttt	734.220215 -350.886444 64.372673	-0.110 -0.020 -0.033
item_ammo_pistol_ttt	842.657410 -350.872925 64.345314	-0.134 -0.019 -0.041
item_ammo_pistol_ttt	852.191711 -349.955719 64.402687	-0.084 -0.020 -0.025
item_ammo_pistol_ttt	860.013977 -349.555878 64.404129	-0.083 -0.020 -0.025
item_ammo_pistol_ttt	867.839722 -349.771362 64.383598	-0.101 -0.020 -0.030
item_ammo_pistol_ttt	393.960968 118.041595 196.469406	0.957 0.161 0.119
item_ammo_pistol_ttt	400.846527 118.038483 196.423126	2.025 0.204 0.162
item_ammo_pistol_ttt	408.105652 118.205856 196.398438	-0.143 -0.002 -0.031
item_ammo_pistol_ttt	415.186798 118.057938 196.481461	0.182 -0.057 -0.045
item_ammo_pistol_ttt	-86.534378 -259.369415 196.474030	0.321 -1.971 0.057
item_ammo_pistol_ttt	-80.231743 -258.843231 196.450455	0.950 -0.241 0.065
item_ammo_pistol_ttt	-74.254501 -259.748718 196.374359	0.646 0.002 0.071
item_ammo_pistol_ttt	554.963135 -823.964539 -447.540253	-0.330 0.491 -0.360
item_ammo_pistol_ttt	552.493530 -844.915466 -447.647888	-0.128 -0.019 -0.039
item_ammo_pistol_ttt	558.329834 -863.070251 -447.585602	-0.203 0.288 -0.386
item_ammo_pistol_ttt	561.806885 -841.389648 -447.595886	-0.083 -0.020 -0.025
item_ammo_pistol_ttt	1176.610840 -1491.552124 -447.631195	-0.113 -0.019 -0.034
item_ammo_pistol_ttt	1183.596436 -1491.400635 -447.559601	-0.051 -0.020 -0.015
item_ammo_pistol_ttt	1191.472412 -1492.201538 -447.641388	-0.122 -0.019 -0.037
item_ammo_pistol_ttt	1198.783936 -1491.506348 -447.547089	-0.040 -0.020 -0.012
item_ammo_pistol_ttt	365.521301 -2414.631592 -447.643524	-0.124 -0.019 -0.038
item_ammo_pistol_ttt	358.239014 -2414.264404 -447.580200	-0.069 -0.020 -0.021
item_ammo_pistol_ttt	350.712921 -2414.649414 -447.629242	-0.112 -0.020 -0.034
item_ammo_pistol_ttt	344.154663 -2415.240723 -447.639282	-0.121 -0.019 -0.036
ttt_random_weapon	2368.900635 -664.034729 89.827789	1.358 4.275 -93.911
ttt_random_weapon	2333.707275 -661.280396 89.818794	1.413 3.920 -93.608
ttt_random_weapon	2356.711914 -649.508179 89.719070	1.506 4.954 -93.376
ttt_random_weapon	2682.410645 -1129.767212 97.783173	1.946 4.785 -92.434
ttt_random_weapon	2679.834229 -1114.233276 97.800331	1.753 4.772 -92.877
ttt_random_weapon	2679.269531 -1101.951782 97.815186	1.585 4.837 -93.261
ttt_random_weapon	2677.993408 -1086.303101 97.790833	1.860 4.779 -92.631
ttt_random_weapon	2553.569824 -1130.691650 97.812065	1.621 4.762 -93.180
ttt_random_weapon	2554.446533 -1117.755127 97.807899	1.668 4.766 -93.072
ttt_random_weapon	2552.533447 -1106.535156 97.790115	1.868 4.779 -92.613
ttt_random_weapon	2554.030762 -1093.933594 97.819550	1.536 4.756 -93.374
ttt_random_weapon	2445.529297 -1022.619751 97.791069	1.700 5.150 -92.818
ttt_random_weapon	2447.528564 -1011.707031 97.786377	1.910 4.782 -92.516
ttt_random_weapon	2450.954346 -996.726563 97.794891	1.814 4.776 -92.736
ttt_random_weapon	2448.075439 -982.305786 97.785591	1.919 4.783 -92.496
ttt_random_weapon	3183.183105 -641.621704 107.207291	1.793 4.774 -92.785
ttt_random_weapon	3183.258789 -652.374390 107.200516	1.869 5.819 -92.610
ttt_random_weapon	3181.655762 -662.680786 107.173935	2.168 3.018 -91.926
ttt_random_weapon	3183.238037 -678.395325 107.211380	1.747 5.411 -92.891
ttt_random_weapon	3182.282471 -689.906250 107.155357	1.827 4.700 -92.561
ttt_random_weapon	3182.110840 -705.250061 107.208435	1.780 3.239 -92.815
ttt_random_weapon	3182.230469 -718.857971 107.233978	1.491 5.500 -93.476
ttt_random_weapon	3183.242920 -726.939270 107.224258	1.601 5.510 -93.224
ttt_random_weapon	2639.896729 -667.767151 65.229492	1.542 7.466 -93.359
ttt_random_weapon	1951.717773 -786.180054 105.221382	1.634 4.763 -93.149
ttt_random_weapon	1944.468628 -765.922424 105.227432	1.566 4.758 -93.306
ttt_random_weapon	1946.829102 -742.406677 105.211395	1.747 4.771 -92.891
ttt_random_weapon	2011.152954 -782.516663 105.215080	1.705 4.768 -92.986
ttt_random_weapon	2013.846680 -759.959839 105.229500	1.542 4.757 -93.360
ttt_random_weapon	2014.327881 -734.607971 105.225807	1.584 4.760 -93.264
ttt_random_weapon	2077.901367 -780.096069 105.199150	1.885 4.781 -92.575
ttt_random_weapon	2080.600830 -757.960022 105.213547	1.722 4.769 -92.947
ttt_random_weapon	2077.618408 -738.027405 105.227737	1.562 4.758 -93.314
ttt_random_weapon	2047.590576 -457.589264 95.754227	1.495 3.785 -93.558
ttt_random_weapon	2046.537598 -444.224335 95.705925	2.022 5.704 -92.423
ttt_random_weapon	2047.725464 -431.045380 95.710655	1.972 5.707 -92.526
ttt_random_weapon	2048.815918 -419.376373 95.735352	1.709 5.717 -93.066
ttt_random_weapon	2048.120850 -406.546021 95.770638	1.332 5.639 -93.841
ttt_random_weapon	2051.783447 -396.950745 95.714272	1.819 3.452 -93.313
ttt_random_weapon	2052.539551 -383.976654 95.761078	1.594 5.798 -94.382
ttt_random_weapon	2052.656006 -369.992340 95.721390	1.858 5.714 -92.761
ttt_random_weapon	2052.447998 -466.428680 95.697563	2.110 5.694 -92.241
ttt_random_weapon	1759.602051 -797.462891 102.204300	1.350 4.988 -93.822
ttt_random_weapon	1756.518311 -784.174805 102.190735	1.462 4.521 -93.570
ttt_random_weapon	1561.107788 -200.833328 98.900558	1.359 4.901 -94.166
ttt_random_weapon	1564.921265 -209.955872 98.949600	1.392 5.115 -94.092
ttt_random_weapon	1571.625488 -217.765762 98.997131	1.360 5.061 -94.166
ttt_random_weapon	1631.464233 -221.957199 99.013237	1.372 6.392 -94.096
ttt_random_weapon	1688.878296 -224.236435 99.024178	1.357 5.012 -94.116
ttt_random_weapon	745.093018 -453.295685 107.149361	2.145 -1.724 -92.251
ttt_random_weapon	747.439392 -462.538605 107.205917	1.809 1.441 -92.750
ttt_random_weapon	746.133057 -474.163513 107.210838	1.753 4.772 -92.877
ttt_random_weapon	664.111572 -459.892059 107.186729	2.026 4.792 -92.251
ttt_random_weapon	708.489624 -476.501862 107.204742	1.822 4.776 -92.719
ttt_random_weapon	706.492798 -453.027100 107.244743	1.222 -1.193 -94.657
ttt_random_weapon	202.360687 -170.397659 230.923080	2.116 4.814 -91.721
ttt_random_weapon	201.705017 -181.725113 230.873169	2.125 4.276 -91.721
ttt_random_weapon	164.266800 -186.463058 230.916168	1.277 6.473 -93.632
ttt_random_weapon	164.100372 -164.063858 230.999710	1.285 4.210 -93.630
ttt_random_weapon	127.328575 -183.400757 230.907486	1.284 1.302 -93.752
ttt_random_weapon	127.793968 -163.143967 230.845108	2.118 5.291 -90.888
ttt_random_weapon	-78.156876 -37.105656 230.962860	1.054 3.390 -93.861
ttt_random_weapon	-75.650055 -22.954926 230.901596	1.871 4.630 -92.009
ttt_random_weapon	-75.484436 -5.806046 230.971344	1.066 5.343 -93.880
ttt_random_weapon	-76.095085 7.176147 230.965332	1.066 4.974 -93.878
ttt_random_weapon	612.194946 -232.254288 230.872299	2.115 3.942 -91.799
ttt_random_weapon	611.104919 -218.387405 230.916779	2.115 3.809 -91.799
ttt_random_weapon	571.585083 -234.059402 230.915543	1.376 5.497 -93.421
ttt_random_weapon	570.405518 -217.209503 230.934570	1.626 4.534 -92.683
ttt_random_weapon	335.726501 -2095.205322 -412.856720	2.176 4.280 -92.314
ttt_random_weapon	335.496918 -2084.213867 -412.848755	1.364 4.396 -94.172
ttt_random_weapon	427.105804 -2096.010986 -412.890015	2.207 5.775 -92.316
ttt_random_weapon	428.456146 -2084.936523 -412.897583	1.240 2.909 -94.163
ttt_random_weapon	428.522858 -2076.428711 -413.087280	1.961 4.049 -92.727
ttt_random_weapon	-49.291737 -1679.509521 -413.061676	1.329 4.974 -94.358
ttt_random_weapon	-20.092030 -1682.886963 -413.048096	1.344 4.004 -94.410
ttt_random_weapon	-40.637939 -1698.870361 -413.022369	1.838 6.235 -93.510
ttt_random_weapon	1138.555542 -1648.752075 -415.703583	1.345 5.288 -93.988
ttt_random_weapon	1138.376465 -1635.673096 -415.737335	1.338 2.511 -93.988
ttt_random_weapon	1101.157715 -1646.835327 -415.781708	2.155 3.848 -92.172
ttt_random_weapon	1098.505127 -1631.293823 -415.748993	1.345 4.102 -93.982
ttt_random_weapon	1054.340698 -1650.148193 -415.772186	2.153 3.948 -92.131
ttt_random_weapon	1054.887329 -1632.797241 -415.750580	1.406 4.592 -93.844
ttt_random_weapon	194.871231 -1904.677124 -414.148682	2.223 3.763 -92.504
ttt_random_weapon	81.490204 -1903.304443 -381.400574	1.837 4.777 -92.685
ttt_random_weapon	675.717041 -1753.328735 -414.077454	1.542 5.570 -93.295
ttt_random_weapon	677.500916 -1700.463745 -414.071014	1.525 4.332 -93.398
ttt_random_weapon	197.108887 -561.917908 65.223656	1.608 4.988 -93.208
ttt_random_weapon	235.565582 -560.455078 65.228615	1.552 4.983 -93.337
ttt_random_weapon	234.594437 -581.470642 65.226761	1.573 4.985 -93.289
ttt_random_weapon	198.003464 -580.493408 65.231590	1.518 4.979 -93.414
ttt_random_weapon	539.530457 -567.063782 65.228012	1.559 4.984 -93.321
ttt_random_weapon	588.098999 -563.769470 65.218803	1.663 4.987 -93.083
ttt_random_weapon	583.632751 -590.805237 65.222908	1.617 4.988 -93.189
ttt_random_weapon	541.676392 -593.871826 65.229752	1.539 4.982 -93.366
ttt_random_weapon	-36.877579 -819.466064 98.161964	2.239 3.597 -91.881
ttt_random_weapon	-37.645237 -801.116150 98.249855	1.403 3.505 -93.796
ttt_random_weapon	-37.105965 -786.500793 98.185280	2.239 3.596 -91.881
ttt_random_weapon	-36.016132 -828.238098 98.228821	1.403 3.574 -93.796
ttt_random_weapon	99.037544 -789.908875 98.193527	2.175 3.530 -91.884
ttt_random_weapon	99.966309 -803.119019 98.184868	2.163 5.054 -91.908
ttt_random_weapon	100.125687 -813.187744 98.250801	1.339 3.380 -93.799
ttt_random_weapon	99.297478 -827.949524 98.195457	1.847 3.798 -92.635
ttt_random_weapon	-552.606812 -370.676697 102.127052	2.174 3.528 -92.000
ttt_random_weapon	-554.473877 -386.142853 102.197617	1.340 3.911 -93.792
ttt_random_weapon	-545.733276 -399.554138 102.158058	1.528 4.350 -93.200
ttt_random_weapon	-427.116547 -882.246521 104.772263	1.326 3.366 -93.851
ttt_random_weapon	-461.223602 -883.326050 104.768364	1.326 3.394 -93.851
ttt_random_weapon	-430.122681 -867.859863 104.692009	2.112 4.671 -91.951
ttt_random_weapon	-465.028931 -866.807068 104.673378	2.340 4.996 -91.600
ttt_random_weapon	-152.033539 -882.604797 104.761078	1.337 4.406 -93.878
ttt_random_weapon	-150.903656 -868.038330 104.748245	1.329 3.461 -93.894
ttt_random_weapon	-183.685165 -879.531311 104.755737	1.319 2.980 -94.023
ttt_random_weapon	-187.869690 -866.780029 104.637177	1.878 7.356 -92.613
ttt_random_weapon	-400.312073 -20.563135 65.208199	1.757 5.715 -92.967
ttt_random_weapon	-398.003662 -50.877224 65.198029	1.866 5.710 -92.745
ttt_random_weapon	-319.019958 -19.225962 65.181320	2.043 5.706 -92.380
ttt_random_weapon	-319.893280 -58.764042 65.212746	1.709 5.717 -93.066
ttt_random_weapon	-252.513748 -17.425684 65.151970	2.354 5.667 -91.740
ttt_random_weapon	-251.564484 -56.204056 65.176064	2.099 5.703 -92.265
ttt_random_weapon	-173.975098 -16.237534 65.157639	2.294 5.679 -91.864
ttt_random_weapon	-171.237503 -62.939384 65.188049	1.972 5.707 -92.526
ttt_random_weapon	-476.831787 -17.776758 65.157639	2.294 5.679 -91.864
ttt_random_weapon	-480.843414 -55.759094 65.200256	1.842 5.713 -92.793
ttt_random_weapon	-181.539047 -398.059387 80.908325	-2.091 -0.441 84.234
ttt_random_weapon	-190.573776 -421.242096 80.883621	-1.961 -0.659 83.763
ttt_random_weapon	-200.231354 -518.539368 81.925812	1.180 7.910 -94.964
ttt_random_weapon	-188.293991 -539.513245 81.897636	1.606 5.513 -93.260
ttt_random_weapon	-183.188751 -550.149841 81.827644	1.977 4.146 -92.502
ttt_random_weapon	779.643616 -382.161896 230.942078	1.310 5.313 -93.545
ttt_random_weapon	779.914795 -370.097656 230.994736	1.380 5.846 -93.375
ttt_random_weapon	744.342041 -383.655487 230.884064	1.453 5.945 -92.776
ttt_random_weapon	744.189697 -370.664886 230.916901	2.293 4.534 -91.363
ttt_random_weapon	1355.365967 -87.653244 65.192429	1.925 5.709 -92.622
ttt_random_weapon	1354.301514 -134.202545 65.203064	1.812 5.715 -92.855
ttt_random_weapon	1357.311890 -106.348282 65.198784	1.858 5.714 -92.761
ttt_random_weapon	1352.153931 -244.514816 65.176064	2.099 5.703 -92.265
ttt_random_weapon	1353.946533 -275.043091 65.224228	1.586 5.721 -93.318
ttt_random_weapon	1352.590454 -301.851135 65.170380	2.159 5.699 -92.141
ttt_random_weapon	1324.996948 -21.756186 65.173843	2.122 5.695 -92.217
ttt_random_weapon	1288.348755 -18.839273 65.228775	1.538 5.723 -93.418
ttt_random_weapon	1337.711914 -362.064484 65.181320	2.043 5.706 -92.380
ttt_random_weapon	1301.093994 -364.160858 65.209969	1.739 5.716 -93.006
ttt_random_weapon	836.879517 -298.422516 65.234322	1.488 4.975 -93.485
ttt_random_weapon	836.269043 -322.925934 65.218803	1.663 4.987 -93.083
ttt_random_weapon	798.700134 -322.251434 65.225090	1.592 4.977 -93.245
ttt_random_weapon	801.111023 -302.822449 65.227402	1.566 4.984 -93.305
ttt_random_weapon	758.663269 -301.389435 65.215530	1.700 4.986 -92.998
ttt_random_weapon	758.594666 -322.595154 65.223663	1.608 4.988 -93.208
ttt_random_weapon	710.199280 -321.552734 65.215233	1.703 4.994 -92.990
ttt_random_weapon	710.681396 -298.375793 65.219612	1.654 4.832 -93.104
ttt_random_weapon	704.220459 -45.224907 65.248451	1.365 4.372 -93.940
ttt_random_weapon	772.770691 -45.432957 65.228012	1.559 4.984 -93.321
ttt_random_weapon	831.865356 -48.529926 65.231590	1.518 4.979 -93.414
ttt_random_weapon	830.054077 -98.281349 65.231590	1.518 4.979 -93.414
ttt_random_weapon	770.580994 -95.315918 65.225777	1.584 4.986 -93.263
ttt_random_weapon	700.307190 -101.281601 65.209457	1.293 4.884 -93.386
ttt_random_weapon	383.872894 97.423103 105.321693	1.678 4.766 -93.049
ttt_random_weapon	384.331238 85.958382 105.337471	1.499 4.753 -93.457
ttt_random_weapon	272.622131 71.710564 105.315041	1.753 4.772 -92.877
ttt_random_weapon	497.180511 75.028336 105.256012	2.415 0.625 -91.358
ttt_random_weapon	4.298258 -44.154911 65.221741	1.630 4.989 -93.159
ttt_random_weapon	45.167789 -41.490993 65.219238	1.658 4.987 -93.094
ttt_random_weapon	89.857559 -40.023499 65.217438	1.679 4.988 -93.047
ttt_random_weapon	757.661926 -893.715942 89.794373	1.268 5.191 -93.731
ttt_random_weapon	759.355225 -882.801270 89.816238	1.274 5.127 -93.771
ttt_random_weapon	792.885498 -894.818787 89.840401	1.354 -2.072 -93.853
ttt_random_weapon	793.929504 -880.399292 89.869812	1.579 0.756 -95.137
ttt_random_weapon	988.303528 -743.377747 98.930466	1.369 4.163 -94.130
ttt_random_weapon	987.172180 -757.148132 98.974419	1.524 5.997 -93.620
ttt_random_weapon	983.729919 -868.670959 98.884789	1.666 4.638 -93.286
ttt_random_weapon	2699.557129 -619.777100 65.208717	1.777 4.928 -92.822
ttt_random_weapon	2766.060059 -622.605164 65.199409	1.882 4.926 -92.582
ttt_random_weapon	721.281311 -794.463928 65.222908	1.617 4.988 -93.189
ttt_random_weapon	703.119690 -828.417175 65.224548	1.567 4.408 -93.267
ttt_random_weapon	691.518372 -849.022705 65.215530	1.700 4.986 -92.998
ttt_random_weapon	557.257202 -857.020691 65.232559	1.508 4.977 -93.439
ttt_random_weapon	593.723633 -850.846741 65.231590	1.518 4.979 -93.414
ttt_random_weapon	597.751038 -823.731750 65.202377	1.848 3.993 -92.658
ttt_random_weapon	596.056763 -790.812866 65.240074	1.422 4.964 -93.634
ttt_random_weapon	196.184311 -856.240845 65.233246	1.500 4.977 -93.457
ttt_random_weapon	158.565063 -856.683960 65.226761	1.573 4.985 -93.289
ttt_random_weapon	154.900757 -822.454590 65.225433	1.588 4.986 -93.254
ttt_random_weapon	157.943192 -787.408752 65.229187	1.546 4.982 -93.352
ttt_random_weapon	-149.048004 -524.455444 65.211662	1.720 5.718 -93.043
ttt_random_weapon	-158.506821 -501.541931 65.203743	1.805 5.714 -92.869
ttt_random_weapon	-159.904968 -460.242065 65.238571	1.433 5.729 -93.633
ttt_random_weapon	-142.075974 -425.588348 65.172707	2.134 5.695 -92.192
ttt_random_weapon	324.432922 92.928825 65.219055	1.642 5.720 -93.205
ttt_random_weapon	457.091156 82.275665 65.167984	2.184 5.689 -92.089
ttt_random_weapon	1286.749634 -1835.422974 -412.804474	1.464 6.019 -93.858
ttt_random_weapon	1284.582153 -1805.291016 -412.820282	1.497 4.406 -93.901
ttt_random_weapon	1278.481323 -1782.148315 -412.826263	1.526 4.154 -93.947
ttt_random_weapon	1270.622437 -1754.990234 -412.837769	1.640 6.130 -93.724
ttt_random_weapon	1261.591309 -1730.767212 -412.908844	1.985 6.793 -92.384
weapon_zm_sledge	2294.763428 -889.961182 67.621544	-11.937 -0.723 0.055
weapon_ttt_smg	1069.142578 -464.183197 69.710022	4.982 0.223 0.346
weapon_ttt_m16	566.086243 -417.609100 65.242905	1.761 -13.780 83.160
weapon_ttt_m16	-66.191498 34.351067 230.936707	1.078 -11.611 83.202
weapon_ttt_tmp	954.917542 -1639.441406 -447.378326	-0.024 19.568 85.040
weapon_ttt_tmp	743.174683 -234.211044 230.394623	-0.743 13.542 85.745
weapon_ttt_mp5	967.581787 -1763.232422 -446.812347	1.178 -14.540 84.846
weapon_zm_molotov	2257.479492 -780.083679 65.429565	10.007 -109.801 90.213
weapon_zm_molotov	2258.176758 -776.833008 65.415619	74.488 63.940 94.953
weapon_zm_molotov	941.637146 -2123.499756 -446.527283	77.247 -102.717 -86.852
weapon_zm_molotov	946.576172 -2108.059326 -446.566071	74.492 -103.352 -87.556
weapon_zm_molotov	286.046082 -645.106079 -807.519592	-79.291 98.995 68.922
weapon_zm_molotov	285.696289 -662.741577 -807.927307	-10.174 74.544 89.449
weapon_zm_molotov	1128.472290 -1503.145996 -446.448181	-6.539 87.131 89.788
weapon_zm_molotov	1127.079224 -1506.393677 -446.202332	-58.949 -106.021 -88.154
weapon_zm_rifle	807.028931 -90.537537 199.279602	1.094 -5.123 -82.960
weapon_ttt_glock	1699.552979 -475.375488 106.578781	-0.003 25.677 90.003
weapon_zm_mac10	-347.217712 -1912.273926 -446.777679	0.021 -42.535 -88.137
weapon_ttt_revolver	528.291382 -629.163452 -411.170715	9.241 26.675 73.924
weapon_ttt_revolver	1696.473389 -790.918274 90.018425	9.386 25.357 74.276
weapon_ttt_dual_elites	2532.526611 -214.823288 64.016350	1.861 0.152 -0.266
weapon_ttt_dual_elites	822.467346 -243.309631 229.801361	1.663 -0.036 0.254
weapon_ttt_confgrenade	788.238892 -2132.021973 -437.008179	-35.731 117.647 91.162
weapon_ttt_confgrenade	1717.183350 -383.329834 65.737549	-35.879 112.065 90.572
weapon_ttt_confgrenade	1713.600098 -360.190063 65.731865	-35.973 112.078 90.544
weapon_zm_shotgun	2412.244873 -231.149445 65.256554	-0.147 8.498 83.177
weapon_zm_shotgun	954.264709 -2083.555664 -446.817047	-0.387 8.667 83.587
weapon_zm_shotgun	125.008179 -252.547653 197.004059	-0.643 72.955 -84.496
weapon_ttt_famas	700.778503 -499.838593 197.474640	1.265 14.030 81.687
weapon_zm_revolver	2657.016602 -432.683441 98.310814	2.190 26.839 87.217
weapon_ttt_aug	-47.878807 -507.724884 197.669556	-0.848 -7.292 -81.547
weapon_ttt_sg552	2648.762207 -494.373505 65.259583	-3.011 4.965 91.180
