# Trouble in Terrorist Town weapon/ammo placement overrides
# For map: ttt_lockout
# Exported by: Roj4s 138
setting:	replacespawns 0
ttt_random_weapon	-1476.913696 4.060895 840.237854	1.449 4.169 -93.966
ttt_random_weapon	-1495.001587 -16.935644 840.221313	1.633 4.180 -93.151
ttt_random_weapon	-1496.439575 -44.576889 840.229492	1.480 4.183 -93.736
ttt_random_weapon	-1460.657715 -17.200369 840.269775	1.481 4.687 -94.695
ttt_random_weapon	-1459.626587 19.358753 840.746948	-2.053 15.832 85.498
ttt_random_weapon	-1947.797607 -65.164154 840.209229	1.772 4.198 -92.834
ttt_random_weapon	-1887.787354 -66.214409 840.228149	1.554 4.168 -93.332
ttt_random_weapon	-1880.533936 -38.021603 840.237671	1.446 6.447 -93.585
ttt_random_weapon	-1882.954590 -19.424000 840.232483	1.181 4.390 -93.815
ttt_random_weapon	-1937.478149 -10.808512 840.239502	1.360 5.289 -93.810
ttt_random_weapon	-1941.644897 -41.609516 840.215149	1.696 5.288 -93.034
ttt_random_weapon	-1998.712402 424.123383 840.226746	1.510 -1.734 -93.681
ttt_random_weapon	-1995.865967 445.878937 840.262268	1.978 3.579 -89.093
ttt_random_weapon	-1998.221069 464.515839 840.209839	1.765 4.198 -92.850
ttt_random_weapon	-1474.699219 486.335022 840.243774	1.361 4.379 -93.771
ttt_random_weapon	-1483.455444 479.645874 840.244202	1.343 4.657 -93.790
ttt_random_weapon	-1482.481323 471.377716 840.214966	1.704 4.190 -92.989
ttt_random_weapon	-1487.177490 444.021393 840.240295	1.316 4.142 -93.944
ttt_random_weapon	-1528.565552 478.584839 840.231079	1.157 1.571 -93.823
ttt_random_weapon	-1528.513672 468.693634 840.220093	1.536 5.978 -93.807
ttt_random_weapon	-1525.863770 458.281250 840.219604	1.541 4.357 -93.798
ttt_random_weapon	-1532.034058 447.540314 840.221680	1.628 4.180 -93.162
ttt_random_weapon	-493.397186 167.500931 427.218353	1.668 4.182 -93.072
ttt_random_weapon	-500.474457 222.404236 427.234497	1.485 4.155 -93.491
ttt_random_weapon	-499.404724 274.479218 427.236725	1.461 4.066 -93.546
ttt_random_weapon	-491.369049 295.852570 427.239075	1.432 4.061 -93.613
ttt_random_weapon	-1451.936279 150.487259 237.240967	1.412 4.056 -93.658
ttt_random_weapon	-1548.081177 133.492142 237.246338	1.430 4.095 -94.202
ttt_random_weapon	-1646.936646 128.519669 237.247894	1.333 5.141 -93.838
ttt_random_weapon	-1734.423340 128.244598 237.222351	1.623 4.108 -93.175
ttt_random_weapon	-1780.624268 128.707870 237.218903	1.662 4.548 -93.085
ttt_random_weapon	-1403.707886 305.928162 237.214584	1.711 4.189 -92.973
ttt_random_weapon	-1497.826050 306.371735 237.228165	1.376 3.963 -93.724
ttt_random_weapon	-1593.320068 296.528778 237.228775	1.478 4.149 -93.787
ttt_random_weapon	-1677.837524 293.425049 237.236420	1.336 3.979 -93.796
ttt_random_weapon	-1753.407715 285.570953 237.205383	1.814 4.202 -92.736
ttt_random_weapon	-940.500488 364.266693 460.243195	1.387 4.050 -93.715
ttt_random_weapon	-939.143799 401.976318 460.275787	1.523 4.032 -94.936
ttt_random_weapon	-1699.829102 120.959122 627.228394	1.555 4.167 -93.331
ttt_random_weapon	-1930.618042 395.872803 706.222595	1.621 4.723 -93.178
ttt_random_weapon	-2161.322266 1046.223267 650.220886	1.383 4.808 -93.432
ttt_random_weapon	-2167.371094 1085.157715 650.226624	1.573 4.170 -93.290
ttt_random_weapon	-2162.186523 1102.140625 650.239929	1.412 4.371 -93.690
ttt_random_weapon	-2162.770020 1125.043335 650.202148	1.167 4.107 -93.854
ttt_random_weapon	-2159.990234 1138.909912 650.219482	1.295 4.211 -93.515
ttt_random_weapon	-2037.244507 894.967102 650.244995	1.335 5.805 -93.818
ttt_random_weapon	-2095.761475 897.145081 650.216736	1.456 3.768 -94.014
ttt_random_weapon	-2123.518799 910.105957 650.212891	1.468 1.438 -93.232
ttt_random_weapon	-2060.595459 873.151611 650.445313	3.401 0.690 -94.048
ttt_random_weapon	-2051.570313 879.876282 650.245789	1.341 4.325 -93.847
ttt_random_weapon	-2045.914795 879.259705 652.856323	7.617 -6.227 86.344
ttt_random_weapon	-1949.208496 1107.223511 884.220093	1.042 2.765 -93.812
ttt_random_weapon	-1996.802002 1104.946655 884.244934	1.348 9.290 -93.815
ttt_random_weapon	-2027.226563 1099.986206 884.223206	1.248 -0.896 -93.628
ttt_random_weapon	-2039.042114 1103.227051 887.019714	-3.544 8.765 86.540
ttt_random_weapon	-2630.223877 -221.225128 851.218628	1.555 1.107 -93.759
ttt_random_weapon	-2621.912354 -230.477020 851.170105	2.204 -17.638 -91.843
ttt_random_weapon	-2628.514648 -147.760696 851.228760	1.301 4.401 -93.865
ttt_random_weapon	-2627.477783 -130.858551 851.201416	1.857 4.203 -92.638
ttt_random_weapon	-2625.359863 -193.311310 851.239685	1.403 4.016 -93.880
ttt_random_weapon	-2621.264648 -147.311447 853.786926	0.707 5.596 -92.684
ttt_random_weapon	-2591.580322 -691.162842 851.228821	1.545 4.165 -93.352
ttt_random_weapon	-2593.427002 -680.716431 851.244385	1.333 4.658 -93.919
ttt_random_weapon	-2601.404541 -661.239197 851.243896	1.358 4.696 -93.776
ttt_random_weapon	-2598.545166 -629.500793 851.223328	1.611 4.718 -93.201
ttt_random_weapon	-2612.507813 -677.741028 852.401184	-1.019 3.700 -112.207
ttt_random_weapon	-2612.288574 -701.198364 851.223022	1.462 4.078 -93.826
ttt_random_weapon	-1663.622681 -1031.114990 1130.236084	1.426 4.385 -93.775
ttt_random_weapon	-1668.652466 -1061.286377 1130.238770	1.405 3.464 -93.798
ttt_random_weapon	-1676.400269 -1108.918701 1130.205200	1.814 4.203 -92.736
ttt_random_weapon	-1659.681885 -1052.076660 1130.202881	1.703 4.642 -92.832
ttt_random_weapon	-1648.979980 -982.616699 1131.686768	-3.778 1.159 -22.800
ttt_random_weapon	-1666.463379 -1071.049561 1130.240479	1.394 4.311 -93.770
ttt_random_weapon	-1642.510986 -860.711853 1130.243530	1.367 9.710 -93.760
ttt_random_weapon	-1642.028931 -878.490845 1130.235474	1.430 4.257 -93.777
ttt_random_weapon	-1638.673950 -893.587280 1130.227661	1.421 3.905 -93.778
ttt_random_weapon	-1636.885986 -908.476746 1130.232666	1.381 4.481 -93.693
ttt_random_weapon	-1627.035889 -843.881836 1130.234375	1.300 3.568 -93.735
ttt_random_weapon	-767.326294 62.021694 884.200562	1.867 4.208 -92.615
ttt_random_weapon	-821.118469 52.345898 884.205383	1.813 4.203 -92.738
ttt_random_weapon	-765.343262 39.841095 884.222107	1.624 4.177 -93.172
ttt_random_weapon	-799.497620 30.635077 884.203369	1.835 4.206 -92.688
ttt_random_weapon	-857.307556 409.151733 884.202026	1.851 4.207 -92.652
ttt_random_weapon	-859.988037 382.298828 884.215393	1.699 4.186 -93.001
ttt_random_weapon	-863.688782 438.495422 884.197449	1.903 4.207 -92.533
ttt_random_weapon	-997.712158 15.199903 884.238647	1.439 4.062 -93.596
ttt_random_weapon	-986.611877 64.129112 884.210388	1.758 4.195 -92.864
ttt_random_weapon	-1925.956665 122.759209 627.235718	1.472 4.153 -93.521
ttt_random_weapon	-1929.456055 341.573242 627.215027	1.705 4.188 -92.986
ttt_random_weapon	-1662.195435 963.848755 650.228821	1.545 4.165 -93.352
ttt_random_weapon	-483.814941 1004.798523 438.247528	1.358 4.515 -93.908
ttt_random_weapon	-509.826324 997.044006 438.239136	1.430 1.618 -93.616
ttt_random_weapon	-1309.215210 157.257416 293.220490	1.644 6.417 -93.126
ttt_random_weapon	-1277.919067 151.007935 293.217438	1.678 4.185 -93.048
ttt_random_weapon	-1238.585327 144.899078 293.244019	1.361 4.078 -93.780
ttt_random_weapon	-1208.677124 157.553299 293.214539	1.711 4.189 -92.973
ttt_random_weapon	-1304.867188 296.105865 293.225433	1.588 5.710 -93.254
ttt_random_weapon	-1282.964600 282.945251 293.227966	1.559 -17.963 -93.320
ttt_random_weapon	-1258.020508 295.886597 293.231476	2.054 4.773 -89.710
ttt_random_weapon	-1233.671265 292.333923 293.922546	5.224 4.915 -94.807
ttt_random_weapon	-1815.374756 306.850830 237.237015	1.457 4.065 -93.554
ttt_random_weapon	-1848.183716 306.944855 237.229309	1.372 4.932 -93.552
ttt_random_weapon	-1858.888794 142.343521 237.218353	1.668 4.182 -93.072
ttt_random_weapon	-1815.067505 155.297012 237.244034	1.376 4.049 -93.740
ttt_random_weapon	-2627.817627 -731.325623 851.236572	1.460 4.150 -93.548
ttt_random_weapon	-2596.080811 -735.296204 851.209106	1.773 4.197 -92.831
ttt_random_weapon	-2647.946289 -598.687561 851.230408	1.527 4.161 -93.394
ttt_random_weapon	-2616.196289 -606.060364 851.213867	1.717 4.188 -92.959
ttt_random_weapon	-2356.878418 -700.888977 851.255249	2.448 4.356 -92.127
ttt_random_weapon	-2335.493896 -703.342651 852.450073	7.324 4.056 -93.549
ttt_random_weapon	-2313.052979 -710.289856 851.239929	1.424 4.058 -93.631
ttt_random_weapon	-2317.904053 -692.550964 851.216431	1.218 0.585 -94.139
ttt_random_weapon	-2413.475342 -1368.297729 946.242737	1.468 3.121 -94.344
ttt_random_weapon	-2429.161865 -1375.300903 946.221375	1.557 2.166 -93.624
ttt_random_weapon	-2383.230713 -1385.203003 946.217590	1.424 4.038 -93.517
ttt_random_weapon	-1938.736694 -809.133789 1130.205811	1.808 4.200 -92.751
ttt_random_weapon	-1942.635742 -790.016479 1130.236206	1.464 4.150 -93.539
ttt_random_weapon	-1943.769653 -772.657410 1130.209595	1.766 4.196 -92.846
ttt_random_weapon	-1656.459595 1161.578247 884.209412	1.346 4.057 -93.468
ttt_random_weapon	-1652.416138 1096.947144 884.241882	1.374 4.542 -93.834
ttt_random_weapon	-1652.659668 1072.192871 884.198975	1.885 4.211 -92.573
ttt_random_weapon	-1654.746338 1000.750610 884.214600	1.377 3.747 -93.563
ttt_random_weapon	-1696.210815 944.886230 884.233154	1.470 1.907 -93.631
ttt_random_weapon	-1666.841919 1055.360474 884.227966	1.555 4.167 -93.329
ttt_random_weapon	-1690.474243 999.736511 884.209595	1.766 4.196 -92.846
ttt_random_weapon	-1678.273926 1042.563477 884.237427	1.450 4.148 -93.570
ttt_random_weapon	-2154.506836 885.512268 884.220337	1.644 4.179 -93.127
ttt_random_weapon	-1966.897461 902.526123 884.204529	1.822 4.202 -92.717
ttt_random_weapon	-1637.250854 529.821411 840.244751	1.998 4.116 -89.776
ttt_random_weapon	-1624.833496 527.150696 841.779663	-5.243 3.249 -84.611
ttt_random_weapon	-1580.843628 530.713318 840.209839	1.765 4.198 -92.850
ttt_random_weapon	-1898.921143 538.290649 840.205383	1.813 4.203 -92.739
ttt_random_weapon	-1895.251709 549.348877 840.212463	1.733 4.194 -92.922
ttt_random_weapon	-1910.210083 510.272247 840.233704	1.489 4.157 -93.481
ttt_random_weapon	-1513.650391 -68.010216 841.753784	-4.453 -2.174 -5.619
ttt_random_weapon	-1460.813599 -72.561119 840.227356	1.311 4.202 -93.599
ttt_random_weapon	-1457.685059 -51.904308 840.209778	1.765 4.197 -92.849
ttt_random_weapon	-1395.741699 43.269524 840.213501	1.721 4.190 -92.949
ttt_random_weapon	-1902.730591 462.850861 840.196228	1.917 4.216 -92.500
ttt_random_weapon	-1943.138062 482.433533 840.235962	1.465 8.953 -93.536
ttt_random_weapon	-1528.473389 528.299622 840.198486	1.891 4.212 -92.559
ttt_random_weapon	-1444.607788 471.370758 840.247009	1.340 5.282 -93.823
ttt_random_weapon	-2658.834717 -198.748413 851.212891	1.728 4.189 -92.934
ttt_random_weapon	-2667.691406 -233.370193 851.204712	1.821 4.201 -92.721
ttt_random_weapon	-2340.857422 73.725204 851.247253	1.330 4.684 -93.839
ttt_random_weapon	-2369.156982 71.580269 852.102295	-2.621 9.302 -100.195
ttt_random_weapon	-2398.967773 72.026184 852.076416	0.041 1.453 -107.502
ttt_random_weapon	-2284.869385 -388.373016 817.242798	1.379 3.714 -93.733
ttt_random_weapon	-2289.215820 -399.000061 817.204041	1.828 4.203 -92.705
ttt_random_weapon	-2285.319092 -417.954346 817.243713	1.363 4.129 -93.769
ttt_random_weapon	-2285.967773 -438.976898 817.231995	1.509 4.160 -93.435
ttt_random_weapon	-2287.446045 -447.502502 817.212524	1.733 4.193 -92.922
ttt_random_weapon	-2596.642578 -473.025330 494.238525	1.365 4.271 -93.682
ttt_random_weapon	-2595.967529 -458.265381 494.241821	1.300 2.871 -93.878
ttt_random_weapon	-2597.851318 -444.414703 494.245911	1.342 6.504 -93.807
ttt_random_weapon	-2615.392822 -423.455872 494.367249	3.165 2.410 -93.287
ttt_random_weapon	-2548.233398 -434.536224 494.239655	1.246 -6.811 -93.832
ttt_random_weapon	-2592.641602 -399.110992 494.218994	1.031 2.729 -93.811
ttt_random_weapon	-2572.570557 -386.045776 494.737091	-2.401 10.304 86.044
ttt_random_weapon	-2593.144043 -426.899231 495.419983	7.151 1.340 -95.720
ttt_random_weapon	-2584.845215 -446.904022 496.959686	-6.293 9.463 129.250
ttt_random_weapon	-2577.348145 -477.362610 496.482635	-5.919 -4.826 117.050
ttt_random_weapon	-2524.823730 -863.795410 494.789001	0.276 -3.466 -73.180
ttt_random_weapon	-2536.627930 -857.416321 494.431000	3.389 1.664 -94.160
ttt_random_weapon	-2547.310303 -844.177856 494.279602	1.896 6.317 -93.604
ttt_random_weapon	-2542.081543 -818.330505 494.246613	1.287 2.490 -94.175
ttt_random_weapon	-2526.035889 -822.999146 494.746002	-2.022 13.828 85.346
ttt_random_weapon	-2516.175049 -854.496643 496.027069	4.357 -1.080 87.492
ttt_random_weapon	-2373.821289 -445.150970 494.236694	1.460 4.064 -93.547
ttt_random_weapon	-2357.084229 -524.294434 494.213257	1.530 3.706 -93.436
ttt_random_weapon	-2356.970459 -603.167480 494.262970	1.426 5.254 -94.520
ttt_random_weapon	-2356.858154 -650.335083 494.235809	1.412 5.014 -93.592
ttt_random_weapon	-2356.914551 -707.736206 494.212891	1.730 4.852 -92.930
ttt_random_weapon	-2356.934082 -676.347107 494.245209	1.239 3.725 -94.530
ttt_random_weapon	-2356.960205 -590.741333 494.246674	1.331 3.519 -93.836
ttt_random_weapon	-2357.014160 -500.027039 494.229889	1.339 4.326 -93.981
ttt_random_weapon	-2356.927002 -416.736816 494.199188	1.184 6.003 -93.843
ttt_random_weapon	-2357.112061 -367.534210 494.213684	1.484 3.240 -93.862
ttt_random_weapon	-2364.085205 -409.721771 495.046417	-0.463 1.722 -106.944
ttt_random_weapon	-2370.231934 -502.724304 496.406097	0.985 6.226 -93.895
ttt_random_weapon	-2383.241943 -594.689026 495.094086	-3.048 -6.501 -93.025
ttt_random_weapon	-2486.574707 -172.490189 494.222992	1.509 9.908 -93.787
ttt_random_weapon	-2467.875732 -176.916199 494.226776	1.573 4.819 -93.289
ttt_random_weapon	-2482.082275 -152.233704 494.231659	1.499 4.112 -93.526
ttt_random_weapon	-2502.318604 -184.844101 494.224701	1.595 4.175 -93.238
ttt_random_weapon	-1823.948608 -242.845474 550.243469	1.227 1.466 -93.912
ttt_random_weapon	-1831.337891 -254.371201 550.184204	1.477 -17.406 -93.302
ttt_random_weapon	-1821.438232 -230.514175 550.245117	1.351 4.808 -93.840
ttt_random_weapon	-1837.577026 -237.617493 551.216187	-3.788 5.547 -92.034
ttt_random_weapon	-1837.938477 -245.251053 552.702942	-6.115 -3.888 122.265
ttt_random_weapon	-1836.706909 -394.177643 605.232422	1.333 3.777 -93.840
ttt_random_weapon	-1861.758057 -419.240692 605.432739	3.418 2.487 -94.013
ttt_random_weapon	-1851.972778 -440.030334 605.236694	1.215 4.266 -93.829
ttt_random_weapon	-1821.244751 -400.890442 605.191589	1.371 3.660 -92.821
ttt_random_weapon	-1842.661621 -391.787842 608.150146	-3.155 -7.816 85.908
ttt_random_weapon	-1838.101318 -416.815125 606.350708	5.688 2.037 -101.414
ttt_random_weapon	-1958.296875 -611.737976 605.208923	1.697 12.237 -93.308
ttt_random_weapon	-1937.823608 -615.328369 605.235535	1.592 5.189 -94.554
ttt_random_weapon	-1943.284058 -625.392273 605.225281	1.439 3.216 -94.177
ttt_random_weapon	-1952.533691 -629.875671 606.086670	-0.725 1.315 -61.765
ttt_random_weapon	-1937.485107 -610.423523 607.024841	8.225 12.525 -103.121
ttt_random_weapon	-1624.942749 -604.397766 605.181396	1.302 4.108 -93.845
ttt_random_weapon	-1649.831177 -586.884949 605.236572	1.201 3.566 -93.958
ttt_random_weapon	-1662.524658 -628.469238 605.241211	1.407 4.851 -93.669
ttt_random_weapon	-1640.525757 -619.197266 605.220032	1.211 3.094 -93.867
ttt_random_weapon	-1672.517334 -602.077515 605.212646	1.632 4.184 -93.097
ttt_random_weapon	-1938.606812 -973.353760 605.242554	1.412 0.545 -94.178
ttt_random_weapon	-1914.659912 -966.113342 605.229187	1.135 0.222 -93.823
ttt_random_weapon	-1941.979614 -954.380432 605.238770	1.376 3.701 -93.960
ttt_random_weapon	-1935.077026 -958.691528 605.734436	-1.939 16.471 85.363
ttt_random_weapon	-1637.538452 -976.087524 605.237610	1.341 6.990 -93.669
ttt_random_weapon	-1633.548462 -980.160583 606.156921	-3.228 6.568 -91.862
ttt_random_weapon	-1634.561646 -964.466003 605.211792	1.742 4.191 -92.902
ttt_random_weapon	-1646.889526 -987.571533 605.240784	1.411 2.908 -93.660
ttt_random_weapon	-1488.268433 -395.116577 661.239502	1.429 13.383 -93.619
ttt_random_weapon	-1472.540771 -399.415192 661.246460	1.342 3.035 -93.844
ttt_random_weapon	-1394.501465 -994.909424 851.216858	1.634 4.139 -93.094
ttt_random_weapon	-1393.757202 -968.729614 851.214539	1.654 3.918 -93.319
ttt_random_weapon	-1388.355591 -930.856934 851.221252	1.519 4.170 -93.307
ttt_random_weapon	-1931.382202 -634.980408 851.246094	1.325 4.302 -93.859
ttt_random_weapon	-1928.775024 -642.592896 851.242249	1.388 0.655 -93.713
ttt_random_weapon	-1942.506958 -603.898438 851.246704	1.336 4.133 -93.829
ttt_random_weapon	-1960.277466 -629.749939 851.269592	1.557 7.608 -93.863
ttt_random_weapon	-1946.600220 -638.953674 854.262695	-6.833 1.607 174.962
ttt_random_weapon	-1933.149048 -626.353577 852.044189	5.494 5.887 -95.572
ttt_random_weapon	-1631.960083 -619.355347 851.224548	1.732 4.533 -89.269
ttt_random_weapon	-1663.969604 -618.797607 851.219604	1.523 4.181 -93.951
ttt_random_weapon	-1631.924316 -655.569153 851.218750	1.450 3.998 -93.556
ttt_random_weapon	-1621.880615 -622.327942 852.461609	-2.964 4.885 -64.521
ttt_random_weapon	-1652.697632 -625.511780 851.710632	0.654 1.094 -75.254
ttt_random_weapon	-1652.148438 -645.998169 851.203247	1.837 4.207 -92.683
ttt_random_weapon	-1650.732056 -590.514771 851.233948	1.487 4.157 -93.486
ttt_random_weapon	-1397.480713 -1362.920044 946.194336	1.409 3.868 -93.243
ttt_random_weapon	-1391.972290 -1344.837891 946.227417	1.549 3.978 -93.399
weapon_ttt_confgrenade	-1455.534668 -21.379360 841.019409	-9.293 -73.232 93.406
weapon_ttt_confgrenade	-1426.257080 -27.853668 842.484131	0.389 -0.794 -0.192
weapon_ttt_confgrenade	-1432.303467 57.494789 842.493774	0.368 -0.849 -0.182
weapon_ttt_confgrenade	-1520.208862 15.162992 841.082153	-13.908 -75.058 90.683
weapon_ttt_confgrenade	-1526.138184 -15.145944 840.989319	-8.550 -16.671 98.660
weapon_ttt_confgrenade	-1940.968628 460.852478 842.513428	0.321 0.879 0.157
weapon_ttt_confgrenade	-1971.317627 452.365845 840.980652	-8.573 -5.712 -93.375
weapon_ttt_confgrenade	-1969.904785 440.470551 841.637268	31.716 -25.324 -63.271
weapon_ttt_confgrenade	-1949.505615 430.494324 842.502869	0.346 0.892 0.169
weapon_ttt_confgrenade	-1983.610352 474.257294 842.555725	0.220 0.910 0.107
weapon_ttt_confgrenade	-1987.761108 402.419067 842.559875	0.210 0.910 0.103
weapon_ttt_confgrenade	-1960.475952 427.771790 842.500671	0.351 0.890 0.172
weapon_ttt_confgrenade	-960.550537 331.282043 886.493958	0.360 0.852 0.180
weapon_ttt_confgrenade	-944.974365 341.550476 886.611328	0.086 0.923 0.043
weapon_ttt_confgrenade	-926.762451 364.499146 886.498535	0.349 0.882 0.175
weapon_ttt_confgrenade	-903.834167 370.940369 886.544006	0.243 0.910 0.122
weapon_ttt_confgrenade	-888.606628 377.306366 886.576721	0.167 0.920 0.083
weapon_ttt_confgrenade	-942.937500 323.881622 886.513550	0.314 0.886 0.157
weapon_ttt_confgrenade	-962.765686 93.304855 886.481567	0.397 -0.826 -0.196
weapon_ttt_confgrenade	-941.149414 95.519203 886.630859	-2.286 18.944 1.328
weapon_ttt_confgrenade	-891.158813 83.540413 886.540771	0.310 -0.887 -1.063
weapon_ttt_confgrenade	-853.179199 87.161377 886.576782	0.206 -0.911 -0.707
weapon_ttt_confgrenade	-917.380493 89.471367 886.525085	0.355 -0.855 -1.218
weapon_ttt_confgrenade	-946.817200 92.496040 885.146973	-50.207 -10.237 95.898
weapon_ttt_confgrenade	-955.967957 93.393227 884.926697	28.501 40.026 106.242
weapon_ttt_ak47	-311.242493 100.998596 426.866302	0.169 11.844 -87.284
weapon_ttt_ak47	-342.206360 375.513367 427.005615	1.228 12.850 -87.568
weapon_ttt_smokegrenade	-1906.273804 -19.614283 840.611450	-12.633 -135.991 89.938
weapon_ttt_smokegrenade	-1928.636719 -3.788118 843.669250	-0.821 -4.102 -0.167
weapon_ttt_smokegrenade	-1938.400391 -8.352840 846.169861	-1.325 0.553 -0.379
weapon_ttt_smokegrenade	-1926.259155 -35.534378 840.608337	-0.641 -142.583 90.096
weapon_ttt_smokegrenade	-1937.598755 -21.282566 840.693604	-40.693 -57.239 90.954
weapon_ttt_smokegrenade	-1923.637207 -30.707983 840.718872	-43.100 90.801 90.011
weapon_ttt_smokegrenade	-1910.485107 -43.594616 840.697510	-37.508 43.833 89.832
weapon_ttt_smokegrenade	-1898.402588 -27.449362 840.725342	-30.997 -117.676 -89.987
ttt_playerspawn	-1901.273315 121.002480 844.876465	-0.005 0.882 0.024
ttt_playerspawn	-1908.903320 176.341415 849.614136	-0.039 -0.097 -0.004
ttt_playerspawn	-1912.839844 246.061172 853.368225	-0.080 -0.945 0.080
ttt_playerspawn	-1919.206299 308.607178 857.629456	-0.098 1.240 -0.017
ttt_playerspawn	-1910.769165 360.072235 848.137512	-0.054 1.007 0.054
ttt_playerspawn	-1594.621826 287.460205 851.169250	-0.043 0.253 0.133
ttt_playerspawn	-1589.519531 228.127350 847.846375	-0.070 -0.425 0.070
ttt_playerspawn	-1589.834961 171.722290 846.149170	-0.045 0.056 -0.006
ttt_playerspawn	-1580.026489 116.285866 850.881470	-0.054 0.426 0.055
ttt_playerspawn	-1597.319824 59.354786 852.046875	0.025 1.344 -0.026
ttt_playerspawn	-1874.599609 -709.220947 865.850220	-0.073 -2.221 0.073
ttt_playerspawn	-1801.200073 -698.098083 855.078613	-0.088 4.155 0.088
ttt_playerspawn	-1681.909546 -734.469604 858.829407	-0.035 1.578 0.034
ttt_playerspawn	-1639.620605 -888.587769 858.406311	-0.063 0.888 0.061
ttt_playerspawn	-1920.572266 -850.644104 856.013916	-0.064 1.460 0.064
ttt_playerspawn	-1843.349487 367.721344 844.276306	0.045 0.709 -0.045
ttt_playerspawn	-1785.073364 366.432098 843.753662	-0.057 -0.086 0.057
ttt_playerspawn	-1731.048096 367.477936 846.000305	-0.083 -0.888 0.083
ttt_playerspawn	-1664.164307 354.914490 844.203430	-0.075 0.776 0.075
ttt_playerspawn	-1865.174805 92.547310 844.572021	-0.077 -3.251 -0.223
ttt_playerspawn	-1814.079102 75.281303 843.330627	-0.054 -0.253 0.054
ttt_playerspawn	-1739.141968 77.297478 844.684998	-0.036 0.262 0.037
ttt_playerspawn	-1682.600220 70.208733 843.520508	-0.058 -1.117 0.058
ttt_playerspawn	-1761.188232 1016.182922 886.028320	-0.039 2.499 0.038
ttt_playerspawn	-1767.383911 1083.551514 887.323792	-0.038 0.550 0.038
ttt_playerspawn	-1829.547729 1016.743347 887.948486	0.021 0.424 -0.020
ttt_playerspawn	-1822.524536 1069.522827 887.916443	-0.051 -0.533 0.051
ttt_playerspawn	-2393.919189 -372.276001 817.106384	0.076 3.742 0.076
ttt_playerspawn	-2390.043701 -439.889221 817.360718	-0.036 3.552 0.165
ttt_playerspawn	-2495.729492 -372.461304 818.368958	0.039 -5.951 0.047
ttt_playerspawn	-2485.506836 -438.628876 820.628784	0.033 -0.667 0.033
ttt_playerspawn	-2359.480469 -784.820740 854.203369	-0.051 -1.045 0.051
ttt_playerspawn	-2377.271484 -867.992920 856.920227	-0.027 1.445 0.026
ttt_playerspawn	-2467.714111 -872.549805 856.851318	-0.027 -1.108 0.026
ttt_playerspawn	-2466.662354 -774.584900 854.150879	0.062 -0.779 -0.062
weapon_zm_molotov	-1546.528442 390.022919 843.569824	3.677 -0.132 -3.889
weapon_zm_molotov	-1533.404663 430.686462 843.665222	2.805 -3.515 -3.052
weapon_zm_molotov	-1825.517212 166.344009 836.763489	-85.389 8.069 91.357
weapon_zm_molotov	-1512.771362 403.077393 843.531494	1.090 0.013 -0.857
weapon_zm_molotov	-1485.113281 423.552246 843.654480	-2.319 14.146 3.204
weapon_zm_molotov	-1511.838379 426.502228 840.652344	73.903 -126.923 -89.611
weapon_zm_molotov	-1520.080688 542.796082 843.589966	2.993 -0.132 -3.149
weapon_zm_molotov	-1592.608032 517.266479 843.619019	2.198 -0.127 -2.325
weapon_zm_molotov	-1562.488159 438.488373 843.527649	0.789 0.011 -0.519
weapon_zm_molotov	-1517.178101 400.534271 843.570496	2.860 0.063 2.420
weapon_zm_molotov	-1458.683350 465.348877 840.533264	70.042 -127.509 89.858
weapon_zm_molotov	-1519.761841 489.819214 843.541809	1.217 0.009 0.648
weapon_zm_molotov	-1483.433472 427.113098 840.815613	-67.626 -130.492 -90.041
weapon_zm_molotov	-1556.998047 461.616821 840.754944	-34.723 42.117 90.136
weapon_zm_molotov	-1560.569946 454.334503 840.611755	67.140 -7.603 89.978
weapon_zm_molotov	-1494.248291 407.493469 843.501343	0.270 0.003 0.107
weapon_zm_molotov	-1482.932007 394.296326 843.632080	1.680 -0.116 -1.765
item_ammo_357_ttt	-1948.905762 -685.021545 1129.398315	0.464 0.055 0.029
item_ammo_357_ttt	-1966.561401 -680.121094 1129.410278	0.466 0.053 0.024
item_ammo_357_ttt	-1935.925415 -684.346802 1129.386597	0.462 0.056 0.033
item_ammo_357_ttt	-1959.351440 -901.962769 1129.381348	0.461 0.048 0.035
item_ammo_357_ttt	-1964.269165 -883.596252 1129.321655	0.449 0.068 0.059
item_ammo_357_ttt	-1953.396606 -868.623474 1129.447510	0.473 0.053 0.009
item_ammo_357_ttt	-1979.794678 754.933411 1062.342407	0.453 0.061 0.051
item_ammo_357_ttt	-1955.263550 724.454102 1062.342407	0.453 0.062 0.051
item_ammo_357_ttt	-2014.399292 746.230408 1062.360352	0.457 0.059 0.044
item_ammo_smg1_ttt	-304.913025 54.075531 426.476105	-0.558 0.075 0.254
item_ammo_smg1_ttt	-305.051971 73.875671 426.487915	1.228 -0.283 -0.377
item_ammo_smg1_ttt	-317.023712 74.619209 426.497528	0.672 -0.032 -0.167
item_ammo_smg1_ttt	-303.940918 350.754089 426.533722	-0.155 0.017 -0.136
item_ammo_smg1_ttt	-335.066010 326.959106 426.503357	-0.254 -0.127 -0.039
item_ammo_smg1_ttt	-333.490875 383.311188 428.116608	5.781 -1.693 5.668
weapon_zm_rifle	-1946.145020 -699.441223 1128.158569	3.565 12.615 65.646
weapon_zm_rifle	-1942.879150 -912.541077 1128.194946	3.465 12.598 65.687
weapon_zm_rifle	-2004.890625 725.019653 1061.149902	3.590 12.623 65.637
ttt_random_ammo	-1495.228394 -65.634178 839.498108	-1.228 3.493 1.671
ttt_random_ammo	-1523.220703 -59.194237 839.363586	0.132 -0.000 -0.071
ttt_random_ammo	-1527.213501 -45.975216 839.365479	0.146 -0.000 -0.090
ttt_random_ammo	-1519.594116 -16.244930 839.383728	0.708 -0.006 -0.786
ttt_random_ammo	-1510.672729 18.950060 839.325989	0.064 -0.000 -0.037
ttt_random_ammo	-1490.567017 44.520878 839.421875	1.410 0.030 1.696
ttt_random_ammo	-1457.807617 40.378525 839.384949	0.948 -0.011 -1.080
ttt_random_ammo	-1437.069336 26.109116 839.338257	0.068 -0.000 0.024
ttt_random_ammo	-1430.129395 -1.184412 839.386414	1.061 0.013 1.217
ttt_random_ammo	-1455.611450 -33.057209 839.349487	0.080 0.000 -0.002
ttt_random_ammo	-1478.792969 -36.731739 841.664246	-1.184 -31.473 -89.998
ttt_random_ammo	-1485.018311 -32.006371 839.466919	-0.013 26.051 0.744
ttt_random_ammo	-1950.556763 -87.769814 839.363586	0.131 0.000 0.070
ttt_random_ammo	-1922.224731 -80.413597 839.418945	1.371 0.028 1.636
ttt_random_ammo	-1912.908936 -85.163322 839.428467	1.289 0.029 1.551
ttt_random_ammo	-1876.155029 -80.936432 839.415283	1.460 0.033 1.747
ttt_random_ammo	-1867.992554 -77.619095 839.349487	0.080 0.000 -0.002
ttt_random_ammo	-1862.968872 -59.233059 839.365479	0.142 0.000 0.085
ttt_random_ammo	-1856.176270 -47.876400 839.379822	0.411 0.002 0.422
ttt_random_ammo	-1852.140991 -32.709629 839.351685	0.084 0.000 0.005
ttt_random_ammo	-1850.516235 -15.219058 839.347290	0.077 0.000 -0.007
ttt_random_ammo	-1863.640015 0.085513 839.410400	1.613 0.028 1.938
ttt_random_ammo	-1888.483154 1.388777 839.377136	0.318 0.001 0.307
ttt_random_ammo	-1901.492310 12.763881 839.340576	0.069 0.000 -0.021
ttt_random_ammo	-1912.160767 8.002421 839.361755	0.119 0.000 0.054
ttt_random_ammo	-1938.462891 20.951372 839.320801	0.064 -0.000 -0.041
ttt_random_ammo	-1949.089355 7.048988 839.383423	0.608 0.005 0.664
ttt_random_ammo	-1956.890869 -6.623787 839.411682	1.559 0.033 1.869
ttt_random_ammo	-1968.404785 -28.762815 839.349487	0.080 0.000 -0.001
ttt_random_ammo	-1968.803101 -44.895901 839.386536	1.052 0.013 1.207
ttt_random_ammo	-1973.721191 -79.289383 839.414917	1.515 0.035 1.818
ttt_random_ammo	-1906.279907 -61.421684 839.328491	0.064 -0.000 -0.035
ttt_random_ammo	-1906.137451 -40.267181 839.483887	-0.317 4.794 -0.040
ttt_random_ammo	-1901.202759 -23.413408 843.983276	0.778 -57.734 -90.872
ttt_random_ammo	-1907.287842 -11.582562 839.359802	0.110 0.000 0.041
ttt_random_ammo	-1922.325439 -65.917404 839.381104	0.462 0.003 0.485
ttt_random_ammo	-1995.703613 439.889038 839.446045	0.534 5.709 0.514
ttt_random_ammo	-1984.018311 444.158569 841.755737	0.025 -31.800 90.000
ttt_random_ammo	-1973.531860 446.866028 841.745117	89.862 58.460 74.117
ttt_random_ammo	-1988.275757 420.141327 841.701782	1.020 -41.909 89.995
ttt_random_ammo	-2007.454468 450.510651 841.712158	-0.015 3.397 -90.465
ttt_random_ammo	-1980.574585 455.249420 841.711426	-0.000 -29.987 -90.000
ttt_random_ammo	-1978.026611 423.914917 839.454834	1.247 0.033 2.316
ttt_random_ammo	-1993.980225 446.334625 842.079712	-0.480 9.038 8.756
ttt_random_ammo	-1981.964844 438.489990 841.742859	89.644 -163.752 -90.136
ttt_random_ammo	-1977.514648 439.698639 842.557922	31.051 3.351 -88.509
ttt_random_ammo	-1989.929810 458.515350 839.370850	0.196 0.001 0.154
ttt_random_ammo	-1510.289917 432.347870 839.464600	-0.490 0.070 -0.338
ttt_random_ammo	-1504.779297 432.023682 841.642517	89.317 19.291 8.507
ttt_random_ammo	-1483.232056 433.283234 839.484985	0.036 -4.725 -0.009
ttt_random_ammo	-1488.877563 436.538239 839.515747	0.165 -15.795 0.871
ttt_random_ammo	-1480.677612 438.924316 842.550171	-69.217 -29.545 7.916
ttt_random_ammo	-1455.839111 451.259979 839.363586	0.131 0.000 0.070
ttt_random_ammo	-1454.403564 459.126221 839.405884	0.997 -0.072 0.594
ttt_random_ammo	-1447.869507 484.056030 839.408569	1.573 0.033 1.882
ttt_random_ammo	-1455.972900 490.551025 839.470337	1.131 0.027 1.794
ttt_random_ammo	-1462.208374 513.456421 839.363586	0.130 0.000 0.069
ttt_random_ammo	-1469.880371 507.879120 839.333435	0.065 0.000 -0.030
ttt_random_ammo	-1492.053833 510.244263 839.335815	0.066 0.000 -0.028
ttt_random_ammo	-1499.618164 506.732910 839.389221	-0.254 -0.003 0.186
ttt_random_ammo	-1517.945068 503.525726 839.467590	0.518 0.018 0.622
ttt_random_ammo	-1535.885864 497.828033 839.338257	0.068 0.000 -0.025
ttt_random_ammo	-1548.424805 486.486267 839.427246	-0.654 -0.002 -0.459
ttt_random_ammo	-1553.923584 479.675964 839.379883	0.403 0.002 0.412
ttt_random_ammo	-1554.868652 467.792267 839.490967	-0.150 -1.631 -0.247
ttt_random_ammo	-1554.912109 457.067413 839.480225	0.017 5.314 0.010
ttt_random_ammo	-1547.579712 442.240265 839.351685	0.084 0.000 0.005
ttt_random_ammo	-1533.327026 439.834290 839.416931	1.468 0.033 1.761
ttt_random_ammo	-1521.297119 443.654266 839.390442	0.295 -0.001 0.016
ttt_random_ammo	-1509.156616 452.567169 839.487427	-1.123 -2.455 -1.251
ttt_random_ammo	-1509.129883 466.100250 842.573669	31.436 18.994 89.798
ttt_random_ammo	-1516.811401 473.996796 846.137024	29.578 -21.486 115.936
ttt_random_ammo	-1513.401733 488.587921 839.458069	-0.315 -0.822 -1.376
ttt_random_ammo	-1509.038696 485.020874 841.739929	89.552 70.539 65.971
ttt_random_ammo	-1514.076172 464.066650 844.889587	-87.747 -5.835 31.259
ttt_random_ammo	-1488.519775 458.311432 839.635620	-0.719 -0.485 -4.434
ttt_random_ammo	-1494.441895 458.860626 839.496460	-0.237 -0.698 -0.287
ttt_random_ammo	-1500.887573 475.883087 839.485718	-0.289 4.149 -0.637
ttt_random_ammo	-437.744995 168.972488 426.331970	-0.069 -0.000 -0.027
ttt_random_ammo	-445.056946 188.973389 426.353027	-0.101 -0.000 0.025
ttt_random_ammo	-451.518250 198.352432 426.443726	-1.183 -0.027 1.411
ttt_random_ammo	-452.079071 215.321503 426.387726	-0.576 -0.004 0.622
ttt_random_ammo	-453.273102 231.211975 426.460663	1.019 -0.020 -1.106
ttt_random_ammo	-449.014404 254.808090 426.430511	-1.431 -0.034 1.701
ttt_random_ammo	-443.428009 277.988403 426.343933	-0.080 -0.000 -0.006
ttt_random_ammo	-442.488373 297.210938 426.395172	-0.870 -0.009 0.981
ttt_random_ammo	-465.744965 298.370972 426.348541	-0.089 -0.000 0.008
ttt_random_ammo	-469.372284 277.559174 426.436798	-1.357 -0.030 1.621
ttt_random_ammo	-474.203552 254.709045 426.346222	-0.084 -0.000 0.000
ttt_random_ammo	-479.351624 231.156113 426.380890	-0.387 -0.002 0.390
ttt_random_ammo	-462.466980 204.126648 426.447937	-1.098 -0.025 1.311
ttt_random_ammo	-464.500122 183.532059 426.387787	-0.584 -0.004 0.632
ttt_random_ammo	-449.546265 169.249863 426.370270	-0.213 -0.001 0.172
ttt_random_ammo	-1735.257446 298.975952 236.457535	-1.182 0.027 -1.470
ttt_random_ammo	-1660.520508 314.316101 236.361862	0.023 0.000 -0.042
ttt_random_ammo	-1572.595337 320.688232 236.367767	0.019 0.000 -0.043
ttt_random_ammo	-1476.102051 313.935364 236.382568	-0.022 0.000 -0.086
ttt_random_ammo	-1380.150269 315.147736 236.464996	-1.305 0.028 -1.645
ttt_random_ammo	-1398.513550 317.248749 236.342361	0.037 0.000 -0.035
ttt_random_ammo	-1506.386963 312.464905 238.711594	-0.005 13.945 -90.708
ttt_random_ammo	-1596.605957 305.776642 238.549530	0.368 5.548 -89.202
ttt_random_ammo	-1687.757446 299.326660 238.632599	0.141 15.517 -89.712
ttt_random_ammo	-1777.181274 293.753082 236.353516	0.030 0.000 -0.037
ttt_random_ammo	-1761.062256 143.011581 236.469131	-1.046 0.025 -1.317
ttt_random_ammo	-1666.866577 134.646439 236.325363	0.042 0.000 -0.037
ttt_random_ammo	-1583.139160 135.576691 236.375412	-0.004 0.000 -0.067
ttt_random_ammo	-1493.137573 136.063583 236.384399	-0.041 0.000 -0.107
ttt_random_ammo	-1389.676147 132.490112 236.340042	0.037 0.000 -0.036
ttt_random_ammo	-1445.670898 126.760231 236.460587	0.846 -0.093 1.583
ttt_random_ammo	-1542.271851 141.366913 238.647202	0.388 -11.632 -89.744
ttt_random_ammo	-1640.343018 142.907974 236.389618	-0.084 -0.000 -0.157
ttt_random_ammo	-1709.208496 295.793335 238.675705	89.536 -4.726 0.311
ttt_random_ammo	-1763.103882 334.138977 317.110901	0.285 0.000 -0.000
ttt_random_ammo	-1688.126953 136.714890 236.473236	-0.814 0.022 -1.021
ttt_random_ammo	-1594.223755 130.048477 236.367828	0.013 0.000 -0.050
ttt_random_ammo	-1495.322998 141.426086 236.486664	1.128 -0.063 1.367
ttt_random_ammo	-1407.349609 126.827354 236.466049	1.497 0.264 1.490
ttt_random_ammo	-1458.386963 133.580276 236.466461	-0.653 -2.358 -0.175
ttt_random_ammo	-1561.575439 143.726959 236.325363	0.042 0.000 -0.037
ttt_random_ammo	-1630.849487 335.354156 268.947021	-2.564 -91.146 90.051
ttt_random_ammo	-1613.815674 110.438217 312.790283	-2.677 -0.000 -0.000
ttt_random_ammo	-1553.059937 305.684906 236.379028	-0.013 0.000 -0.076
ttt_random_ammo	-1468.877441 307.775177 236.371658	0.007 0.000 -0.055
ttt_random_ammo	-1642.250488 309.990570 236.351364	0.031 0.000 -0.037
ttt_random_ammo	-1633.372925 146.139297 236.452438	-1.403 0.031 -1.749
ttt_random_ammo	-1542.198730 154.739594 236.486938	1.094 -0.013 1.326
ttt_random_ammo	-1461.974731 138.972580 236.466156	0.540 -5.027 0.025
ttt_random_ammo	-951.434448 415.742096 459.468567	-0.008 -0.650 -0.183
ttt_random_ammo	-947.072998 410.931061 459.491882	-1.155 8.874 -1.694
ttt_random_ammo	-965.994446 386.768890 459.439575	1.190 0.029 1.440
ttt_random_ammo	-965.434509 376.156372 459.399414	1.658 0.028 1.985
ttt_random_ammo	-974.528931 353.703461 459.428802	0.841 -0.010 0.409
ttt_random_ammo	-947.168091 347.166016 459.423767	1.177 0.027 1.400
ttt_random_ammo	-946.342285 378.638672 459.381531	0.853 0.009 0.961
ttt_random_ammo	-949.837036 396.846954 459.373291	0.342 0.002 0.334
ttt_random_ammo	-942.655945 405.528076 461.739716	0.220 19.200 -11.790
ttt_random_ammo	-1717.901489 103.962074 626.412354	1.221 0.027 1.431
ttt_random_ammo	-1682.239624 109.641724 626.333435	0.069 0.000 -0.026
ttt_random_ammo	-1682.243774 131.626694 626.401550	-0.075 -0.000 -0.140
ttt_random_ammo	-1693.900513 139.829559 626.335815	0.067 0.000 -0.026
ttt_random_ammo	-1920.715088 423.749573 705.476807	1.546 3.364 -2.005
ttt_random_ammo	-1889.091675 424.240082 705.359802	-0.154 -0.000 0.094
ttt_random_ammo	-1859.841309 417.964020 705.440186	0.476 1.325 -0.684
ttt_random_ammo	-1856.089233 413.176361 705.472046	-0.732 1.453 1.571
ttt_random_ammo	-1900.106445 426.139374 705.394836	-0.498 -0.003 0.548
ttt_random_ammo	-1925.365601 418.838776 705.429199	-2.017 -3.450 0.345
ttt_random_ammo	-2172.215576 1032.247070 649.411865	1.251 0.028 1.467
ttt_random_ammo	-2181.128662 1041.379761 652.637817	-89.442 132.006 -90.972
ttt_random_ammo	-2175.677734 1065.625366 649.432617	0.939 0.023 1.101
ttt_random_ammo	-2188.209229 1086.036133 649.342896	0.075 0.000 -0.013
ttt_random_ammo	-2179.800293 1108.011963 649.375366	0.318 0.001 0.305
ttt_random_ammo	-2172.098877 1135.000854 651.539429	1.632 2.733 70.725
ttt_random_ammo	-2164.526611 1150.989868 649.408203	1.625 0.030 1.952
ttt_random_ammo	-2138.619873 1148.843506 649.380737	0.537 0.004 0.576
ttt_random_ammo	-2139.921387 1111.750610 649.340576	0.072 0.000 -0.017
ttt_random_ammo	-2135.771729 1070.577271 649.359680	0.121 0.000 0.055
ttt_random_ammo	-2134.641357 1049.578491 649.451599	0.653 0.020 0.766
ttt_random_ammo	-2162.068848 1037.545532 649.441406	1.025 0.139 -1.179
ttt_random_ammo	-2163.916992 1032.055542 651.679932	1.407 -16.125 89.263
ttt_random_ammo	-2167.140625 1058.010620 649.377319	0.267 -0.001 -0.245
ttt_random_ammo	-2163.836670 1064.557861 649.376831	0.360 0.002 0.357
ttt_random_ammo	-2155.345215 1099.250488 649.439758	0.832 0.022 0.975
ttt_random_ammo	-2163.630371 1112.758667 649.427612	1.254 0.029 1.506
ttt_random_ammo	-2155.712402 1112.889771 651.647217	-0.116 9.097 -89.598
ttt_random_ammo	-2052.624268 871.113464 651.677551	0.396 -5.436 89.634
ttt_random_ammo	-2093.430664 859.615051 649.314819	0.046 0.000 -0.038
ttt_random_ammo	-2109.194580 867.519775 649.449646	0.684 0.020 0.801
ttt_random_ammo	-2094.324463 888.543152 649.458923	-0.988 -0.909 -1.259
ttt_random_ammo	-2077.042236 885.501953 649.347290	0.081 0.000 -0.002
ttt_random_ammo	-2047.944458 892.649597 651.620483	-0.028 9.078 70.126
ttt_random_ammo	-2027.454224 882.221375 651.722412	89.113 124.412 87.846
ttt_random_ammo	-1996.872925 865.187317 649.384949	1.059 0.013 1.213
ttt_random_ammo	-2007.991821 860.441528 649.406494	1.648 0.031 1.978
ttt_random_ammo	-2035.190308 870.016541 651.722656	-0.091 62.935 89.894
ttt_random_ammo	-2058.272461 887.299011 651.708740	0.039 -20.444 -90.001
ttt_random_ammo	-2075.025146 890.927490 649.483093	1.605 0.089 1.946
ttt_random_ammo	-2091.633789 894.169006 654.253845	0.090 9.237 -90.553
ttt_random_ammo	-2130.860596 898.739441 649.363831	0.026 0.000 -0.037
ttt_random_ammo	-2075.718018 899.332336 649.433533	0.905 0.026 1.722
ttt_random_ammo	-2040.661377 869.748108 655.054626	14.967 -24.312 -91.735
ttt_random_ammo	-1995.882202 880.477295 649.370667	0.224 0.001 0.188
ttt_random_ammo	-2002.049683 886.040039 649.368958	0.200 0.001 0.157
ttt_random_ammo	-2015.789429 895.081970 651.707092	88.618 58.127 65.960
ttt_random_ammo	-1988.546997 1083.963013 883.385376	1.640 0.031 1.921
ttt_random_ammo	-1962.530396 1081.936646 883.482422	-0.005 2.975 -0.052
ttt_random_ammo	-1967.859375 1086.818970 883.492004	-0.082 -3.542 -0.013
ttt_random_ammo	-2045.543823 1075.070801 883.489136	0.780 0.073 0.945
ttt_random_ammo	-2015.886841 1074.750366 883.435608	-0.676 0.662 -0.523
ttt_random_ammo	-1997.930420 1082.573364 883.440186	1.008 0.104 1.406
ttt_random_ammo	-1966.159302 1091.648438 883.496887	0.009 -4.199 -0.061
ttt_random_ammo	-1965.107422 1099.067749 883.499512	-0.757 11.837 -0.419
ttt_random_ammo	-1953.165283 1081.069946 883.451904	0.473 4.192 0.586
ttt_random_ammo	-1953.233643 1086.332886 883.481018	1.041 0.168 1.353
ttt_random_ammo	-1967.206299 1094.733154 894.010742	-0.081 16.216 -0.272
ttt_random_ammo	-1998.776489 1088.025391 883.477966	1.601 0.053 1.808
ttt_random_ammo	-2021.566284 1088.269287 883.328552	0.063 0.000 0.037
ttt_random_ammo	-1997.283936 1093.112061 883.481323	1.854 0.011 2.248
ttt_random_ammo	-1989.796265 1089.343872 883.414429	1.214 0.027 1.423
ttt_random_ammo	-1990.545532 1094.208252 883.452637	1.935 0.015 1.632
ttt_random_ammo	-1974.352173 1103.675049 885.716248	89.660 -36.500 -44.784
ttt_random_ammo	-1956.610229 1095.119873 883.623718	0.667 -3.336 4.947
ttt_random_ammo	-1958.752930 1105.413208 885.802612	-11.751 10.156 37.970
ttt_random_ammo	-1973.047852 1096.322021 885.673157	-0.012 162.620 -89.778
ttt_random_ammo	-2636.949219 -156.964432 850.342651	0.100 0.000 0.018
ttt_random_ammo	-2635.270752 -209.439423 850.320740	0.071 -0.000 -0.032
ttt_random_ammo	-2636.513428 -171.586975 850.409851	1.324 0.028 1.578
ttt_random_ammo	-2636.737061 -164.088333 850.364380	0.324 0.001 0.305
ttt_random_ammo	-2631.018555 -148.315018 855.232971	-2.754 -0.931 1.431
ttt_random_ammo	-2626.064941 -151.669174 852.758240	0.005 25.504 89.997
ttt_random_ammo	-2629.396240 -160.418304 850.445435	0.440 0.333 1.732
ttt_random_ammo	-2631.782227 -178.962753 850.451111	0.973 -5.330 1.310
ttt_random_ammo	-2625.433838 -177.647034 850.495178	-0.013 7.298 -0.016
ttt_random_ammo	-2622.941162 -197.247543 852.761963	-0.175 3.616 90.311
ttt_random_ammo	-2617.342529 -220.390121 852.552002	0.992 -1.907 1.595
ttt_random_ammo	-2618.419922 -213.459183 850.398926	1.144 1.511 0.804
ttt_random_ammo	-2621.404297 -190.867966 853.049988	-0.675 -0.070 0.932
ttt_random_ammo	-2616.652832 -202.007477 850.469421	-0.647 1.442 0.000
ttt_random_ammo	-2615.811279 -177.110687 850.478699	-0.436 3.141 -0.027
ttt_random_ammo	-2614.224121 -208.020844 850.367737	0.371 0.002 0.364
ttt_random_ammo	-2610.296143 -222.565094 850.462280	0.961 0.025 1.728
ttt_random_ammo	-2602.988525 -223.991989 850.482361	1.704 0.121 2.065
ttt_random_ammo	-2610.239990 -217.188904 850.452881	1.037 0.036 2.150
ttt_random_ammo	-2610.526123 -184.425171 852.667542	-1.105 -24.928 -89.995
ttt_random_ammo	-2613.313232 -172.163528 850.370605	0.493 0.003 0.515
ttt_random_ammo	-2618.896240 -658.065979 850.478455	-0.020 8.845 -0.102
ttt_random_ammo	-2617.321289 -673.366699 852.709900	-0.030 9.421 -90.000
ttt_random_ammo	-2625.932373 -692.454834 850.474548	-0.700 0.102 -0.927
ttt_random_ammo	-2624.088623 -717.929504 850.355225	0.180 0.000 0.124
ttt_random_ammo	-2615.000732 -707.983093 850.346985	0.123 0.000 0.049
ttt_random_ammo	-2610.749023 -669.096252 850.446167	0.797 0.023 1.550
ttt_random_ammo	-2603.986328 -667.809265 850.482605	1.229 -0.003 1.406
ttt_random_ammo	-2607.909912 -711.009644 850.489929	0.232 -3.470 0.370
ttt_random_ammo	-2615.341064 -718.113831 850.371582	0.599 0.004 0.645
ttt_random_ammo	-2611.219238 -698.193665 852.969421	-0.697 -0.464 0.934
ttt_random_ammo	-2632.051270 -686.049438 852.720886	0.136 -74.167 89.992
ttt_random_ammo	-2618.275391 -662.759399 857.727844	-0.030 9.127 90.045
ttt_random_ammo	-2632.896240 -646.667847 850.674194	-0.532 -1.729 -7.484
ttt_random_ammo	-2632.893311 -696.626953 852.758362	-0.002 -81.815 90.811
ttt_random_ammo	-2651.616699 -731.876343 850.364258	0.321 0.001 0.302
ttt_random_ammo	-2648.514404 -698.996521 850.374939	0.773 -0.007 -0.859
ttt_random_ammo	-2638.847168 -682.244507 852.720886	0.243 13.814 -90.131
ttt_random_ammo	-2643.448486 -665.454468 850.489075	0.383 -0.146 0.428
ttt_random_ammo	-2638.929688 -669.890930 852.757019	90.000 -111.971 180.000
ttt_random_ammo	-2654.003906 -679.866943 850.394836	1.411 0.027 1.664
ttt_random_ammo	-2659.159912 -669.073853 850.318115	0.069 0.000 0.036
ttt_random_ammo	-2636.088623 -661.690063 856.398865	-0.117 -4.644 -0.137
ttt_random_ammo	-2644.190674 -631.148865 850.386292	1.591 0.029 1.880
ttt_random_ammo	-2644.462646 -620.268738 850.407898	1.266 0.026 1.495
ttt_random_ammo	-2630.400879 -656.266357 851.738281	0.945 -6.930 -35.832
ttt_random_ammo	-1631.056152 -1036.723389 1129.357544	-0.142 0.000 -0.078
ttt_random_ammo	-1635.996338 -1029.347534 1129.548950	3.097 -2.072 -0.373
ttt_random_ammo	-1647.746460 -1062.134888 1131.678467	89.301 -75.082 -66.692
ttt_random_ammo	-1653.756714 -1059.188599 1133.609131	14.282 -66.857 -91.504
ttt_random_ammo	-1654.266113 -1087.377075 1129.413696	-1.553 -0.027 1.832
ttt_random_ammo	-1660.260986 -1087.213867 1129.472900	-1.304 -0.032 2.384
ttt_random_ammo	-1645.242798 -1022.497070 1131.687134	-0.639 -39.709 -90.007
ttt_random_ammo	-1642.971313 -1036.954346 1129.370850	-0.286 -0.001 0.261
ttt_random_ammo	-1642.598145 -1041.880371 1129.418945	-1.490 -0.026 1.763
ttt_random_ammo	-1647.584595 -1027.999756 1130.977905	42.208 -3.355 -0.625
ttt_random_ammo	-1644.083496 -1010.596863 1129.491333	-0.418 1.589 -0.664
ttt_random_ammo	-1650.074219 -1010.291992 1129.478516	-1.116 1.750 -1.978
ttt_random_ammo	-1660.808350 -1059.614014 1134.174194	3.441 9.270 90.491
ttt_random_ammo	-1623.479858 -876.886658 1131.765259	89.671 -135.734 -138.303
ttt_random_ammo	-1629.030396 -889.936951 1131.740112	0.203 -4.069 1.412
ttt_random_ammo	-1631.348877 -897.842163 1129.432251	-0.195 0.564 0.508
ttt_random_ammo	-1622.184692 -870.910278 1129.744995	0.143 12.424 6.555
ttt_random_ammo	-1627.329712 -863.402283 1130.656738	-2.146 19.301 27.916
ttt_random_ammo	-1631.564819 -873.970947 1131.736572	0.235 -0.174 1.256
ttt_random_ammo	-1621.552002 -816.906311 1129.453369	0.606 3.457 1.267
ttt_random_ammo	-1627.915649 -830.240784 1129.386230	1.300 0.020 1.508
ttt_random_ammo	-1638.594360 -853.733887 1131.610596	0.218 6.229 -73.837
ttt_random_ammo	-1638.118286 -886.246948 1131.693359	2.376 2.139 -72.004
ttt_random_ammo	-1641.544434 -897.327393 1131.673462	-0.579 11.959 71.630
ttt_random_ammo	-1637.877319 -870.775452 1131.711426	-0.000 13.516 -90.000
ttt_random_ammo	-1633.629639 -859.803711 1130.608887	27.754 -66.891 2.108
ttt_random_ammo	-1618.077393 -858.643738 1129.476807	0.245 -0.357 -0.117
ttt_random_ammo	-1630.700317 -873.747314 1142.205200	-0.387 -2.193 2.284
ttt_random_ammo	-1623.611572 -883.480164 1131.703613	0.142 -87.657 -89.923
ttt_random_ammo	-1610.851196 -875.058228 1134.126831	25.552 -0.770 -1.754
ttt_random_ammo	-1623.186035 -884.914856 1136.778564	-6.969 121.052 85.700
ttt_random_ammo	-1614.801636 -906.469910 1129.370850	0.206 0.001 0.166
ttt_random_ammo	-1635.717773 -932.115051 1129.464478	1.035 0.238 1.335
ttt_random_ammo	-1647.357178 -931.693848 1129.480713	1.923 0.134 2.331
ttt_random_ammo	-1631.384766 -917.153198 1131.822144	5.437 -0.041 -76.315
ttt_random_ammo	-1635.790894 -891.747742 1131.997559	-0.129 -10.389 -1.625
ttt_random_ammo	-1623.807617 -854.755310 1130.022583	0.973 -6.575 15.041
ttt_random_ammo	-1626.939453 -845.702454 1130.965210	4.736 0.356 38.365
ttt_random_ammo	-1623.508179 -788.952148 1129.384888	0.854 0.009 0.965
ttt_random_ammo	-1627.468872 -814.029114 1129.459961	-1.085 -2.210 -0.237
ttt_random_ammo	-841.707825 14.670520 883.379578	-0.182 -0.068 -0.361
ttt_random_ammo	-862.138306 13.363925 883.362793	0.074 -0.070 -0.143
ttt_random_ammo	-887.858032 13.375332 883.394836	-0.132 -0.213 -0.343
ttt_random_ammo	-907.841797 9.526204 883.434265	-1.372 -0.029 1.634
ttt_random_ammo	-929.716370 14.297175 883.380127	-0.233 -0.131 -0.489
ttt_random_ammo	-947.588074 17.523029 883.382507	1.186 0.017 1.367
ttt_random_ammo	-931.779907 36.427998 883.409424	1.493 0.031 1.788
ttt_random_ammo	-914.681274 36.400196 883.340454	0.078 0.000 -0.010
ttt_random_ammo	-900.245300 33.293430 883.381348	0.899 0.010 1.017
ttt_random_ammo	-877.178101 26.778296 883.371704	0.323 0.001 0.309
ttt_random_ammo	-853.629150 24.735838 883.353516	0.113 0.000 0.041
ttt_random_ammo	-841.318542 48.621548 883.402649	1.348 0.028 1.580
ttt_random_ammo	-868.947327 51.957230 883.371704	0.325 0.001 0.311
ttt_random_ammo	-894.539978 50.955322 883.357605	0.130 0.000 0.065
ttt_random_ammo	-917.960022 44.830635 883.401489	1.636 0.025 1.960
ttt_random_ammo	-942.377319 47.491478 883.320740	0.067 -0.000 -0.038
ttt_random_ammo	-933.453430 67.244431 883.338135	0.076 0.000 -0.014
ttt_random_ammo	-899.343323 58.671738 883.382385	1.209 0.017 1.395
ttt_random_ammo	-882.522278 66.543884 883.456421	0.582 0.018 0.686
ttt_random_ammo	-859.536255 66.795258 883.388123	1.569 0.023 1.842
ttt_random_ammo	-909.142944 446.351685 883.382813	-0.392 -0.002 0.396
ttt_random_ammo	-902.590149 410.169922 883.338135	0.075 0.000 -0.015
ttt_random_ammo	-903.359741 400.217865 883.344971	0.087 0.000 0.003
ttt_random_ammo	-933.357666 394.505859 883.338135	0.076 0.000 -0.015
ttt_random_ammo	-930.715149 414.563782 883.429443	-0.717 0.733 -0.971
ttt_random_ammo	-926.371277 416.746185 885.716858	88.932 110.595 93.342
ttt_random_ammo	-960.041504 440.147614 883.382568	1.610 0.030 1.882
ttt_random_ammo	-969.005188 426.648743 883.390198	1.548 0.023 1.818
ttt_random_ammo	-951.643982 393.638794 883.351501	0.104 0.000 0.029
ttt_random_ammo	-967.654358 373.319000 883.422974	1.040 0.024 1.217
ttt_random_ammo	-982.234741 389.627167 883.462891	0.559 0.018 0.669
ttt_random_ammo	-977.533386 417.609894 883.323364	0.067 -0.000 -0.035
ttt_random_ammo	-991.096985 432.174438 883.426086	1.187 0.027 1.419
ttt_random_ammo	-1010.120361 423.955292 883.397095	1.433 0.030 1.681
ttt_random_ammo	-1013.402039 383.072479 883.355591	0.122 0.000 0.053
ttt_random_ammo	-1005.231689 377.329193 883.320740	0.066 -0.000 -0.038
ttt_random_ammo	-999.464355 403.121704 883.406189	1.311 0.026 1.540
ttt_random_ammo	-991.057739 34.641968 883.380493	0.795 0.008 0.890
ttt_random_ammo	-1004.795227 46.815651 883.379578	0.688 0.006 0.758
ttt_random_ammo	-1019.919678 39.966038 883.391479	1.553 0.023 1.829
ttt_random_ammo	-1026.008301 10.873997 883.317200	0.428 -0.046 -0.421
ttt_random_ammo	-1019.904053 26.176920 883.423889	1.296 0.028 1.559
ttt_random_ammo	-1012.515564 51.532314 883.351501	0.104 0.000 0.029
ttt_random_ammo	-1014.827393 61.110733 883.381042	0.949 0.011 1.077
ttt_random_ammo	-1952.186035 103.373940 626.423096	0.201 0.046 -0.288
ttt_random_ammo	-1955.525879 118.801392 626.370483	0.249 0.001 0.217
ttt_random_ammo	-1933.428223 108.657616 626.380127	0.614 0.005 0.668
ttt_random_ammo	-1953.623291 319.453308 626.363342	0.169 0.000 0.116
ttt_random_ammo	-1964.640015 340.028076 626.368652	0.233 0.001 0.197
ttt_random_ammo	-1944.066895 356.336182 626.463135	-0.931 -0.759 1.388
ttt_random_ammo	-1663.666504 943.003845 649.421326	1.109 0.026 1.300
ttt_random_ammo	-1642.928101 942.850769 649.385925	1.643 0.031 1.926
ttt_random_ammo	-1636.338867 959.491882 649.380737	0.533 0.004 0.571
ttt_random_ammo	-471.749939 1023.137329 437.349213	0.104 0.000 0.028
ttt_random_ammo	-483.098419 994.995605 437.335663	0.073 -0.000 0.020
ttt_random_ammo	-487.848785 1000.168335 437.411957	2.113 0.053 0.845
ttt_random_ammo	-468.548492 998.252075 439.741180	-0.447 18.688 90.003
ttt_random_ammo	-478.662964 1026.533936 437.357422	0.147 0.000 0.086
ttt_random_ammo	-497.776917 985.603638 437.382385	1.597 0.029 1.870
ttt_random_ammo	-491.325928 989.822083 437.481659	1.592 -0.070 -1.930
ttt_random_ammo	-1210.860840 127.953667 292.480072	1.534 -0.036 1.767
ttt_random_ammo	-1238.524048 128.468094 292.487946	0.685 7.072 0.881
ttt_random_ammo	-1258.016602 128.538391 292.479706	-0.388 -0.381 -0.025
ttt_random_ammo	-1276.798096 128.827499 292.495026	-0.000 -1.462 -0.000
ttt_random_ammo	-1300.399170 128.425491 292.482697	1.673 0.040 2.028
ttt_random_ammo	-1315.657959 127.946274 292.474243	1.807 0.326 2.006
ttt_random_ammo	-1291.098267 127.952660 292.480621	1.559 0.354 1.817
ttt_random_ammo	-1284.057495 133.457642 292.490051	0.615 -1.968 0.746
ttt_random_ammo	-1260.336060 134.621887 294.615387	0.221 29.233 -89.402
ttt_random_ammo	-1230.431030 135.267700 295.604218	56.343 -8.618 -90.000
ttt_random_ammo	-1198.261108 128.361908 292.486053	1.214 0.069 1.472
ttt_random_ammo	-1227.193237 128.999405 292.453705	0.180 0.203 1.254
ttt_random_ammo	-1277.656372 128.222702 302.984741	-0.772 -0.369 -0.002
ttt_random_ammo	-1221.365356 322.183716 292.458618	0.750 1.391 0.736
ttt_random_ammo	-1238.198486 322.305115 292.459167	0.421 -0.412 0.450
ttt_random_ammo	-1263.530518 321.981781 292.485870	-0.157 -5.827 -0.075
ttt_random_ammo	-1298.865845 321.438873 292.485413	0.160 -2.636 0.020
ttt_random_ammo	-1299.054565 316.587860 292.447723	0.124 -2.488 0.140
ttt_random_ammo	-1266.723267 317.194366 292.476593	-0.802 -4.124 -0.616
ttt_random_ammo	-1253.600220 322.329987 292.429413	-0.033 -0.244 0.314
ttt_random_ammo	-1226.754517 315.787506 292.380707	-0.266 -0.003 0.210
ttt_random_ammo	-1215.430786 317.396790 292.370514	0.418 -0.002 1.008
ttt_random_ammo	-1268.752075 318.736633 302.921143	-2.626 0.201 -0.940
ttt_random_ammo	-1286.369141 322.132477 292.484467	0.146 -4.321 0.422
ttt_random_ammo	-1320.252319 316.454681 292.487030	-1.458 -0.378 -2.243
ttt_random_ammo	-1318.048828 307.973175 294.758514	0.003 3.123 90.088
ttt_random_ammo	-1293.430908 315.238068 294.684204	88.950 60.932 54.723
ttt_random_ammo	-1822.229736 162.569748 236.377197	0.004 -0.000 0.056
ttt_random_ammo	-1846.182861 161.960068 236.365860	0.022 -0.000 0.040
ttt_random_ammo	-1870.768311 157.071640 236.355682	0.029 -0.000 0.037
ttt_random_ammo	-1884.903931 134.344025 238.687653	88.111 -65.520 -65.962
ttt_random_ammo	-1847.319458 133.854202 236.361877	0.024 -0.000 0.039
ttt_random_ammo	-1834.306763 133.623230 236.373550	0.001 0.000 -0.062
ttt_random_ammo	-1812.946899 138.650162 236.467453	-1.392 0.027 -1.507
ttt_random_ammo	-1799.403320 145.964859 236.401703	-0.282 0.000 -0.391
ttt_random_ammo	-1781.189453 151.075958 236.371674	0.006 0.000 -0.056
ttt_random_ammo	-1853.368408 316.207947 236.471802	1.040 -0.913 -1.194
ttt_random_ammo	-1841.115601 319.994598 236.463120	1.171 -1.021 -1.386
ttt_random_ammo	-1822.164185 322.301514 236.469147	-0.303 -0.321 0.595
ttt_random_ammo	-1783.736572 322.737335 236.359787	0.027 0.000 -0.037
ttt_random_ammo	-1767.436157 317.211029 236.349167	0.034 0.000 -0.035
ttt_random_ammo	-1748.048950 300.877838 236.330414	0.041 0.000 -0.036
ttt_random_ammo	-1797.210815 301.437317 236.355652	0.028 0.000 -0.038
ttt_random_ammo	-1812.935913 293.313538 236.386017	-0.025 -0.000 0.088
ttt_random_ammo	-1835.065796 291.073730 236.473373	-0.792 -0.022 0.986
ttt_random_ammo	-1846.060303 292.082214 236.393356	-0.578 0.005 -0.645
ttt_random_ammo	-1860.686768 300.025482 238.652328	-0.216 -2.381 89.584
ttt_random_ammo	-1865.862427 312.192291 236.424881	-1.402 0.018 -1.741
ttt_random_ammo	-1848.860596 314.944061 238.668289	89.491 1.938 1.373
ttt_random_ammo	-2356.352783 -676.890747 850.357727	0.112 0.000 0.043
ttt_random_ammo	-2349.810059 -681.375122 850.478821	0.680 -0.033 1.117
ttt_random_ammo	-2332.963379 -679.633057 850.383606	0.816 0.008 0.917
ttt_random_ammo	-2319.677246 -678.420776 850.464111	0.476 -0.217 0.718
ttt_random_ammo	-2314.264404 -682.991638 850.489563	0.451 5.719 0.559
ttt_random_ammo	-2319.577393 -683.818115 852.649048	1.122 89.726 -90.000
ttt_random_ammo	-2353.611084 -731.113770 850.382751	0.706 0.006 0.782
ttt_random_ammo	-2345.976318 -729.583984 850.349487	0.085 0.000 0.004
ttt_random_ammo	-2328.759766 -730.364258 850.349487	0.085 0.000 0.004
ttt_random_ammo	-2310.028076 -734.078796 850.368958	0.200 0.001 0.157
ttt_random_ammo	-2319.089844 -723.509521 850.351624	0.091 0.000 0.013
ttt_random_ammo	-2341.997314 -715.070190 850.332092	-0.075 -0.000 -0.020
ttt_random_ammo	-2351.013916 -713.477356 850.424744	0.082 -0.184 -0.035
ttt_random_ammo	-2430.479736 -1364.910156 945.450195	0.388 0.776 0.629
ttt_random_ammo	-2437.147705 -1364.658081 948.552856	-88.968 -55.273 42.774
ttt_random_ammo	-2434.222656 -1392.738892 945.464233	1.441 0.013 1.238
ttt_random_ammo	-2407.165771 -1401.331787 945.471985	0.348 -0.384 -0.094
ttt_random_ammo	-2395.113770 -1396.398071 945.382263	0.332 0.002 0.327
ttt_random_ammo	-2405.990234 -1359.028320 947.712830	-0.026 -11.814 -90.457
ttt_random_ammo	-2427.179932 -1354.216309 945.429321	0.283 0.980 0.417
ttt_random_ammo	-2421.522461 -1352.947021 947.682312	88.006 -74.983 -68.634
ttt_random_ammo	-2411.231445 -1383.940674 945.369446	0.133 0.000 0.077
ttt_random_ammo	-2384.155273 -1383.942871 947.899780	-0.432 -1.512 1.416
ttt_random_ammo	-2416.326416 -1340.966309 945.400696	1.585 0.030 1.870
ttt_random_ammo	-2405.036377 -1390.409058 945.455505	-1.579 0.034 -1.980
ttt_random_ammo	-2387.157471 -1375.585205 947.660645	-1.275 -1.130 -90.000
ttt_random_ammo	-1972.796875 -768.101990 1129.353760	0.092 0.000 0.016
ttt_random_ammo	-1978.454346 -785.510803 1129.419678	1.196 0.028 1.408
ttt_random_ammo	-1979.642212 -808.265808 1129.422974	-0.709 0.004 -0.918
ttt_random_ammo	-1974.998047 -824.377502 1129.372437	0.232 0.001 0.199
ttt_random_ammo	-1961.313965 -829.126770 1129.377075	0.331 0.002 0.323
ttt_random_ammo	-1938.716553 -829.127075 1129.357910	0.105 0.000 0.035
ttt_random_ammo	-1929.935425 -824.199829 1129.353760	0.092 0.000 0.015
ttt_random_ammo	-1911.075317 -812.241333 1131.735840	89.237 73.945 93.718
ttt_random_ammo	-1920.846802 -800.045288 1129.401367	1.533 0.030 1.814
ttt_random_ammo	-1921.095825 -790.086304 1129.463867	0.509 0.018 0.602
ttt_random_ammo	-1919.798950 -778.985840 1129.384888	0.854 0.009 0.965
ttt_random_ammo	-1926.919678 -761.132385 1129.471680	-0.841 0.057 -1.089
ttt_random_ammo	-1922.934692 -761.109558 1131.735962	89.414 97.333 90.977
ttt_random_ammo	-1957.159790 -753.595459 1129.363647	0.136 0.000 0.077
ttt_random_ammo	-1965.869141 -764.252502 1129.449829	0.715 0.021 0.842
ttt_random_ammo	-1653.993896 1143.898438 883.333435	0.066 0.000 -0.030
ttt_random_ammo	-1649.520874 1099.352173 886.044006	-0.413 -1.075 1.178
ttt_random_ammo	-1648.275757 1006.982117 885.688965	0.403 6.679 -89.996
ttt_random_ammo	-1703.971802 937.471558 885.983276	-8.946 160.644 70.783
ttt_random_ammo	-1641.781860 1030.961792 883.449585	0.884 1.222 1.061
ttt_random_ammo	-1641.474854 1024.782104 883.381042	0.489 0.003 0.517
ttt_random_ammo	-1649.016724 981.754150 883.459656	-0.354 6.087 -0.406
ttt_random_ammo	-1654.056030 971.230164 883.381042	0.489 0.003 0.517
ttt_random_ammo	-1629.716309 1061.408569 883.468506	-0.495 0.233 -0.198
ttt_random_ammo	-1654.578003 1009.370117 883.494995	0.000 4.468 0.000
ttt_random_ammo	-1651.638428 1033.010620 886.655151	-89.861 -124.861 136.480
ttt_random_ammo	-1651.958252 1104.219604 885.714111	-0.052 24.496 -90.619
ttt_random_ammo	-1659.546753 1117.113159 885.705750	0.189 41.390 -90.258
ttt_random_ammo	-1652.978882 1124.163330 883.442139	0.138 1.735 -0.238
ttt_random_ammo	-1673.894287 1115.192871 893.516846	-0.205 -159.288 180.000
ttt_random_ammo	-1654.942871 1111.069458 888.259277	0.158 -0.002 -0.683
ttt_random_ammo	-1652.716797 1093.330566 883.454163	0.613 0.930 1.168
ttt_random_ammo	-1659.831909 1025.923706 885.698914	1.067 13.702 89.423
ttt_random_ammo	-1652.390503 1001.439209 885.869263	-0.271 -0.151 2.075
ttt_random_ammo	-1644.606812 986.867004 883.486084	-0.764 -0.421 -0.744
ttt_random_ammo	-1649.782227 960.599121 883.404968	1.435 0.035 1.692
ttt_random_ammo	-1667.791992 964.724304 883.353760	0.092 0.000 0.016
ttt_random_ammo	-1662.063965 988.214478 883.365479	0.150 0.000 0.094
ttt_random_ammo	-1647.610718 1124.925293 885.734192	89.670 -120.766 -108.119
ttt_random_ammo	-1687.567749 1154.813599 883.492310	-0.047 -0.662 -0.136
ttt_random_ammo	-1690.237305 980.532288 883.372253	0.252 0.001 0.223
ttt_random_ammo	-1677.874878 983.160156 883.406677	1.648 0.031 1.980
ttt_random_ammo	-1675.584717 1029.542236 883.419067	1.143 0.027 1.340
ttt_random_ammo	-1676.586792 1067.200073 883.351563	0.091 0.000 0.013
ttt_random_ammo	-1674.894043 1083.356934 883.333435	0.067 0.000 -0.028
ttt_random_ammo	-1677.925537 1110.279297 883.431702	0.233 1.379 -0.116
ttt_random_ammo	-1691.992188 1149.955322 883.493347	0.084 -3.291 0.102
ttt_random_ammo	-1663.045654 1146.752319 883.340515	0.072 0.000 -0.017
ttt_random_ammo	-1657.159912 1157.756226 885.758667	0.009 8.198 90.665
ttt_random_ammo	-1678.037109 1173.434326 883.403992	1.370 0.029 1.606
ttt_random_ammo	-1660.786743 1131.370483 885.568604	-0.168 -10.872 -89.645
ttt_random_ammo	-2169.915771 904.309814 883.376831	0.365 0.002 0.363
ttt_random_ammo	-2164.847412 939.899048 883.361633	0.132 0.000 0.070
ttt_random_ammo	-1962.890015 925.091370 883.385071	1.055 0.013 1.208
ttt_random_ammo	-1960.081299 879.034668 883.330933	0.066 0.000 -0.031
ttt_random_ammo	-1398.332764 31.929798 839.342896	0.071 -0.000 0.017
ttt_random_ammo	-1389.401245 7.036721 839.353699	0.090 -0.000 -0.013
ttt_random_ammo	-1406.364258 -37.223743 839.470398	0.457 0.018 0.547
ttt_random_ammo	-1480.410889 -74.109573 842.658875	-89.879 -168.849 171.035
ttt_random_ammo	-1562.253906 -103.856117 839.330933	0.065 0.000 -0.033
ttt_random_ammo	-1867.352905 -29.158010 839.462280	0.594 -1.221 1.454
ttt_random_ammo	-2043.245850 -114.616989 839.463989	-1.742 0.030 -1.896
ttt_random_ammo	-2023.901733 -78.928001 839.325989	0.064 -0.000 -0.037
ttt_random_ammo	-1983.741699 -10.077468 839.374146	0.248 0.001 0.219
ttt_random_ammo	-2026.598511 444.592346 839.452759	0.774 0.022 0.926
ttt_random_ammo	-1971.197876 484.930542 839.435852	-1.585 0.144 -2.091
ttt_random_ammo	-1940.118652 512.290894 839.386414	1.060 0.013 1.216
ttt_random_ammo	-2020.372070 506.422516 839.367371	0.158 0.000 0.105
ttt_random_ammo	-1965.980591 483.050995 841.749573	89.810 101.483 90.049
ttt_random_ammo	-1490.890015 448.791168 840.963989	-5.670 2.553 -34.004
ttt_random_ammo	-1400.509033 374.764099 839.383362	0.610 0.005 0.666
ttt_random_ammo	-1504.643677 470.722565 839.490417	0.524 -2.535 0.634
ttt_random_ammo	-1514.424072 422.592773 839.430725	-1.490 -0.619 -1.461
ttt_random_ammo	-1454.301392 398.131409 839.417664	1.391 0.029 1.661
ttt_random_ammo	-1452.857788 414.534363 839.342896	0.071 0.000 -0.017
ttt_random_ammo	-2347.155273 95.373009 850.392212	-0.899 -0.010 1.014
ttt_random_ammo	-2323.720459 91.148842 850.339417	-0.083 -0.000 -0.006
ttt_random_ammo	-2313.877441 85.978867 850.364258	-0.193 -0.001 0.144
ttt_random_ammo	-2318.831787 52.593174 850.439148	-1.402 0.010 -1.394
ttt_random_ammo	-2353.989746 62.036289 850.330933	0.065 0.000 -0.033
ttt_random_ammo	-2389.299805 64.774887 850.315430	0.064 -0.000 -0.044
ttt_random_ammo	-2412.424561 66.565414 852.758789	0.014 -18.374 90.563
ttt_random_ammo	-2396.461914 84.423454 850.377136	0.319 0.001 0.307
ttt_random_ammo	-2372.688477 89.690948 850.473572	-0.512 -0.017 0.615
ttt_random_ammo	-2314.899170 -451.595795 816.487732	-1.244 6.282 -1.085
ttt_random_ammo	-2315.385742 -446.793640 816.501709	-0.913 6.037 -1.107
ttt_random_ammo	-2311.055664 -435.226410 816.325989	0.064 -0.000 -0.037
ttt_random_ammo	-2307.105225 -425.608154 816.455750	-1.450 -2.982 -1.488
ttt_random_ammo	-2308.557373 -419.892731 816.476685	1.165 4.546 1.453
ttt_random_ammo	-2308.730225 -406.036377 816.318176	0.064 -0.000 -0.043
ttt_random_ammo	-2308.807617 -395.420776 816.353699	0.089 0.000 0.012
ttt_random_ammo	-2309.522461 -386.691284 816.320801	0.064 -0.000 -0.041
ttt_random_ammo	-2319.531250 -384.743195 816.330933	0.065 0.000 -0.033
ttt_random_ammo	-2329.217285 -394.871887 816.342896	0.071 0.000 -0.017
ttt_random_ammo	-2327.370361 -408.714966 816.416260	0.559 0.083 0.687
ttt_random_ammo	-2330.517334 -420.994324 816.447632	-0.751 -0.052 -0.876
ttt_random_ammo	-2334.550049 -441.733459 816.461670	0.211 0.695 0.297
ttt_random_ammo	-2331.885742 -457.758881 816.385254	0.797 0.008 0.895
ttt_random_ammo	-2328.929688 -441.334076 818.722046	89.237 76.251 87.168
ttt_random_ammo	-2325.022949 -423.526703 818.710693	89.085 83.087 91.414
ttt_random_ammo	-2319.947021 -411.241516 818.721985	89.568 60.524 97.254
ttt_random_ammo	-2321.729980 -403.272156 816.468689	1.621 0.093 1.599
ttt_random_ammo	-2618.512207 -469.059723 493.376923	1.046 0.013 1.192
ttt_random_ammo	-2626.680664 -443.618164 493.342407	0.104 -0.000 -0.022
ttt_random_ammo	-2630.956787 -413.042816 493.396210	1.579 -0.023 -1.893
ttt_random_ammo	-2622.929443 -383.571747 493.360870	0.222 0.001 0.180
ttt_random_ammo	-2602.760254 -370.182953 493.377289	1.219 0.017 1.404
ttt_random_ammo	-2597.766602 -385.391693 493.503265	-1.128 1.822 -1.367
ttt_random_ammo	-2607.379883 -412.974609 493.357178	0.246 -0.047 0.224
ttt_random_ammo	-2619.856934 -446.351654 493.463684	0.748 -0.020 -1.541
ttt_random_ammo	-2614.267090 -486.583984 493.391754	1.621 -0.029 -1.939
ttt_random_ammo	-2586.019287 -480.626923 495.649750	-0.116 -8.085 89.344
ttt_random_ammo	-2579.130371 -454.018341 495.722992	-0.891 41.514 89.988
ttt_random_ammo	-2572.702393 -418.066162 493.335541	0.084 0.000 -0.006
ttt_random_ammo	-2571.170898 -389.407715 495.886322	-0.806 -0.774 1.156
ttt_random_ammo	-2578.716797 -367.349335 493.422607	1.036 0.024 1.222
ttt_random_ammo	-2596.362549 -390.267151 493.471710	0.617 1.183 1.233
ttt_random_ammo	-2551.772705 -882.388000 493.392792	1.430 0.026 1.685
ttt_random_ammo	-2534.220459 -888.212891 493.466583	-1.576 0.611 -1.595
ttt_random_ammo	-2488.289551 -878.389404 493.378235	0.354 -0.002 -0.352
ttt_random_ammo	-2482.913574 -864.952271 493.347137	0.078 0.000 -0.005
ttt_random_ammo	-2484.918213 -842.980835 493.402008	1.507 0.033 1.780
ttt_random_ammo	-2489.016602 -827.686890 493.488617	-0.042 -18.028 -0.219
ttt_random_ammo	-2502.492432 -810.267700 493.381897	0.518 -0.003 -0.554
ttt_random_ammo	-2518.571777 -794.009949 493.382233	1.065 -0.013 -1.220
ttt_random_ammo	-2541.434570 -793.935974 493.405273	1.336 -0.028 -1.587
ttt_random_ammo	-2546.996582 -808.699219 495.634277	1.386 31.352 -89.866
ttt_random_ammo	-2542.516113 -822.779846 493.494934	-0.001 3.754 0.000
ttt_random_ammo	-2515.729248 -832.414246 493.430725	-0.556 -1.201 -0.829
ttt_random_ammo	-2510.260254 -827.450562 496.548004	30.297 -32.062 -90.418
ttt_random_ammo	-2496.004150 -852.210083 495.733856	89.363 53.688 65.956
ttt_random_ammo	-2518.698730 -882.911682 493.365051	0.178 -0.000 -0.128
ttt_random_ammo	-2537.575928 -852.980652 495.614624	-1.409 10.191 -89.816
ttt_random_ammo	-2555.926270 -850.245850 495.807861	1.272 -8.879 90.688
ttt_random_ammo	-2501.478516 -821.848083 495.742554	89.845 -162.271 -143.275
ttt_random_ammo	-2356.285156 -718.279663 493.374115	0.215 -0.001 -0.179
ttt_random_ammo	-2342.624268 -661.801086 493.409241	-0.729 -0.008 -0.893
ttt_random_ammo	-2342.782715 -576.781860 493.467590	-0.318 -1.587 1.164
ttt_random_ammo	-2342.741943 -567.715576 493.483093	-0.174 0.381 0.515
ttt_random_ammo	-2346.038330 -559.427551 493.450684	0.797 -0.022 -0.954
ttt_random_ammo	-2345.648926 -458.288635 493.325897	0.064 0.000 0.038
ttt_random_ammo	-2356.162109 -410.281250 498.290405	-54.420 105.346 -95.007
ttt_random_ammo	-2374.320557 -403.116913 495.688934	-0.087 -164.542 89.576
ttt_random_ammo	-2357.777344 -355.707947 493.369019	0.166 0.000 0.117
ttt_random_ammo	-2363.319336 -425.378845 493.404602	0.448 -0.002 -0.421
ttt_random_ammo	-2366.743896 -466.256134 493.450500	0.082 -3.627 -0.186
ttt_random_ammo	-2379.320068 -569.772461 493.381958	0.513 -0.003 -0.547
ttt_random_ammo	-2384.127930 -676.971436 493.385468	0.665 -0.006 -0.735
ttt_random_ammo	-2406.403809 -778.645996 493.370636	0.203 0.001 0.163
ttt_random_ammo	-2372.933350 -696.958130 493.443665	0.899 -0.023 -1.070
ttt_random_ammo	-2342.719238 -615.570923 503.441681	-35.009 89.751 -179.816
ttt_random_ammo	-2343.337158 -498.855713 499.200348	69.055 -126.360 145.403
ttt_random_ammo	-2353.711914 -401.237183 493.344818	0.035 -0.000 0.036
ttt_random_ammo	-2355.230225 -366.816986 495.876068	0.069 -0.447 3.142
ttt_random_ammo	-2372.632568 -469.181946 493.454529	0.206 3.897 -0.359
ttt_random_ammo	-2379.615234 -559.466125 493.411621	1.450 -0.033 -1.729
ttt_random_ammo	-2391.149170 -663.179565 493.344971	0.070 -0.000 0.017
ttt_random_ammo	-2374.974609 -623.071167 493.365356	0.140 -0.000 -0.083
ttt_random_ammo	-2372.303711 -531.045898 493.359650	0.109 -0.000 -0.040
ttt_random_ammo	-2497.146729 -162.586960 493.465759	0.204 0.123 0.965
ttt_random_ammo	-2498.070801 -141.248199 493.400574	1.692 0.030 2.019
ttt_random_ammo	-2514.596680 -178.436401 493.384949	0.243 -0.005 0.181
ttt_random_ammo	-2491.304688 -164.570404 495.570343	-0.062 -2.069 -89.580
ttt_random_ammo	-2475.067383 -159.793350 493.347168	0.076 0.000 -0.008
ttt_random_ammo	-2459.778564 -195.731049 493.328369	0.064 -0.000 -0.035
ttt_random_ammo	-2493.024414 -186.584320 493.467712	1.126 0.016 1.100
ttt_random_ammo	-2481.093018 -138.552155 493.413696	1.399 0.030 1.663
ttt_random_ammo	-1818.831787 -251.387375 551.699036	2.522 -3.708 -73.579
ttt_random_ammo	-1796.739990 -191.710190 549.487854	-0.194 -0.426 -0.451
ttt_random_ammo	-1822.125732 -215.768295 549.433716	-0.319 0.640 0.424
ttt_random_ammo	-1828.969849 -255.657791 551.747620	-6.182 1.294 61.529
ttt_random_ammo	-1828.000854 -218.165039 549.415100	0.102 0.723 0.181
ttt_random_ammo	-1823.532959 -218.562729 559.847351	0.099 0.151 0.657
ttt_random_ammo	-1823.379517 -235.538223 553.983459	-5.183 3.514 3.200
ttt_random_ammo	-1847.934937 -233.760910 551.672241	0.708 17.346 -89.999
ttt_random_ammo	-1842.620239 -239.561996 552.042969	8.929 1.009 45.949
ttt_random_ammo	-1842.863281 -408.700317 604.469116	0.060 0.112 -0.693
ttt_random_ammo	-1865.663818 -396.833801 604.402405	-0.203 -0.003 0.185
ttt_random_ammo	-1849.477905 -430.792725 604.504211	-0.097 19.173 0.330
ttt_random_ammo	-1829.766113 -413.558655 606.995483	5.228 -14.372 -9.184
ttt_random_ammo	-1854.814819 -419.032776 607.604065	-89.218 -177.662 -89.955
ttt_random_ammo	-1855.033203 -433.636963 604.485474	0.047 9.739 -0.177
ttt_random_ammo	-1831.540649 -429.447144 604.397827	1.719 -0.033 -2.054
ttt_random_ammo	-1821.986938 -412.710114 606.697632	89.481 46.558 43.046
ttt_random_ammo	-1837.450073 -407.001251 608.329773	-52.495 -84.290 -89.809
ttt_random_ammo	-1847.602051 -427.039490 606.750366	89.673 -77.404 -103.611
ttt_random_ammo	-1846.960083 -445.662750 604.353577	0.088 -0.000 -0.011
ttt_random_ammo	-1821.613159 -409.242310 606.586609	-1.816 15.090 -71.477
ttt_random_ammo	-1851.874512 -383.066895 604.372437	0.209 0.001 0.171
ttt_random_ammo	-1861.888428 -433.420288 606.677795	0.620 77.511 -90.004
ttt_random_ammo	-1942.007568 -596.702393 604.344910	0.072 0.000 -0.014
ttt_random_ammo	-1959.149536 -601.530701 606.557922	0.257 7.488 -89.371
ttt_random_ammo	-1946.039551 -632.925537 604.470642	-0.425 3.084 -0.192
ttt_random_ammo	-1900.023682 -622.405579 606.669739	-0.191 23.897 89.434
ttt_random_ammo	-1963.469360 -620.343933 614.511108	0.043 137.433 -179.614
ttt_random_ammo	-1907.564819 -630.807068 604.369080	0.160 0.000 0.109
ttt_random_ammo	-1932.909180 -614.439087 610.047241	-88.701 -72.341 153.841
ttt_random_ammo	-1622.585083 -618.830322 606.683899	88.141 105.687 89.882
ttt_random_ammo	-1637.682861 -580.595703 606.804138	0.296 -1.999 1.112
ttt_random_ammo	-1667.269653 -606.651001 606.624939	-0.182 -3.294 89.349
ttt_random_ammo	-1649.966064 -623.800476 610.995361	-15.934 -14.751 112.307
ttt_random_ammo	-1639.440063 -591.657043 604.349365	0.078 0.000 -0.004
ttt_random_ammo	-1655.647217 -637.362732 604.367859	-0.291 -0.003 0.240
ttt_random_ammo	-1629.310791 -602.548096 606.802856	-1.036 0.547 -0.149
ttt_random_ammo	-1646.215942 -613.507690 606.623779	0.112 5.908 -89.664
ttt_random_ammo	-1964.363770 -996.799622 604.396118	1.600 0.028 1.891
ttt_random_ammo	-1921.094604 -982.737671 604.415527	1.248 0.028 1.469
ttt_random_ammo	-1933.754883 -953.410156 606.447876	2.894 14.160 54.521
ttt_random_ammo	-1940.249268 -952.180664 607.016357	-0.918 85.529 -0.960
ttt_random_ammo	-1913.943604 -979.738342 604.484619	1.407 0.082 1.705
ttt_random_ammo	-1921.808716 -948.897400 604.422424	0.014 0.468 -1.854
ttt_random_ammo	-1923.858887 -963.916809 608.942261	0.979 -42.908 90.061
ttt_random_ammo	-1625.010132 -997.697571 604.429749	1.122 4.576 1.417
ttt_random_ammo	-1607.698364 -968.322693 604.447327	-0.697 -1.442 -1.305
ttt_random_ammo	-1646.331543 -975.743774 606.828430	-2.524 1.123 0.239
ttt_random_ammo	-1626.907227 -992.605042 604.480896	1.910 0.002 2.316
ttt_random_ammo	-1647.868408 -974.046753 617.273315	-2.493 -0.482 0.446
ttt_random_ammo	-1641.123657 -989.899353 604.432251	0.571 1.685 0.994
ttt_random_ammo	-1458.391479 -399.005096 662.548889	2.292 0.426 -0.460
ttt_random_ammo	-1464.443970 -384.818726 660.407410	1.661 0.028 1.994
ttt_random_ammo	-1469.493286 -404.876343 660.359741	0.109 0.000 0.041
ttt_random_ammo	-1458.944336 -418.438995 660.433655	1.114 -0.026 -1.335
ttt_random_ammo	-1383.576172 -959.502319 855.102844	1.776 -4.747 92.037
ttt_random_ammo	-1379.724854 -1001.859863 852.758484	0.000 23.160 90.000
ttt_random_ammo	-1380.445679 -1018.371521 850.372253	0.252 0.001 0.223
ttt_random_ammo	-1389.692993 -973.411011 852.661133	0.275 2.687 89.383
ttt_random_ammo	-1383.503662 -936.439087 852.761108	0.091 22.734 90.064
ttt_random_ammo	-1389.090210 -952.300232 850.484985	1.265 0.048 1.516
ttt_random_ammo	-1388.524902 -1002.328064 850.376831	0.365 0.002 0.364
ttt_random_ammo	-1958.056396 -599.041870 852.666687	-1.110 0.101 -89.407
ttt_random_ammo	-1979.370605 -653.152771 850.488342	0.787 -0.010 -0.954
ttt_random_ammo	-1921.547852 -645.865112 852.717712	0.055 -3.506 89.971
ttt_random_ammo	-1937.660156 -610.312256 850.435547	1.077 0.026 1.287
ttt_random_ammo	-1955.297485 -643.342224 852.680237	1.411 -17.245 90.001
ttt_random_ammo	-1916.062256 -656.541870 853.619934	-89.034 -0.765 -90.005
ttt_random_ammo	-1927.611328 -591.248474 850.351685	0.084 0.000 0.004
ttt_random_ammo	-1614.302490 -630.336121 850.362061	-0.172 -0.000 0.117
ttt_random_ammo	-1623.928101 -597.170898 850.429443	1.245 0.029 1.495
ttt_random_ammo	-1647.135132 -610.452759 852.683350	-0.724 -96.529 -90.004
ttt_random_ammo	-1633.591675 -658.742554 852.758484	-0.000 10.793 90.000
ttt_random_ammo	-1617.523315 -608.555908 850.338257	0.068 0.000 -0.025
ttt_random_ammo	-1654.660645 -615.215332 852.689758	0.749 -1.111 0.300
ttt_random_ammo	-1640.971924 -650.372375 850.411316	-0.633 0.004 -0.556
ttt_random_ammo	-1627.332764 -627.050171 852.724915	-0.853 -9.471 90.002
ttt_random_ammo	-1660.629028 -616.178101 852.993408	-0.514 -3.693 -0.126
ttt_random_ammo	-1651.983643 -632.255188 850.389893	-0.832 -0.008 0.932
ttt_random_ammo	-1411.734131 -1388.439819 945.370728	0.318 0.003 0.173
ttt_random_ammo	-1386.544556 -1369.091553 947.719849	0.694 -18.717 89.971
ttt_random_ammo	-1380.010620 -1342.707642 947.626892	0.302 0.548 1.657
ttt_random_ammo	-1393.376587 -1364.640259 947.760925	0.062 -6.722 90.034
ttt_random_ammo	-1385.354736 -1347.804932 945.460754	0.465 -0.493 1.360
ttt_random_ammo	-1406.462769 -1366.667847 947.759338	-0.020 -7.731 90.417
