# Trouble in Terrorist Town weapon/ammo placement overrides
# For map: ttt_mc_dolls_r
# Exported by: Kopa King
setting:	replacespawns 1
weapon_ttt_ak47	-968.997559 -121.854553 -599.100769	0.122 11.849 -87.640
weapon_ttt_ak47	-967.938354 -69.695976 -599.133667	0.169 11.848 -87.283
weapon_ttt_ak47	-977.290894 105.838814 -599.067017	0.107 11.819 -88.758
ttt_playerspawn	963.894409 308.408264 -626.416016	0.022 0.436 0.100
ttt_playerspawn	957.645630 129.434296 -626.275818	-0.055 0.739 0.055
ttt_playerspawn	711.246887 394.259644 -632.928955	0.054 -0.323 0.054
ttt_playerspawn	716.420776 240.847885 -635.743713	-0.086 0.554 0.086
ttt_playerspawn	720.151367 -94.844009 -626.559570	-0.054 -0.091 0.054
ttt_playerspawn	1063.955933 -182.050903 -631.763123	-0.086 -0.462 0.086
ttt_playerspawn	585.669189 -324.085480 -630.440857	-0.051 0.092 0.051
ttt_playerspawn	504.463715 91.900337 -633.731812	-0.077 -0.462 0.077
ttt_playerspawn	573.726746 398.555084 -630.903442	-0.093 0.832 0.093
ttt_playerspawn	324.155518 118.976578 -634.517761	-0.051 -0.092 0.051
ttt_playerspawn	375.868256 470.565247 -636.031555	-0.032 0.092 0.032
ttt_playerspawn	76.991928 133.047501 -632.432129	-0.075 0.918 0.075
ttt_playerspawn	129.247177 432.634338 -635.767761	-0.061 -0.277 0.061
ttt_playerspawn	-189.735245 261.355347 -633.680786	-0.065 0.462 0.065
ttt_playerspawn	-111.457939 446.794006 -633.534058	-0.054 0.370 0.054
ttt_playerspawn	-141.136765 52.755733 -632.932678	-0.056 -0.462 0.056
ttt_playerspawn	-300.104523 493.567291 -632.025940	-0.074 -0.554 0.074
ttt_playerspawn	-34.399654 586.605957 -633.966980	-0.080 -0.370 0.080
ttt_playerspawn	-687.730469 -555.099548 -637.250671	-0.088 0.277 0.088
ttt_playerspawn	-655.349304 -433.105164 -634.747559	-0.088 -0.739 0.088
ttt_playerspawn	-271.721832 -510.811920 -630.807007	-0.003 -1.210 0.088
ttt_playerspawn	-466.489075 -607.713196 -634.290527	-0.068 0.826 0.068
ttt_playerspawn	-426.646301 -492.227264 -637.456604	-0.061 0.185 0.061
ttt_playerspawn	-303.057434 -655.343445 -637.732239	-0.081 0.046 0.081
ttt_playerspawn	-120.912079 -588.544189 -632.058167	-0.056 -0.462 0.056
ttt_playerspawn	-131.509277 -451.382446 -636.120056	-0.084 0.554 0.084
ttt_playerspawn	1644.981445 -948.932739 -635.898438	-0.096 -0.277 0.096
ttt_playerspawn	1624.830933 -1020.218262 -635.120239	-0.068 -1.478 0.068
ttt_playerspawn	805.432312 -977.738037 -634.797424	-0.065 -0.171 0.065
ttt_playerspawn	458.487488 -983.242249 -635.731567	-0.054 0.225 0.054
ttt_playerspawn	-27.177551 -980.055115 -635.409058	-0.074 -0.277 0.074
ttt_playerspawn	-264.476501 -970.941345 -636.389099	-0.092 0.139 0.092
ttt_playerspawn	946.603882 -986.369873 -636.166260	-0.064 0.092 0.064
ttt_playerspawn	1395.519775 -988.608521 -636.699158	-0.086 1.201 0.086
ttt_playerspawn	652.342896 -976.921448 -635.849854	-0.031 -0.460 0.031
ttt_playerspawn	296.052490 -974.087646 -635.715576	-0.097 -0.000 0.097
ttt_playerspawn	-619.743225 -990.497925 -636.684814	-0.039 0.185 0.039
ttt_playerspawn	1262.079346 -980.673279 443.253113	-0.075 0.370 0.075
ttt_playerspawn	931.610168 -993.532166 446.230774	-0.072 0.370 0.072
ttt_playerspawn	1416.860107 617.083923 -476.961060	-0.209 -0.458 -0.189
ttt_playerspawn	1336.242065 -165.013412 -628.839294	-0.072 -0.277 0.072
ttt_playerspawn	1285.561523 127.182343 -629.701721	-0.073 0.185 0.073
ttt_playerspawn	1208.846313 -6.001826 -629.145996	-0.040 0.924 0.040
weapon_ttt_smokegrenade	120.786003 -711.122986 -639.057983	0.000 0.000 0.000
weapon_ttt_smokegrenade	-149.548996 -733.200012 -639.057983	0.000 0.000 0.000
weapon_ttt_smokegrenade	-414.657013 -726.369995 -639.057983	0.000 0.000 0.000
weapon_ttt_smokegrenade	-265.028015 -296.916992 -639.057983	0.000 0.000 0.000
weapon_ttt_smokegrenade	221.082993 -250.723007 -639.057983	0.000 0.000 0.000
weapon_ttt_smokegrenade	843.729980 -682.799011 -639.057983	0.000 0.000 0.000
weapon_ttt_smokegrenade	1564.770020 -685.580017 -639.057983	0.000 0.000 0.000
weapon_ttt_smokegrenade	1618.839966 601.434021 -639.057983	0.000 0.000 0.000
weapon_ttt_smokegrenade	972.828979 715.504028 -639.057983	0.000 0.000 0.000
weapon_ttt_smokegrenade	534.085999 702.690979 -639.057983	0.000 0.000 0.000
weapon_ttt_smokegrenade	284.768005 695.533020 -639.057983	0.000 0.000 0.000
weapon_ttt_smokegrenade	-812.794006 923.312012 -639.057983	0.000 0.000 0.000
weapon_ttt_smokegrenade	-968.065002 595.169006 -639.057983	0.000 0.000 0.000
weapon_ttt_smokegrenade	-937.431030 192.125000 -639.057983	0.000 0.000 0.000
weapon_ttt_smokegrenade	-863.421997 747.411011 -399.058014	0.000 0.000 0.000
weapon_ttt_smokegrenade	-765.056030 906.070007 -359.058014	0.000 0.000 0.000
weapon_ttt_smokegrenade	-900.734009 195.332001 -439.058014	0.000 0.000 0.000
weapon_ttt_smokegrenade	-766.676025 89.510002 -439.058014	0.000 0.000 0.000
weapon_ttt_smokegrenade	-939.713989 534.794006 -239.057999	0.000 0.000 0.000
weapon_ttt_smokegrenade	-945.193970 331.011993 -239.057999	0.000 0.000 0.000
weapon_ttt_smokegrenade	-688.567993 -28.387300 -239.057999	0.000 0.000 0.000
weapon_ttt_smokegrenade	178.080002 954.289001 -199.057999	0.000 0.000 0.000
weapon_ttt_smokegrenade	125.422997 962.929016 -199.057999	0.000 0.000 0.000
weapon_ttt_smokegrenade	127.575996 906.317017 -199.057999	0.000 0.000 0.000
weapon_ttt_smokegrenade	154.649994 918.414001 -199.057999	0.000 0.000 0.000
weapon_ttt_smokegrenade	154.975998 950.812988 -199.057999	0.000 0.000 0.000
weapon_ttt_smokegrenade	134.186996 942.549988 -199.057999	0.000 0.000 0.000
weapon_ttt_smokegrenade	110.202003 930.286011 -199.057999	0.000 0.000 0.000
weapon_ttt_smokegrenade	136.214996 888.317993 -199.057999	0.000 0.000 0.000
weapon_ttt_smokegrenade	772.460022 917.492004 -199.057999	0.000 0.000 0.000
weapon_ttt_smokegrenade	1338.329956 966.947998 -199.057999	0.000 0.000 0.000
weapon_ttt_smokegrenade	1200.000000 816.442993 -199.057999	0.000 0.000 0.000
weapon_ttt_smokegrenade	1463.410034 547.429993 -479.058014	0.000 0.000 0.000
weapon_ttt_smokegrenade	1197.520020 813.299988 -479.058014	0.000 0.000 0.000
weapon_ttt_smokegrenade	1432.760010 806.982971 -479.058014	0.000 0.000 0.000
weapon_ttt_smokegrenade	1523.829956 890.312988 200.942001	0.000 0.000 0.000
weapon_ttt_smokegrenade	1533.060059 533.653015 200.942001	0.000 0.000 0.000
weapon_ttt_smokegrenade	1224.199951 878.952026 200.942001	0.000 0.000 0.000
weapon_ttt_smokegrenade	1294.060059 975.192017 400.941986	0.000 0.000 0.000
weapon_ttt_smokegrenade	1453.839966 531.505005 400.941986	0.000 0.000 0.000
weapon_ttt_smokegrenade	648.793030 673.077026 440.941986	0.000 0.000 0.000
weapon_ttt_smokegrenade	-974.302979 981.489990 400.941986	0.000 0.000 0.000
weapon_ttt_smokegrenade	-915.497986 812.318970 400.941986	0.000 0.000 0.000
weapon_ttt_smokegrenade	-935.666992 39.704700 400.941986	0.000 0.000 0.000
weapon_ttt_smokegrenade	-890.130005 43.717499 400.941986	0.000 0.000 0.000
weapon_ttt_smokegrenade	-1100.319946 142.242996 -239.057999	0.000 0.000 0.000
weapon_ttt_smokegrenade	728.341003 766.054993 440.941986	0.000 0.000 0.000
item_box_buckshot_ttt	341.372986 701.325989 -636.538025	0.000 0.000 0.000
item_box_buckshot_ttt	317.372986 701.325989 -636.538025	0.000 0.000 0.000
item_box_buckshot_ttt	329.372986 701.325989 -636.538025	0.000 0.000 0.000
item_box_buckshot_ttt	417.372009 704.666016 -636.538025	0.000 0.000 0.000
item_box_buckshot_ttt	393.372009 704.666016 -636.538025	0.000 0.000 0.000
item_box_buckshot_ttt	405.372009 704.666016 -636.538025	0.000 0.000 0.000
item_box_buckshot_ttt	484.518005 706.758972 -636.538025	0.000 0.000 0.000
item_box_buckshot_ttt	460.518005 706.758972 -636.538025	0.000 0.000 0.000
item_box_buckshot_ttt	472.518005 706.758972 -636.538025	0.000 0.000 0.000
item_box_buckshot_ttt	-831.273010 934.685974 -636.538025	0.000 0.000 0.000
item_box_buckshot_ttt	-855.273010 934.685974 -636.538025	0.000 0.000 0.000
item_box_buckshot_ttt	-843.273010 934.685974 -636.538025	0.000 0.000 0.000
item_box_buckshot_ttt	-701.310974 937.086975 -636.538025	0.000 0.000 0.000
item_box_buckshot_ttt	-725.310974 937.086975 -636.538025	0.000 0.000 0.000
item_box_buckshot_ttt	-713.310974 937.086975 -636.538025	0.000 0.000 0.000
item_box_buckshot_ttt	-907.693970 217.373993 -636.538025	0.000 0.000 0.000
item_box_buckshot_ttt	-931.693970 217.373993 -636.538025	0.000 0.000 0.000
item_box_buckshot_ttt	-919.693970 217.373993 -636.538025	0.000 0.000 0.000
item_box_buckshot_ttt	-788.369019 -257.295013 -636.538025	0.000 0.000 0.000
item_box_buckshot_ttt	-812.369019 -257.295013 -636.538025	0.000 0.000 0.000
item_box_buckshot_ttt	-800.369019 -257.295013 -636.538025	0.000 0.000 0.000
item_box_buckshot_ttt	-851.078003 -1047.079956 -636.538025	0.000 0.000 0.000
item_box_buckshot_ttt	-875.078003 -1047.079956 -636.538025	0.000 0.000 0.000
item_box_buckshot_ttt	-863.078003 -1047.079956 -636.538025	0.000 0.000 0.000
item_box_buckshot_ttt	1103.239990 -906.057007 -636.538025	0.000 0.000 0.000
item_box_buckshot_ttt	1079.239990 -906.057007 -636.538025	0.000 0.000 0.000
item_box_buckshot_ttt	1091.239990 -906.057007 -636.538025	0.000 0.000 0.000
item_box_buckshot_ttt	706.255981 -1047.119995 443.462006	0.000 0.000 0.000
item_box_buckshot_ttt	682.255981 -1047.119995 443.462006	0.000 0.000 0.000
item_box_buckshot_ttt	694.255981 -1047.119995 443.462006	0.000 0.000 0.000
item_box_buckshot_ttt	1061.229980 -633.776978 443.462006	0.000 0.000 0.000
item_box_buckshot_ttt	1037.229980 -633.776978 443.462006	0.000 0.000 0.000
item_box_buckshot_ttt	1049.229980 -633.776978 443.462006	0.000 0.000 0.000
item_box_buckshot_ttt	1268.819946 955.971985 -196.537994	0.000 0.000 0.000
item_box_buckshot_ttt	1244.819946 955.971985 -196.537994	0.000 0.000 0.000
item_box_buckshot_ttt	1256.819946 955.971985 -196.537994	0.000 0.000 0.000
item_box_buckshot_ttt	1610.619995 554.882996 203.462006	0.000 0.000 0.000
item_box_buckshot_ttt	1586.619995 554.882996 203.462006	0.000 0.000 0.000
item_box_buckshot_ttt	1598.619995 554.882996 203.462006	0.000 0.000 0.000
item_box_buckshot_ttt	1526.760010 527.625977 403.462006	0.000 0.000 0.000
item_box_buckshot_ttt	1502.760010 527.625977 403.462006	0.000 0.000 0.000
item_box_buckshot_ttt	1514.760010 527.625977 403.462006	0.000 0.000 0.000
item_box_buckshot_ttt	861.640991 882.491028 443.462006	0.000 0.000 0.000
item_box_buckshot_ttt	837.640991 882.491028 443.462006	0.000 0.000 0.000
item_box_buckshot_ttt	849.640991 882.491028 443.462006	0.000 0.000 0.000
item_box_buckshot_ttt	214.496002 887.268982 403.462006	0.000 0.000 0.000
item_box_buckshot_ttt	190.496002 887.268982 403.462006	0.000 0.000 0.000
item_box_buckshot_ttt	202.496002 887.268982 403.462006	0.000 0.000 0.000
item_box_buckshot_ttt	-923.398987 393.550995 -236.537994	0.000 0.000 0.000
item_box_buckshot_ttt	-947.398987 393.550995 -236.537994	0.000 0.000 0.000
item_box_buckshot_ttt	-935.398987 393.550995 -236.537994	0.000 0.000 0.000
item_box_buckshot_ttt	-521.080994 -691.872986 -316.537994	0.000 0.000 0.000
item_box_buckshot_ttt	-545.080994 -691.872986 -316.537994	0.000 0.000 0.000
item_box_buckshot_ttt	-533.080994 -691.872986 -316.537994	0.000 0.000 0.000
item_box_buckshot_ttt	-238.464996 -699.060974 -316.537994	0.000 0.000 0.000
item_box_buckshot_ttt	-262.464996 -699.060974 -316.537994	0.000 0.000 0.000
item_box_buckshot_ttt	-250.464996 -699.060974 -316.537994	0.000 0.000 0.000
item_box_buckshot_ttt	623.422974 -714.578979 -636.538025	0.000 0.000 0.000
item_box_buckshot_ttt	599.422974 -714.578979 -636.538025	0.000 0.000 0.000
item_box_buckshot_ttt	611.422974 -714.578979 -636.538025	0.000 0.000 0.000
item_box_buckshot_ttt	1447.589966 -716.312012 -636.538025	0.000 0.000 0.000
item_box_buckshot_ttt	1423.589966 -716.312012 -636.538025	0.000 0.000 0.000
item_box_buckshot_ttt	1435.589966 -716.312012 -636.538025	0.000 0.000 0.000
item_box_buckshot_ttt	1613.709961 371.337006 -636.538025	0.000 0.000 0.000
item_box_buckshot_ttt	1589.709961 371.337006 -636.538025	0.000 0.000 0.000
item_box_buckshot_ttt	1601.709961 371.337006 -636.538025	0.000 0.000 0.000
item_box_buckshot_ttt	81.733200 -100.783997 -636.538025	0.000 0.000 0.000
item_box_buckshot_ttt	57.733200 -100.783997 -636.538025	0.000 0.000 0.000
item_box_buckshot_ttt	69.733200 -100.783997 -636.538025	0.000 0.000 0.000
item_box_buckshot_ttt	1608.239990 874.133972 403.462006	0.000 0.000 0.000
item_box_buckshot_ttt	1584.239990 874.133972 403.462006	0.000 0.000 0.000
item_box_buckshot_ttt	1596.239990 874.133972 403.462006	0.000 0.000 0.000
item_box_buckshot_ttt	1262.640015 -744.784973 3.461550	0.000 0.000 0.000
item_box_buckshot_ttt	1238.640015 -744.784973 3.461550	0.000 0.000 0.000
item_box_buckshot_ttt	1250.640015 -744.784973 3.461550	0.000 0.000 0.000
item_box_buckshot_ttt	-123.415001 970.567993 402.489990	0.000 0.000 0.000
item_box_buckshot_ttt	-147.414993 970.567993 402.489990	0.000 0.000 0.000
item_box_buckshot_ttt	-135.414993 970.567993 402.489990	0.000 0.000 0.000
item_ammo_357_ttt	65.650803 -259.199005 -634.517029	0.000 0.000 0.000
item_ammo_357_ttt	89.650803 -259.199005 -634.517029	0.000 0.000 0.000
item_ammo_357_ttt	-458.608002 -733.922974 -634.517029	0.000 0.000 0.000
item_ammo_357_ttt	-434.608002 -733.922974 -634.517029	0.000 0.000 0.000
item_ammo_357_ttt	-895.442017 -978.028015 -634.517029	0.000 0.000 0.000
item_ammo_357_ttt	-871.442017 -978.028015 -634.517029	0.000 0.000 0.000
item_ammo_357_ttt	-916.138000 845.388000 -634.517029	0.000 0.000 0.000
item_ammo_357_ttt	-892.138000 845.388000 -634.517029	0.000 0.000 0.000
item_ammo_357_ttt	-913.848022 758.965027 -634.517029	0.000 0.000 0.000
item_ammo_357_ttt	-889.848022 758.965027 -634.517029	0.000 0.000 0.000
item_ammo_357_ttt	317.285004 853.476990 -594.517029	0.000 0.000 0.000
item_ammo_357_ttt	341.285004 853.476990 -594.517029	0.000 0.000 0.000
item_ammo_357_ttt	1143.609985 786.041016 -474.516998	0.000 0.000 0.000
item_ammo_357_ttt	1167.609985 786.041016 -474.516998	0.000 0.000 0.000
item_ammo_357_ttt	1563.329956 506.545013 -474.516998	0.000 0.000 0.000
item_ammo_357_ttt	1587.329956 506.545013 -474.516998	0.000 0.000 0.000
item_ammo_357_ttt	1139.810059 981.578979 -194.516998	0.000 0.000 0.000
item_ammo_357_ttt	1163.810059 981.578979 -194.516998	0.000 0.000 0.000
item_ammo_357_ttt	982.124023 1008.799988 -194.516998	0.000 0.000 0.000
item_ammo_357_ttt	1006.119995 1008.799988 -194.516998	0.000 0.000 0.000
item_ammo_357_ttt	690.245972 858.263000 445.483002	0.000 0.000 0.000
item_ammo_357_ttt	714.245972 858.263000 445.483002	0.000 0.000 0.000
item_ammo_357_ttt	369.574005 897.999023 405.483002	0.000 0.000 0.000
item_ammo_357_ttt	393.574005 897.999023 405.483002	0.000 0.000 0.000
item_ammo_357_ttt	-899.526978 1027.400024 405.483002	0.000 0.000 0.000
item_ammo_357_ttt	-875.526978 1027.400024 405.483002	0.000 0.000 0.000
item_ammo_357_ttt	-963.103027 42.442001 405.483002	0.000 0.000 0.000
item_ammo_357_ttt	-939.103027 42.442001 405.483002	0.000 0.000 0.000
item_ammo_357_ttt	-944.557007 500.494995 -234.516998	0.000 0.000 0.000
item_ammo_357_ttt	-920.557007 500.494995 -234.516998	0.000 0.000 0.000
item_ammo_357_ttt	-818.278015 248.621002 -434.516998	0.000 0.000 0.000
item_ammo_357_ttt	-794.278015 248.621002 -434.516998	0.000 0.000 0.000
item_ammo_357_ttt	-857.877991 729.315002 -394.516998	0.000 0.000 0.000
item_ammo_357_ttt	-833.877991 729.315002 -394.516998	0.000 0.000 0.000
item_ammo_357_ttt	-10.784900 -108.579002 -634.517029	0.000 0.000 0.000
item_ammo_357_ttt	13.215100 -108.579002 -634.517029	0.000 0.000 0.000
item_ammo_357_ttt	978.494019 759.104004 -634.517029	0.000 0.000 0.000
item_ammo_357_ttt	1002.489990 759.104004 -634.517029	0.000 0.000 0.000
item_ammo_357_ttt	757.640991 -683.982971 -634.517029	0.000 0.000 0.000
item_ammo_357_ttt	781.640991 -683.982971 -634.517029	0.000 0.000 0.000
item_ammo_357_ttt	1159.369995 -717.018982 -634.517029	0.000 0.000 0.000
item_ammo_357_ttt	1183.369995 -717.018982 -634.517029	0.000 0.000 0.000
item_ammo_357_ttt	144.044006 -696.905029 -634.517029	0.000 0.000 0.000
item_ammo_357_ttt	168.044006 -696.905029 -634.517029	0.000 0.000 0.000
item_ammo_357_ttt	-814.315002 -520.544983 -474.516998	0.000 0.000 0.000
item_ammo_357_ttt	-790.315002 -520.544983 -474.516998	0.000 0.000 0.000
item_ammo_357_ttt	83.502098 -1053.109985 -634.517029	0.000 0.000 0.000
item_ammo_357_ttt	107.501999 -1053.109985 -634.517029	0.000 0.000 0.000
item_ammo_357_ttt	674.023010 -977.166992 445.483002	0.000 0.000 0.000
item_ammo_357_ttt	698.023010 -977.166992 445.483002	0.000 0.000 0.000
item_ammo_357_ttt	1292.939941 -761.133972 445.483002	0.000 0.000 0.000
item_ammo_357_ttt	1316.939941 -761.133972 445.483002	0.000 0.000 0.000
item_ammo_357_ttt	1600.040039 -757.773987 485.483002	0.000 0.000 0.000
item_ammo_357_ttt	1624.040039 -757.773987 485.483002	0.000 0.000 0.000
item_ammo_357_ttt	1590.439941 963.094971 165.483002	0.000 0.000 0.000
item_ammo_357_ttt	1614.439941 963.094971 165.483002	0.000 0.000 0.000
item_ammo_357_ttt	1148.050049 986.176025 405.483002	0.000 0.000 0.000
item_ammo_357_ttt	1172.050049 986.176025 405.483002	0.000 0.000 0.000
item_ammo_357_ttt	1271.599976 821.521973 405.483002	0.000 0.000 0.000
item_ammo_357_ttt	1295.599976 821.521973 405.483002	0.000 0.000 0.000
item_ammo_357_ttt	1058.140015 -724.278015 5.483220	0.000 0.000 0.000
item_ammo_357_ttt	1082.140015 -724.278015 5.483220	0.000 0.000 0.000
item_ammo_357_ttt	885.697021 594.291016 445.483002	0.000 0.000 0.000
item_ammo_357_ttt	909.697021 594.291016 445.483002	0.000 0.000 0.000
item_ammo_revolver_ttt	627.955017 699.026001 -639.723999	0.000 0.000 0.000
item_ammo_revolver_ttt	611.955017 699.026001 -639.723999	0.000 0.000 0.000
item_ammo_revolver_ttt	619.955017 699.026001 -639.723999	0.000 0.000 0.000
item_ammo_revolver_ttt	715.955017 699.026001 -639.723999	0.000 0.000 0.000
item_ammo_revolver_ttt	699.955017 699.026001 -639.723999	0.000 0.000 0.000
item_ammo_revolver_ttt	707.955017 699.026001 -639.723999	0.000 0.000 0.000
item_ammo_revolver_ttt	827.955017 699.026001 -639.723999	0.000 0.000 0.000
item_ammo_revolver_ttt	811.955017 699.026001 -639.723999	0.000 0.000 0.000
item_ammo_revolver_ttt	819.955017 699.026001 -639.723999	0.000 0.000 0.000
item_ammo_revolver_ttt	263.778992 705.515991 -639.723999	0.000 0.000 0.000
item_ammo_revolver_ttt	247.779007 705.515991 -639.723999	0.000 0.000 0.000
item_ammo_revolver_ttt	255.779007 705.515991 -639.723999	0.000 0.000 0.000
item_ammo_revolver_ttt	-802.715027 -310.427002 -639.723999	0.000 0.000 0.000
item_ammo_revolver_ttt	-818.715027 -310.427002 -639.723999	0.000 0.000 0.000
item_ammo_revolver_ttt	-810.715027 -310.427002 -639.723999	0.000 0.000 0.000
item_ammo_revolver_ttt	-373.393005 -732.814026 -639.723999	0.000 0.000 0.000
item_ammo_revolver_ttt	-389.393005 -732.814026 -639.723999	0.000 0.000 0.000
item_ammo_revolver_ttt	-381.393005 -732.814026 -639.723999	0.000 0.000 0.000
item_ammo_revolver_ttt	-806.791016 -904.903992 -639.723999	0.000 0.000 0.000
item_ammo_revolver_ttt	-822.791016 -904.903992 -639.723999	0.000 0.000 0.000
item_ammo_revolver_ttt	-814.791016 -904.903992 -639.723999	0.000 0.000 0.000
item_ammo_revolver_ttt	-903.549988 -1060.650024 -639.723999	0.000 0.000 0.000
item_ammo_revolver_ttt	-919.549988 -1060.650024 -639.723999	0.000 0.000 0.000
item_ammo_revolver_ttt	-911.549988 -1060.650024 -639.723999	0.000 0.000 0.000
item_ammo_revolver_ttt	1346.219971 -725.434021 -639.723999	0.000 0.000 0.000
item_ammo_revolver_ttt	1330.219971 -725.434021 -639.723999	0.000 0.000 0.000
item_ammo_revolver_ttt	1338.219971 -725.434021 -639.723999	0.000 0.000 0.000
item_ammo_revolver_ttt	1538.349976 -734.901001 -639.723999	0.000 0.000 0.000
item_ammo_revolver_ttt	1522.349976 -734.901001 -639.723999	0.000 0.000 0.000
item_ammo_revolver_ttt	1530.349976 -734.901001 -639.723999	0.000 0.000 0.000
item_ammo_revolver_ttt	902.846985 742.309021 -599.723999	0.000 0.000 0.000
item_ammo_revolver_ttt	886.846985 742.309021 -599.723999	0.000 0.000 0.000
item_ammo_revolver_ttt	894.846985 742.309021 -599.723999	0.000 0.000 0.000
item_ammo_revolver_ttt	182.095001 869.961975 -599.723999	0.000 0.000 0.000
item_ammo_revolver_ttt	166.095001 869.961975 -599.723999	0.000 0.000 0.000
item_ammo_revolver_ttt	174.095001 869.961975 -599.723999	0.000 0.000 0.000
item_ammo_revolver_ttt	1068.550049 908.380981 -599.723999	0.000 0.000 0.000
item_ammo_revolver_ttt	1052.550049 908.380981 -599.723999	0.000 0.000 0.000
item_ammo_revolver_ttt	1060.550049 908.380981 -599.723999	0.000 0.000 0.000
item_ammo_revolver_ttt	1629.839966 615.182007 -479.723999	0.000 0.000 0.000
item_ammo_revolver_ttt	1613.839966 615.182007 -479.723999	0.000 0.000 0.000
item_ammo_revolver_ttt	1621.839966 615.182007 -479.723999	0.000 0.000 0.000
item_ammo_revolver_ttt	114.584999 -141.651993 -639.723999	0.000 0.000 0.000
item_ammo_revolver_ttt	98.584999 -141.651993 -639.723999	0.000 0.000 0.000
item_ammo_revolver_ttt	106.584999 -141.651993 -639.723999	0.000 0.000 0.000
item_ammo_revolver_ttt	-13.592000 -141.447998 -639.723999	0.000 0.000 0.000
item_ammo_revolver_ttt	-29.591999 -141.447998 -639.723999	0.000 0.000 0.000
item_ammo_revolver_ttt	-21.591999 -141.447998 -639.723999	0.000 0.000 0.000
item_ammo_revolver_ttt	85.231499 -733.023987 -639.723999	0.000 0.000 0.000
item_ammo_revolver_ttt	69.231499 -733.023987 -639.723999	0.000 0.000 0.000
item_ammo_revolver_ttt	77.231499 -733.023987 -639.723999	0.000 0.000 0.000
item_ammo_revolver_ttt	1347.000000 583.525024 200.276001	0.000 0.000 0.000
item_ammo_revolver_ttt	1331.000000 583.525024 200.276001	0.000 0.000 0.000
item_ammo_revolver_ttt	1339.000000 583.525024 200.276001	0.000 0.000 0.000
item_ammo_revolver_ttt	1628.099976 910.302002 160.276001	0.000 0.000 0.000
item_ammo_revolver_ttt	1612.099976 910.302002 160.276001	0.000 0.000 0.000
item_ammo_revolver_ttt	1620.099976 910.302002 160.276001	0.000 0.000 0.000
item_ammo_revolver_ttt	1152.719971 782.812012 200.276001	0.000 0.000 0.000
item_ammo_revolver_ttt	1136.719971 782.812012 200.276001	0.000 0.000 0.000
item_ammo_revolver_ttt	1144.719971 782.812012 200.276001	0.000 0.000 0.000
item_ammo_revolver_ttt	1549.489990 983.174988 400.276001	0.000 0.000 0.000
item_ammo_revolver_ttt	1533.489990 983.174988 400.276001	0.000 0.000 0.000
item_ammo_revolver_ttt	1541.489990 983.174988 400.276001	0.000 0.000 0.000
item_ammo_revolver_ttt	1335.520020 -627.557007 440.276001	0.000 0.000 0.000
item_ammo_revolver_ttt	1319.520020 -627.557007 440.276001	0.000 0.000 0.000
item_ammo_revolver_ttt	1327.520020 -627.557007 440.276001	0.000 0.000 0.000
item_ammo_revolver_ttt	1002.340027 -772.611023 160.276001	0.000 0.000 0.000
item_ammo_revolver_ttt	986.338013 -772.611023 160.276001	0.000 0.000 0.000
item_ammo_revolver_ttt	994.338013 -772.611023 160.276001	0.000 0.000 0.000
item_ammo_revolver_ttt	1615.579956 974.893005 -479.723999	0.000 0.000 0.000
item_ammo_revolver_ttt	1599.579956 974.893005 -479.723999	0.000 0.000 0.000
item_ammo_revolver_ttt	1607.579956 974.893005 -479.723999	0.000 0.000 0.000
item_ammo_revolver_ttt	-169.238007 -257.819000 -559.723999	0.000 0.000 0.000
item_ammo_revolver_ttt	-177.238007 -257.819000 -559.723999	0.000 0.000 0.000
item_ammo_revolver_ttt	-185.238007 -257.819000 -559.723999	0.000 0.000 0.000
item_ammo_smg1_ttt	-775.656982 949.088013 -636.458008	0.000 0.000 0.000
item_ammo_smg1_ttt	-791.656982 949.088013 -636.458008	0.000 0.000 0.000
item_ammo_smg1_ttt	-964.395996 610.460999 -636.458008	0.000 0.000 0.000
item_ammo_smg1_ttt	-980.395996 610.460999 -636.458008	0.000 0.000 0.000
item_ammo_smg1_ttt	-623.921997 215.983002 -636.458008	0.000 0.000 0.000
item_ammo_smg1_ttt	-639.921997 215.983002 -636.458008	0.000 0.000 0.000
item_ammo_smg1_ttt	-313.751007 -718.408020 -636.458008	0.000 0.000 0.000
item_ammo_smg1_ttt	-329.751007 -718.408020 -636.458008	0.000 0.000 0.000
item_ammo_smg1_ttt	-804.741028 -1011.119995 -636.458008	0.000 0.000 0.000
item_ammo_smg1_ttt	-820.741028 -1011.119995 -636.458008	0.000 0.000 0.000
item_ammo_smg1_ttt	112.664001 -904.322998 -636.458008	0.000 0.000 0.000
item_ammo_smg1_ttt	96.664398 -904.322998 -636.458008	0.000 0.000 0.000
item_ammo_smg1_ttt	768.504028 -1016.900024 443.541992	0.000 0.000 0.000
item_ammo_smg1_ttt	752.504028 -1016.900024 443.541992	0.000 0.000 0.000
item_ammo_smg1_ttt	761.581970 -921.534973 443.541992	0.000 0.000 0.000
item_ammo_smg1_ttt	745.581970 -921.534973 443.541992	0.000 0.000 0.000
item_ammo_smg1_ttt	1440.969971 530.986023 203.542007	0.000 0.000 0.000
item_ammo_smg1_ttt	1424.969971 530.986023 203.542007	0.000 0.000 0.000
item_ammo_smg1_ttt	1354.160034 624.815002 403.541992	0.000 0.000 0.000
item_ammo_smg1_ttt	1338.160034 624.815002 403.541992	0.000 0.000 0.000
item_ammo_smg1_ttt	846.343994 758.956970 443.541992	0.000 0.000 0.000
item_ammo_smg1_ttt	830.343994 758.956970 443.541992	0.000 0.000 0.000
item_ammo_smg1_ttt	107.686996 931.202026 403.541992	0.000 0.000 0.000
item_ammo_smg1_ttt	91.686600 931.202026 403.541992	0.000 0.000 0.000
item_ammo_smg1_ttt	-951.937988 170.192993 403.541992	0.000 0.000 0.000
item_ammo_smg1_ttt	-967.937988 170.192993 403.541992	0.000 0.000 0.000
item_ammo_smg1_ttt	-1224.609985 125.460999 -236.457993	0.000 0.000 0.000
item_ammo_smg1_ttt	-1240.609985 125.460999 -236.457993	0.000 0.000 0.000
item_ammo_smg1_ttt	-933.716980 965.645020 -236.457993	0.000 0.000 0.000
item_ammo_smg1_ttt	-949.716980 965.645020 -236.457993	0.000 0.000 0.000
item_ammo_smg1_ttt	-598.630981 883.072021 -356.458008	0.000 0.000 0.000
item_ammo_smg1_ttt	-614.630981 883.072021 -356.458008	0.000 0.000 0.000
item_ammo_smg1_ttt	-908.491028 23.608299 -436.458008	0.000 0.000 0.000
item_ammo_smg1_ttt	-924.491028 23.608299 -436.458008	0.000 0.000 0.000
item_ammo_smg1_ttt	-795.697998 -419.950989 -476.458008	0.000 0.000 0.000
item_ammo_smg1_ttt	-811.697998 -419.950989 -476.458008	0.000 0.000 0.000
item_ammo_smg1_ttt	763.744995 846.526978 -596.458008	0.000 0.000 0.000
item_ammo_smg1_ttt	747.744995 846.526978 -596.458008	0.000 0.000 0.000
item_ammo_smg1_ttt	1256.319946 697.716980 -476.458008	0.000 0.000 0.000
item_ammo_smg1_ttt	1240.319946 697.716980 -476.458008	0.000 0.000 0.000
item_ammo_smg1_ttt	1598.050049 708.892029 -196.457993	0.000 0.000 0.000
item_ammo_smg1_ttt	1582.050049 708.892029 -196.457993	0.000 0.000 0.000
item_ammo_smg1_ttt	-86.737297 -778.471985 -316.458008	0.000 0.000 0.000
item_ammo_smg1_ttt	-102.737000 -778.471985 -316.458008	0.000 0.000 0.000
item_ammo_smg1_ttt	1020.559998 720.979980 -636.458008	0.000 0.000 0.000
item_ammo_smg1_ttt	1004.559998 720.979980 -636.458008	0.000 0.000 0.000
item_ammo_smg1_ttt	-719.346985 947.744995 404.471008	0.000 0.000 0.000
item_ammo_smg1_ttt	-735.346985 947.744995 404.471008	0.000 0.000 0.000
item_ammo_smg1_ttt	-520.078979 -625.146973 4.471250	0.000 0.000 0.000
item_ammo_smg1_ttt	-536.078979 -625.146973 4.471250	0.000 0.000 0.000
item_ammo_smg1_ttt	-934.790955 -139.100891 -639.588806	-0.267 0.005 0.167
item_ammo_smg1_ttt	-933.866211 -87.163010 -639.532288	0.439 -0.047 0.032
item_ammo_smg1_ttt	-935.124023 -43.936031 -639.593506	-0.215 0.005 0.132
item_ammo_smg1_ttt	-936.644653 -114.683144 -639.598267	-0.171 0.005 0.103
item_ammo_smg1_ttt	-927.067505 79.054863 -639.524658	-0.562 0.014 0.253
item_ammo_smg1_ttt	-939.314270 116.888847 -639.502930	0.863 0.013 -0.640
item_ammo_pistol_ttt	171.738998 704.622009 -635.119995	0.000 0.000 0.000
item_ammo_pistol_ttt	203.738998 704.622009 -635.119995	0.000 0.000 0.000
item_ammo_pistol_ttt	187.738998 704.622009 -635.119995	0.000 0.000 0.000
item_ammo_pistol_ttt	874.731995 703.797974 -635.119995	0.000 0.000 0.000
item_ammo_pistol_ttt	906.731995 703.797974 -635.119995	0.000 0.000 0.000
item_ammo_pistol_ttt	890.731995 703.797974 -635.119995	0.000 0.000 0.000
item_ammo_pistol_ttt	868.625977 -704.581970 -635.119995	0.000 0.000 0.000
item_ammo_pistol_ttt	900.625977 -704.581970 -635.119995	0.000 0.000 0.000
item_ammo_pistol_ttt	884.625977 -704.581970 -635.119995	0.000 0.000 0.000
item_ammo_pistol_ttt	329.976013 -722.827026 -635.119995	0.000 0.000 0.000
item_ammo_pistol_ttt	361.976013 -722.827026 -635.119995	0.000 0.000 0.000
item_ammo_pistol_ttt	345.976013 -722.827026 -635.119995	0.000 0.000 0.000
item_ammo_pistol_ttt	975.710999 -661.197021 -635.119995	0.000 0.000 0.000
item_ammo_pistol_ttt	1007.710022 -661.197021 -635.119995	0.000 0.000 0.000
item_ammo_pistol_ttt	991.710999 -661.197021 -635.119995	0.000 0.000 0.000
item_ammo_pistol_ttt	1599.219971 -720.294983 -635.119995	0.000 0.000 0.000
item_ammo_pistol_ttt	1631.219971 -720.294983 -635.119995	0.000 0.000 0.000
item_ammo_pistol_ttt	1615.219971 -720.294983 -635.119995	0.000 0.000 0.000
item_ammo_pistol_ttt	1253.979980 786.497009 -635.119995	0.000 0.000 0.000
item_ammo_pistol_ttt	1285.979980 786.497009 -635.119995	0.000 0.000 0.000
item_ammo_pistol_ttt	1269.979980 786.497009 -635.119995	0.000 0.000 0.000
item_ammo_pistol_ttt	1540.319946 971.544006 -195.119995	0.000 0.000 0.000
item_ammo_pistol_ttt	1572.319946 971.544006 -195.119995	0.000 0.000 0.000
item_ammo_pistol_ttt	1556.319946 971.544006 -195.119995	0.000 0.000 0.000
item_ammo_pistol_ttt	1139.109985 970.135010 204.880005	0.000 0.000 0.000
item_ammo_pistol_ttt	1171.109985 970.135010 204.880005	0.000 0.000 0.000
item_ammo_pistol_ttt	1155.109985 970.135010 204.880005	0.000 0.000 0.000
item_ammo_pistol_ttt	615.817017 632.224976 444.880005	0.000 0.000 0.000
item_ammo_pistol_ttt	647.817017 632.224976 444.880005	0.000 0.000 0.000
item_ammo_pistol_ttt	631.817017 632.224976 444.880005	0.000 0.000 0.000
item_ammo_pistol_ttt	-975.010986 833.197021 404.880005	0.000 0.000 0.000
item_ammo_pistol_ttt	-943.010986 833.197021 404.880005	0.000 0.000 0.000
item_ammo_pistol_ttt	-959.010986 833.197021 404.880005	0.000 0.000 0.000
item_ammo_pistol_ttt	-949.398987 58.832600 -235.119995	0.000 0.000 0.000
item_ammo_pistol_ttt	-917.398987 58.832600 -235.119995	0.000 0.000 0.000
item_ammo_pistol_ttt	-933.398987 58.832600 -235.119995	0.000 0.000 0.000
item_ammo_pistol_ttt	-456.656006 -269.516998 -635.119995	0.000 0.000 0.000
item_ammo_pistol_ttt	-424.656006 -269.516998 -635.119995	0.000 0.000 0.000
item_ammo_pistol_ttt	-440.656006 -269.516998 -635.119995	0.000 0.000 0.000
item_ammo_pistol_ttt	-119.679001 -718.197021 -635.119995	0.000 0.000 0.000
item_ammo_pistol_ttt	-87.679398 -718.197021 -635.119995	0.000 0.000 0.000
item_ammo_pistol_ttt	-103.679001 -718.197021 -635.119995	0.000 0.000 0.000
item_ammo_pistol_ttt	-63.246601 -381.989014 -635.119995	0.000 0.000 0.000
item_ammo_pistol_ttt	-31.246599 -381.989014 -635.119995	0.000 0.000 0.000
item_ammo_pistol_ttt	-47.246601 -381.989014 -635.119995	0.000 0.000 0.000
item_ammo_pistol_ttt	-897.294006 -905.661987 -635.119995	0.000 0.000 0.000
item_ammo_pistol_ttt	-865.294006 -905.661987 -635.119995	0.000 0.000 0.000
item_ammo_pistol_ttt	-881.294006 -905.661987 -635.119995	0.000 0.000 0.000
item_ammo_pistol_ttt	671.331970 -909.619019 444.880005	0.000 0.000 0.000
item_ammo_pistol_ttt	703.331970 -909.619019 444.880005	0.000 0.000 0.000
item_ammo_pistol_ttt	687.331970 -909.619019 444.880005	0.000 0.000 0.000
item_ammo_pistol_ttt	1349.500000 -907.697021 -635.119995	0.000 0.000 0.000
item_ammo_pistol_ttt	1381.500000 -907.697021 -635.119995	0.000 0.000 0.000
item_ammo_pistol_ttt	1365.500000 -907.697021 -635.119995	0.000 0.000 0.000
item_ammo_pistol_ttt	1451.780029 362.093994 -635.119995	0.000 0.000 0.000
item_ammo_pistol_ttt	1483.780029 362.093994 -635.119995	0.000 0.000 0.000
item_ammo_pistol_ttt	1467.780029 362.093994 -635.119995	0.000 0.000 0.000
item_ammo_pistol_ttt	663.536011 903.729980 -195.119995	0.000 0.000 0.000
item_ammo_pistol_ttt	695.536011 903.729980 -195.119995	0.000 0.000 0.000
item_ammo_pistol_ttt	679.536011 903.729980 -195.119995	0.000 0.000 0.000
item_ammo_pistol_ttt	-949.932007 610.505981 -235.119995	0.000 0.000 0.000
item_ammo_pistol_ttt	-917.932007 610.505981 -235.119995	0.000 0.000 0.000
item_ammo_pistol_ttt	-933.932007 610.505981 -235.119995	0.000 0.000 0.000
item_ammo_pistol_ttt	-351.673004 -608.598999 -155.119995	0.000 0.000 0.000
item_ammo_pistol_ttt	-319.673004 -608.598999 -155.119995	0.000 0.000 0.000
item_ammo_pistol_ttt	-335.673004 -608.598999 -155.119995	0.000 0.000 0.000
item_ammo_pistol_ttt	-367.778992 -616.820007 4.880000	0.000 0.000 0.000
item_ammo_pistol_ttt	-335.778992 -616.820007 4.880000	0.000 0.000 0.000
item_ammo_pistol_ttt	-351.778992 -616.820007 4.880000	0.000 0.000 0.000
item_ammo_pistol_ttt	175.927994 749.927979 -595.119995	0.000 0.000 0.000
item_ammo_pistol_ttt	207.927994 749.927979 -595.119995	0.000 0.000 0.000
item_ammo_pistol_ttt	191.927994 749.927979 -595.119995	0.000 0.000 0.000
item_ammo_pistol_ttt	549.942993 740.419006 -595.119995	0.000 0.000 0.000
item_ammo_pistol_ttt	581.942993 740.419006 -595.119995	0.000 0.000 0.000
item_ammo_pistol_ttt	565.942993 740.419006 -595.119995	0.000 0.000 0.000
item_ammo_pistol_ttt	1425.439941 519.486023 -475.119995	0.000 0.000 0.000
item_ammo_pistol_ttt	1457.439941 519.486023 -475.119995	0.000 0.000 0.000
item_ammo_pistol_ttt	1441.439941 519.486023 -475.119995	0.000 0.000 0.000
item_ammo_pistol_ttt	1147.579956 844.434021 -475.119995	0.000 0.000 0.000
item_ammo_pistol_ttt	1179.579956 844.434021 -475.119995	0.000 0.000 0.000
item_ammo_pistol_ttt	1163.579956 844.434021 -475.119995	0.000 0.000 0.000
item_ammo_pistol_ttt	-952.976990 -86.744797 404.880005	0.000 0.000 0.000
item_ammo_pistol_ttt	-920.976990 -86.744797 404.880005	0.000 0.000 0.000
item_ammo_pistol_ttt	-936.976990 -86.744797 404.880005	0.000 0.000 0.000
item_ammo_pistol_ttt	-818.025024 -310.579010 -475.119995	0.000 0.000 0.000
item_ammo_pistol_ttt	-786.025024 -310.579010 -475.119995	0.000 0.000 0.000
item_ammo_pistol_ttt	-802.025024 -310.579010 -475.119995	0.000 0.000 0.000
item_ammo_pistol_ttt	883.557983 -629.163025 -639.719971	0.000 0.000 0.000
item_ammo_pistol_ttt	899.557983 -629.163025 -639.719971	0.000 0.000 0.000
item_ammo_pistol_ttt	891.557983 -629.163025 -639.719971	0.000 0.000 0.000
item_ammo_pistol_ttt	1413.040039 -654.796021 -639.719971	0.000 0.000 0.000
item_ammo_pistol_ttt	1429.040039 -654.796021 -639.719971	0.000 0.000 0.000
item_ammo_pistol_ttt	1421.040039 -654.796021 -639.719971	0.000 0.000 0.000
item_ammo_pistol_ttt	23.454500 -487.907990 -639.719971	0.000 0.000 0.000
item_ammo_pistol_ttt	39.454498 -487.907990 -639.719971	0.000 0.000 0.000
item_ammo_pistol_ttt	31.454500 -487.907990 -639.719971	0.000 0.000 0.000
item_ammo_pistol_ttt	-757.603027 -655.145996 -639.719971	0.000 0.000 0.000
item_ammo_pistol_ttt	-741.603027 -655.145996 -639.719971	0.000 0.000 0.000
item_ammo_pistol_ttt	-749.603027 -655.145996 -639.719971	0.000 0.000 0.000
item_ammo_pistol_ttt	-835.921997 -936.684021 -639.719971	0.000 0.000 0.000
item_ammo_pistol_ttt	-819.921997 -936.684021 -639.719971	0.000 0.000 0.000
item_ammo_pistol_ttt	-827.921997 -936.684021 -639.719971	0.000 0.000 0.000
item_ammo_pistol_ttt	1838.380005 -1046.150024 -639.719971	0.000 0.000 0.000
item_ammo_pistol_ttt	1854.380005 -1046.150024 -639.719971	0.000 0.000 0.000
item_ammo_pistol_ttt	1846.380005 -1046.150024 -639.719971	0.000 0.000 0.000
item_ammo_pistol_ttt	700.607971 -1010.969971 440.279999	0.000 0.000 0.000
item_ammo_pistol_ttt	716.607971 -1010.969971 440.279999	0.000 0.000 0.000
item_ammo_pistol_ttt	708.607971 -1010.969971 440.279999	0.000 0.000 0.000
item_ammo_pistol_ttt	1140.650024 858.411987 200.279999	0.000 0.000 0.000
item_ammo_pistol_ttt	1156.650024 858.411987 200.279999	0.000 0.000 0.000
item_ammo_pistol_ttt	1148.650024 858.411987 200.279999	0.000 0.000 0.000
item_ammo_pistol_ttt	1268.040039 910.283997 400.279999	0.000 0.000 0.000
item_ammo_pistol_ttt	1284.040039 910.283997 400.279999	0.000 0.000 0.000
item_ammo_pistol_ttt	1276.040039 910.283997 400.279999	0.000 0.000 0.000
item_ammo_pistol_ttt	832.078003 820.387024 440.279999	0.000 0.000 0.000
item_ammo_pistol_ttt	848.078003 820.387024 440.279999	0.000 0.000 0.000
item_ammo_pistol_ttt	840.078003 820.387024 440.279999	0.000 0.000 0.000
item_ammo_pistol_ttt	-846.205017 1000.049988 400.279999	0.000 0.000 0.000
item_ammo_pistol_ttt	-830.205017 1000.049988 400.279999	0.000 0.000 0.000
item_ammo_pistol_ttt	-838.205017 1000.049988 400.279999	0.000 0.000 0.000
item_ammo_pistol_ttt	-114.079002 919.328979 400.279999	0.000 0.000 0.000
item_ammo_pistol_ttt	-98.079002 919.328979 400.279999	0.000 0.000 0.000
item_ammo_pistol_ttt	-106.079002 919.328979 400.279999	0.000 0.000 0.000
item_ammo_pistol_ttt	-552.723022 -580.702026 -319.720001	0.000 0.000 0.000
item_ammo_pistol_ttt	-536.723022 -580.702026 -319.720001	0.000 0.000 0.000
item_ammo_pistol_ttt	-544.723022 -580.702026 -319.720001	0.000 0.000 0.000
item_ammo_pistol_ttt	-281.897003 -602.390991 -159.720001	0.000 0.000 0.000
item_ammo_pistol_ttt	-265.897003 -602.390991 -159.720001	0.000 0.000 0.000
item_ammo_pistol_ttt	-273.897003 -602.390991 -159.720001	0.000 0.000 0.000
item_ammo_pistol_ttt	-447.750000 -616.726013 0.280090	0.000 0.000 0.000
item_ammo_pistol_ttt	-431.750000 -616.726013 0.280090	0.000 0.000 0.000
item_ammo_pistol_ttt	-439.750000 -616.726013 0.280090	0.000 0.000 0.000
item_ammo_pistol_ttt	-932.317993 571.210999 -439.720001	0.000 0.000 0.000
item_ammo_pistol_ttt	-916.317993 571.210999 -439.720001	0.000 0.000 0.000
item_ammo_pistol_ttt	-924.317993 571.210999 -439.720001	0.000 0.000 0.000
item_ammo_pistol_ttt	-964.033997 771.848999 -239.720001	0.000 0.000 0.000
item_ammo_pistol_ttt	-948.033997 771.848999 -239.720001	0.000 0.000 0.000
item_ammo_pistol_ttt	-956.033997 771.848999 -239.720001	0.000 0.000 0.000
item_ammo_pistol_ttt	938.806030 721.598999 -639.719971	0.000 0.000 0.000
item_ammo_pistol_ttt	954.806030 721.598999 -639.719971	0.000 0.000 0.000
item_ammo_pistol_ttt	946.806030 721.598999 -639.719971	0.000 0.000 0.000
item_ammo_pistol_ttt	308.592010 -661.200012 -639.719971	0.000 0.000 0.000
item_ammo_pistol_ttt	324.592010 -661.200012 -639.719971	0.000 0.000 0.000
item_ammo_pistol_ttt	316.592010 -661.200012 -639.719971	0.000 0.000 0.000
item_ammo_pistol_ttt	523.442017 -723.461975 -639.719971	0.000 0.000 0.000
item_ammo_pistol_ttt	539.442017 -723.461975 -639.719971	0.000 0.000 0.000
item_ammo_pistol_ttt	531.442017 -723.461975 -639.719971	0.000 0.000 0.000
item_ammo_pistol_ttt	-14.708300 -699.547974 -639.719971	0.000 0.000 0.000
item_ammo_pistol_ttt	1.291690 -699.547974 -639.719971	0.000 0.000 0.000
item_ammo_pistol_ttt	-6.708310 -699.547974 -639.719971	0.000 0.000 0.000
item_ammo_pistol_ttt	-296.854004 -272.377991 -639.719971	0.000 0.000 0.000
item_ammo_pistol_ttt	-280.854004 -272.377991 -639.719971	0.000 0.000 0.000
item_ammo_pistol_ttt	-288.854004 -272.377991 -639.719971	0.000 0.000 0.000
item_ammo_pistol_ttt	-527.684998 -902.867981 -639.719971	0.000 0.000 0.000
item_ammo_pistol_ttt	-511.684998 -902.867981 -639.719971	0.000 0.000 0.000
item_ammo_pistol_ttt	-519.684998 -902.867981 -639.719971	0.000 0.000 0.000
item_ammo_pistol_ttt	1014.359985 -1054.910034 -639.719971	0.000 0.000 0.000
item_ammo_pistol_ttt	1030.359985 -1054.910034 -639.719971	0.000 0.000 0.000
item_ammo_pistol_ttt	1022.359985 -1054.910034 -639.719971	0.000 0.000 0.000
item_ammo_pistol_ttt	1606.099976 -667.744019 -639.719971	0.000 0.000 0.000
item_ammo_pistol_ttt	1622.099976 -667.744019 -639.719971	0.000 0.000 0.000
item_ammo_pistol_ttt	1614.099976 -667.744019 -639.719971	0.000 0.000 0.000
item_ammo_pistol_ttt	1054.760010 -731.466980 -639.719971	0.000 0.000 0.000
item_ammo_pistol_ttt	1070.760010 -731.466980 -639.719971	0.000 0.000 0.000
item_ammo_pistol_ttt	1062.760010 -731.466980 -639.719971	0.000 0.000 0.000
item_ammo_pistol_ttt	1583.550049 613.310974 -639.719971	0.000 0.000 0.000
item_ammo_pistol_ttt	1599.550049 613.310974 -639.719971	0.000 0.000 0.000
item_ammo_pistol_ttt	1591.550049 613.310974 -639.719971	0.000 0.000 0.000
item_ammo_pistol_ttt	1254.260010 664.958008 -639.719971	0.000 0.000 0.000
item_ammo_pistol_ttt	1270.260010 664.958008 -639.719971	0.000 0.000 0.000
item_ammo_pistol_ttt	1262.260010 664.958008 -639.719971	0.000 0.000 0.000
item_ammo_pistol_ttt	1410.319946 836.969971 -479.720001	0.000 0.000 0.000
item_ammo_pistol_ttt	1426.319946 836.969971 -479.720001	0.000 0.000 0.000
item_ammo_pistol_ttt	1418.319946 836.969971 -479.720001	0.000 0.000 0.000
item_ammo_pistol_ttt	1525.969971 621.565979 -479.720001	0.000 0.000 0.000
item_ammo_pistol_ttt	1541.969971 621.565979 -479.720001	0.000 0.000 0.000
item_ammo_pistol_ttt	1533.969971 621.565979 -479.720001	0.000 0.000 0.000
item_ammo_pistol_ttt	1360.699951 941.106018 -199.720001	0.000 0.000 0.000
item_ammo_pistol_ttt	1376.699951 941.106018 -199.720001	0.000 0.000 0.000
item_ammo_pistol_ttt	1368.699951 941.106018 -199.720001	0.000 0.000 0.000
item_ammo_pistol_ttt	860.872009 1001.880005 -199.720001	0.000 0.000 0.000
item_ammo_pistol_ttt	876.872009 1001.880005 -199.720001	0.000 0.000 0.000
item_ammo_pistol_ttt	868.872009 1001.880005 -199.720001	0.000 0.000 0.000
item_ammo_pistol_ttt	-638.739014 948.986023 400.279999	0.000 0.000 0.000
item_ammo_pistol_ttt	-622.739014 948.986023 400.279999	0.000 0.000 0.000
item_ammo_pistol_ttt	-630.739014 948.986023 400.279999	0.000 0.000 0.000
item_ammo_pistol_ttt	1415.079956 543.554993 400.279999	0.000 0.000 0.000
item_ammo_pistol_ttt	1431.079956 543.554993 400.279999	0.000 0.000 0.000
item_ammo_pistol_ttt	1423.079956 543.554993 400.279999	0.000 0.000 0.000
item_ammo_pistol_ttt	643.674988 -942.771973 440.279999	0.000 0.000 0.000
item_ammo_pistol_ttt	659.674988 -942.771973 440.279999	0.000 0.000 0.000
item_ammo_pistol_ttt	651.674988 -942.771973 440.279999	0.000 0.000 0.000
item_ammo_pistol_ttt	1577.319946 -1053.239990 400.279999	0.000 0.000 0.000
item_ammo_pistol_ttt	1593.319946 -1053.239990 400.279999	0.000 0.000 0.000
item_ammo_pistol_ttt	1585.319946 -1053.239990 400.279999	0.000 0.000 0.000
weapon_ttt_m16	191.738998 688.622009 -635.119995	0.000 0.000 0.000
weapon_ttt_m16	894.731995 687.797974 -635.119995	0.000 0.000 0.000
weapon_ttt_m16	888.625977 -720.581970 -635.119995	0.000 0.000 0.000
weapon_ttt_m16	349.976013 -738.827026 -635.119995	0.000 0.000 0.000
weapon_ttt_m16	995.710999 -677.197021 -635.119995	0.000 0.000 0.000
weapon_ttt_m16	1619.219971 -736.294983 -635.119995	0.000 0.000 0.000
weapon_ttt_m16	1273.979980 770.497009 -635.119995	0.000 0.000 0.000
weapon_ttt_m16	1560.319946 955.544006 -195.119995	0.000 0.000 0.000
weapon_ttt_m16	1159.109985 954.135010 204.880005	0.000 0.000 0.000
weapon_ttt_m16	635.817017 616.224976 444.880005	0.000 0.000 0.000
weapon_ttt_m16	-955.010986 817.197021 404.880005	0.000 0.000 0.000
weapon_ttt_m16	-929.398987 42.832600 -235.119995	0.000 0.000 0.000
weapon_ttt_m16	-436.656006 -285.516998 -635.119995	0.000 0.000 0.000
weapon_ttt_m16	-99.679398 -734.197021 -635.119995	0.000 0.000 0.000
weapon_ttt_m16	-43.246601 -397.989014 -635.119995	0.000 0.000 0.000
weapon_ttt_m16	-877.294006 -921.661987 -635.119995	0.000 0.000 0.000
weapon_ttt_m16	691.331970 -925.619019 444.880005	0.000 0.000 0.000
weapon_ttt_m16	1369.500000 -923.697021 -635.119995	0.000 0.000 0.000
weapon_ttt_m16	1471.780029 346.093994 -635.119995	0.000 0.000 0.000
weapon_ttt_m16	683.536011 887.729980 -195.119995	0.000 0.000 0.000
weapon_ttt_m16	-929.932007 594.505981 -235.119995	0.000 0.000 0.000
weapon_ttt_m16	-331.673004 -624.598999 -155.119995	0.000 0.000 0.000
weapon_ttt_m16	-347.778992 -632.820007 4.879940	0.000 0.000 0.000
weapon_ttt_m16	195.927994 733.927979 -595.119995	0.000 0.000 0.000
weapon_ttt_m16	569.942993 724.419006 -595.119995	0.000 0.000 0.000
weapon_ttt_m16	1445.439941 503.485992 -475.119995	0.000 0.000 0.000
weapon_ttt_m16	1167.579956 828.434021 -475.119995	0.000 0.000 0.000
weapon_ttt_m16	-932.976990 -102.745003 404.880005	0.000 0.000 0.000
weapon_ttt_m16	-798.025024 -326.579010 -475.119995	0.000 0.000 0.000
weapon_zm_sledge	1010.320007 -644.638977 -156.018997	0.000 0.000 0.000
weapon_zm_sledge	1101.680054 -651.565002 -156.018997	0.000 0.000 0.000
weapon_zm_sledge	1211.250000 -656.591003 -156.018997	0.000 0.000 0.000
weapon_zm_sledge	1297.290039 -659.590027 -156.018997	0.000 0.000 0.000
weapon_zm_sledge	1290.250000 -717.036011 -156.018997	0.000 0.000 0.000
weapon_zm_sledge	1176.329956 -710.504028 -156.018997	0.000 0.000 0.000
weapon_zm_sledge	1050.949951 -711.137024 -156.018997	0.000 0.000 0.000
weapon_zm_sledge	995.179016 -758.442993 -156.018997	0.000 0.000 0.000
weapon_zm_sledge	1111.189941 -760.731995 -156.018997	0.000 0.000 0.000
weapon_zm_sledge	1246.050049 -769.038025 -156.018997	0.000 0.000 0.000
weapon_zm_sledge	1325.229980 -778.237000 -156.018997	0.000 0.000 0.000
weapon_zm_sledge	1470.219971 -731.018982 -636.018982	0.000 0.000 0.000
weapon_zm_sledge	1596.729980 -621.299011 -636.018982	0.000 0.000 0.000
weapon_zm_sledge	1004.700012 -715.950012 -636.018982	0.000 0.000 0.000
weapon_zm_sledge	474.406006 -717.760010 -636.018982	0.000 0.000 0.000
weapon_zm_sledge	163.391006 -490.541992 -636.018982	0.000 0.000 0.000
weapon_zm_sledge	-740.088989 -264.858002 -636.018982	0.000 0.000 0.000
weapon_zm_sledge	-858.880981 -949.369995 -636.018982	0.000 0.000 0.000
weapon_zm_sledge	739.708008 -980.851013 443.980988	0.000 0.000 0.000
weapon_zm_sledge	656.900024 -1027.010010 443.980988	0.000 0.000 0.000
weapon_zm_sledge	1196.469971 -647.668030 443.980988	0.000 0.000 0.000
weapon_zm_sledge	1303.469971 -720.606018 3.981140	0.000 0.000 0.000
weapon_zm_sledge	1011.210022 -716.921021 3.981140	0.000 0.000 0.000
weapon_zm_sledge	759.059021 992.866028 -196.018997	0.000 0.000 0.000
weapon_zm_sledge	183.089005 863.471008 -196.018997	0.000 0.000 0.000
weapon_zm_sledge	746.028992 690.898987 443.980988	0.000 0.000 0.000
weapon_zm_sledge	204.903000 844.767029 403.980988	0.000 0.000 0.000
weapon_zm_sledge	-905.231995 974.838013 403.980988	0.000 0.000 0.000
weapon_zm_sledge	-1049.800049 31.483601 403.980988	0.000 0.000 0.000
weapon_zm_sledge	-161.488998 -608.755005 -156.018997	0.000 0.000 0.000
weapon_zm_sledge	-747.885010 140.912003 -436.019012	0.000 0.000 0.000
weapon_zm_sledge	-665.697998 226.505997 -436.019012	0.000 0.000 0.000
weapon_zm_sledge	-845.370972 774.245972 -436.019012	0.000 0.000 0.000
weapon_zm_sledge	-603.103027 819.778992 -356.019012	0.000 0.000 0.000
weapon_zm_sledge	-875.854004 -659.989014 -636.018982	0.000 0.000 0.000
weapon_zm_molotov	1512.709961 -674.036011 -639.057983	0.000 0.000 0.000
weapon_zm_molotov	888.171021 -678.250000 -639.057983	0.000 0.000 0.000
weapon_zm_molotov	310.673004 -692.744995 -639.057983	0.000 0.000 0.000
weapon_zm_molotov	1178.520020 -782.372986 -599.057983	0.000 0.000 0.000
weapon_zm_molotov	1341.270020 -779.075989 -599.057983	0.000 0.000 0.000
weapon_zm_molotov	111.237999 -885.905029 -639.057983	0.000 0.000 0.000
weapon_zm_molotov	111.098999 -1068.349976 -639.057983	0.000 0.000 0.000
weapon_zm_molotov	-834.041016 -978.283020 -639.057983	0.000 0.000 0.000
weapon_zm_molotov	-890.129028 -640.481018 -639.057983	0.000 0.000 0.000
weapon_zm_molotov	-700.437012 -741.421997 -639.057983	0.000 0.000 0.000
weapon_zm_molotov	-977.799011 458.908997 -639.057983	0.000 0.000 0.000
weapon_zm_molotov	-840.062988 625.218994 -639.057983	0.000 0.000 0.000
weapon_zm_molotov	-836.539001 332.446014 -639.057983	0.000 0.000 0.000
weapon_zm_molotov	-624.338013 897.091003 -639.057983	0.000 0.000 0.000
weapon_zm_molotov	-616.489014 59.417198 -639.057983	0.000 0.000 0.000
weapon_zm_molotov	138.744003 711.203979 -639.057983	0.000 0.000 0.000
weapon_zm_molotov	438.302002 704.078003 -639.057983	0.000 0.000 0.000
weapon_zm_molotov	758.705017 701.104004 -639.057983	0.000 0.000 0.000
weapon_zm_molotov	1605.589966 396.691010 -639.057983	0.000 0.000 0.000
weapon_zm_molotov	1250.449951 738.908020 -639.057983	0.000 0.000 0.000
weapon_zm_molotov	1287.979980 778.955994 -319.058014	0.000 0.000 0.000
weapon_zm_molotov	1477.420044 668.192017 -319.058014	0.000 0.000 0.000
weapon_zm_molotov	1167.390015 953.447021 200.942001	0.000 0.000 0.000
weapon_zm_molotov	1164.130005 948.270020 400.941986	0.000 0.000 0.000
weapon_zm_molotov	704.257019 903.090027 440.941986	0.000 0.000 0.000
weapon_zm_molotov	615.575012 834.208984 440.941986	0.000 0.000 0.000
weapon_zm_molotov	459.833008 863.202026 440.941986	0.000 0.000 0.000
weapon_zm_molotov	-581.289001 891.294983 520.942017	0.000 0.000 0.000
weapon_zm_molotov	-580.557007 861.502014 520.942017	0.000 0.000 0.000
weapon_zm_molotov	-960.455017 890.343994 400.941986	0.000 0.000 0.000
weapon_zm_molotov	-946.533020 -37.768398 -239.057999	0.000 0.000 0.000
weapon_zm_molotov	-833.776001 65.831497 -239.057999	0.000 0.000 0.000
weapon_zm_molotov	-969.017029 860.744019 -239.057999	0.000 0.000 0.000
weapon_zm_molotov	-539.562012 929.695984 -359.058014	0.000 0.000 0.000
weapon_zm_rifle	77.650803 -271.199005 -634.517029	0.000 0.000 0.000
weapon_zm_rifle	-446.608002 -745.922974 -634.517029	0.000 0.000 0.000
weapon_zm_rifle	-883.442017 -990.028015 -634.517029	0.000 0.000 0.000
weapon_zm_rifle	-904.138000 833.388000 -634.517029	0.000 0.000 0.000
weapon_zm_rifle	-901.848022 746.965027 -634.517029	0.000 0.000 0.000
weapon_zm_rifle	329.285004 841.476990 -594.517029	0.000 0.000 0.000
weapon_zm_rifle	1155.609985 774.041016 -474.516998	0.000 0.000 0.000
weapon_zm_rifle	1575.329956 494.545013 -474.516998	0.000 0.000 0.000
weapon_zm_rifle	1151.810059 969.578979 -194.516998	0.000 0.000 0.000
weapon_zm_rifle	994.124023 996.802002 -194.516998	0.000 0.000 0.000
weapon_zm_rifle	702.245972 846.263000 445.483002	0.000 0.000 0.000
weapon_zm_rifle	381.574005 885.999023 405.483002	0.000 0.000 0.000
weapon_zm_rifle	-887.526978 1015.400024 405.483002	0.000 0.000 0.000
weapon_zm_rifle	-951.103027 30.441999 405.483002	0.000 0.000 0.000
weapon_zm_rifle	-932.557007 488.494995 -234.516998	0.000 0.000 0.000
weapon_zm_rifle	-806.278015 236.621002 -434.516998	0.000 0.000 0.000
weapon_zm_rifle	-845.877991 717.315002 -394.516998	0.000 0.000 0.000
weapon_zm_rifle	1.215150 -120.579002 -634.517029	0.000 0.000 0.000
weapon_zm_rifle	990.494019 747.104004 -634.517029	0.000 0.000 0.000
weapon_zm_rifle	769.640991 -695.982971 -634.517029	0.000 0.000 0.000
weapon_zm_rifle	1171.369995 -729.018982 -634.517029	0.000 0.000 0.000
weapon_zm_rifle	156.044006 -708.905029 -634.517029	0.000 0.000 0.000
weapon_zm_rifle	-802.315002 -532.544983 -474.516998	0.000 0.000 0.000
weapon_zm_rifle	95.502098 -1065.109985 -634.517029	0.000 0.000 0.000
weapon_zm_rifle	686.023010 -989.166992 445.483002	0.000 0.000 0.000
weapon_zm_rifle	1304.939941 -773.133972 445.483002	0.000 0.000 0.000
weapon_zm_rifle	1612.040039 -769.773987 485.483002	0.000 0.000 0.000
weapon_zm_rifle	1602.439941 951.094971 165.483002	0.000 0.000 0.000
weapon_zm_rifle	1160.050049 974.176025 405.483002	0.000 0.000 0.000
weapon_zm_rifle	1283.599976 809.521973 405.483002	0.000 0.000 0.000
weapon_zm_rifle	1070.140015 -736.278015 5.483220	0.000 0.000 0.000
weapon_zm_rifle	897.697021 582.291016 445.483002	0.000 0.000 0.000
weapon_ttt_glock	312.592010 -673.200012 -639.719971	0.000 0.000 0.000
weapon_ttt_glock	527.442017 -735.461975 -639.719971	0.000 0.000 0.000
weapon_ttt_glock	-10.708300 -711.547974 -639.719971	0.000 0.000 0.000
weapon_ttt_glock	-292.854004 -284.377991 -639.719971	0.000 0.000 0.000
weapon_ttt_glock	-523.684998 -914.867981 -639.719971	0.000 0.000 0.000
weapon_ttt_glock	1018.359985 -1066.910034 -639.719971	0.000 0.000 0.000
weapon_ttt_glock	1610.099976 -679.744019 -639.719971	0.000 0.000 0.000
weapon_ttt_glock	1058.760010 -743.466980 -639.719971	0.000 0.000 0.000
weapon_ttt_glock	1587.550049 601.310974 -639.719971	0.000 0.000 0.000
weapon_ttt_glock	1258.260010 652.958008 -639.719971	0.000 0.000 0.000
weapon_ttt_glock	1414.319946 824.969971 -479.720001	0.000 0.000 0.000
weapon_ttt_glock	1529.969971 609.565979 -479.720001	0.000 0.000 0.000
weapon_ttt_glock	1364.699951 929.106018 -199.720001	0.000 0.000 0.000
weapon_ttt_glock	864.872009 989.880005 -199.720001	0.000 0.000 0.000
weapon_ttt_glock	-634.739014 936.986023 400.279999	0.000 0.000 0.000
weapon_ttt_glock	1419.079956 531.554993 400.279999	0.000 0.000 0.000
weapon_ttt_glock	647.674988 -954.771973 440.279999	0.000 0.000 0.000
weapon_ttt_glock	1581.319946 -1065.239990 400.279999	0.000 0.000 0.000
weapon_zm_mac10	-785.656982 935.088013 -636.458008	0.000 0.000 0.000
weapon_zm_mac10	-974.395996 596.460999 -636.458008	0.000 0.000 0.000
weapon_zm_mac10	-633.921997 201.983002 -636.458008	0.000 0.000 0.000
weapon_zm_mac10	-323.751007 -732.408020 -636.458008	0.000 0.000 0.000
weapon_zm_mac10	-814.741028 -1025.119995 -636.458008	0.000 0.000 0.000
weapon_zm_mac10	102.664001 -918.322998 -636.458008	0.000 0.000 0.000
weapon_zm_mac10	758.504028 -1030.900024 443.541992	0.000 0.000 0.000
weapon_zm_mac10	751.581970 -935.534973 443.541992	0.000 0.000 0.000
weapon_zm_mac10	1430.969971 516.986023 203.542007	0.000 0.000 0.000
weapon_zm_mac10	1344.160034 610.815002 403.541992	0.000 0.000 0.000
weapon_zm_mac10	836.343994 744.956970 443.541992	0.000 0.000 0.000
weapon_zm_mac10	97.686600 917.202026 403.541992	0.000 0.000 0.000
weapon_zm_mac10	-961.937988 156.192993 403.541992	0.000 0.000 0.000
weapon_zm_mac10	-1234.609985 111.460999 -236.457993	0.000 0.000 0.000
weapon_zm_mac10	-943.716980 951.645020 -236.457993	0.000 0.000 0.000
weapon_zm_mac10	-608.630981 869.072021 -356.458008	0.000 0.000 0.000
weapon_zm_mac10	-918.491028 9.608320 -436.458008	0.000 0.000 0.000
weapon_zm_mac10	-805.697998 -433.950989 -476.458008	0.000 0.000 0.000
weapon_zm_mac10	753.744995 832.526978 -596.458008	0.000 0.000 0.000
weapon_zm_mac10	1246.319946 683.716980 -476.458008	0.000 0.000 0.000
weapon_zm_mac10	1588.050049 694.892029 -196.457993	0.000 0.000 0.000
weapon_zm_mac10	-96.737297 -792.471985 -316.458008	0.000 0.000 0.000
weapon_zm_mac10	1010.559998 706.979980 -636.458008	0.000 0.000 0.000
weapon_zm_mac10	-729.346985 933.749023 404.471008	0.000 0.000 0.000
weapon_zm_mac10	-530.078979 -639.146973 4.471190	0.000 0.000 0.000
weapon_zm_pistol	887.557983 -641.163025 -639.719971	0.000 0.000 0.000
weapon_zm_pistol	1417.040039 -666.796021 -639.719971	0.000 0.000 0.000
weapon_zm_pistol	27.454500 -499.907990 -639.719971	0.000 0.000 0.000
weapon_zm_pistol	-753.603027 -667.145996 -639.719971	0.000 0.000 0.000
weapon_zm_pistol	-831.921997 -948.684021 -639.719971	0.000 0.000 0.000
weapon_zm_pistol	1842.380005 -1058.150024 -639.719971	0.000 0.000 0.000
weapon_zm_pistol	704.607971 -1022.969971 440.279999	0.000 0.000 0.000
weapon_zm_pistol	1144.650024 846.411987 200.279999	0.000 0.000 0.000
weapon_zm_pistol	1272.040039 898.283997 400.279999	0.000 0.000 0.000
weapon_zm_pistol	836.078003 808.387024 440.279999	0.000 0.000 0.000
weapon_zm_pistol	-842.205017 988.047974 400.279999	0.000 0.000 0.000
weapon_zm_pistol	-110.079002 907.328979 400.279999	0.000 0.000 0.000
weapon_zm_pistol	-548.723022 -592.702026 -319.720001	0.000 0.000 0.000
weapon_zm_pistol	-277.897003 -614.390991 -159.720001	0.000 0.000 0.000
weapon_zm_pistol	-443.750000 -628.726013 0.280029	0.000 0.000 0.000
weapon_zm_pistol	-928.317993 559.210999 -439.720001	0.000 0.000 0.000
weapon_zm_pistol	-960.033997 759.848999 -239.720001	0.000 0.000 0.000
weapon_zm_pistol	942.806030 709.598999 -639.719971	0.000 0.000 0.000
weapon_ttt_confgrenade	-1255.099976 -23.050200 -239.057999	0.000 0.000 0.000
weapon_ttt_confgrenade	700.164001 713.492004 440.851990	0.000 0.000 0.000
weapon_ttt_confgrenade	716.846008 647.721985 440.851990	0.000 0.000 0.000
weapon_ttt_confgrenade	1119.469971 -748.304016 440.851990	0.000 0.000 0.000
weapon_ttt_confgrenade	1004.039978 -747.265015 440.851990	0.000 0.000 0.000
weapon_ttt_confgrenade	1068.689941 -682.346008 440.851990	0.000 0.000 0.000
weapon_ttt_confgrenade	719.801025 -952.020020 440.851990	0.000 0.000 0.000
weapon_ttt_confgrenade	653.276001 -1029.280029 440.851990	0.000 0.000 0.000
weapon_ttt_confgrenade	-877.581970 -1008.820007 -639.148010	0.000 0.000 0.000
weapon_ttt_confgrenade	-882.869995 -952.518005 -639.148010	0.000 0.000 0.000
weapon_ttt_confgrenade	-178.436996 -725.668030 -639.148010	0.000 0.000 0.000
weapon_ttt_confgrenade	43.312599 -260.203003 -604.968994	0.000 0.000 0.000
weapon_ttt_confgrenade	-790.630981 -485.997986 -479.148010	0.000 0.000 0.000
weapon_ttt_confgrenade	285.911011 786.314026 -599.148010	0.000 0.000 0.000
weapon_ttt_confgrenade	660.861023 841.617981 -599.148010	0.000 0.000 0.000
weapon_ttt_confgrenade	608.072021 839.197998 -599.148010	0.000 0.000 0.000
weapon_ttt_confgrenade	1503.699951 845.706970 -479.148010	0.000 0.000 0.000
weapon_ttt_confgrenade	1443.790039 911.302979 -199.147995	0.000 0.000 0.000
weapon_ttt_confgrenade	630.226990 959.807983 -199.147995	0.000 0.000 0.000
weapon_ttt_confgrenade	1255.930054 -666.992004 -159.147995	0.000 0.000 0.000
weapon_ttt_confgrenade	1155.790039 -657.963013 -159.147995	0.000 0.000 0.000
weapon_ttt_confgrenade	1116.390015 -704.614014 -159.147995	0.000 0.000 0.000
weapon_ttt_confgrenade	1238.729980 -719.867981 -159.147995	0.000 0.000 0.000
weapon_ttt_confgrenade	1293.260010 -771.005005 -159.147995	0.000 0.000 0.000
weapon_ttt_confgrenade	1175.680054 -765.843994 -159.147995	0.000 0.000 0.000
weapon_ttt_confgrenade	1055.390015 -775.159973 -159.147995	0.000 0.000 0.000
weapon_ttt_confgrenade	1057.209961 -652.716980 -159.147995	0.000 0.000 0.000
weapon_ttt_confgrenade	999.382996 -705.489990 -159.147995	0.000 0.000 0.000
weapon_ttt_confgrenade	1333.640015 -726.078979 -159.147995	0.000 0.000 0.000
weapon_ttt_confgrenade	745.853027 615.690002 440.851990	0.000 0.000 0.000
weapon_zm_shotgun	328.846008 690.460022 -636.539001	0.000 0.000 0.000
weapon_zm_shotgun	404.845001 693.799988 -636.539001	0.000 0.000 0.000
weapon_zm_shotgun	471.990997 695.893005 -636.539001	0.000 0.000 0.000
weapon_zm_shotgun	-843.799988 923.820007 -636.539001	0.000 0.000 0.000
weapon_zm_shotgun	-713.836975 926.221985 -636.539001	0.000 0.000 0.000
weapon_zm_shotgun	-920.219971 206.507996 -636.539001	0.000 0.000 0.000
weapon_zm_shotgun	-800.895020 -268.161011 -636.539001	0.000 0.000 0.000
weapon_zm_shotgun	-863.604980 -1057.949951 -636.539001	0.000 0.000 0.000
weapon_zm_shotgun	1090.719971 -916.922974 -636.539001	0.000 0.000 0.000
weapon_zm_shotgun	693.729980 -1057.989990 443.460999	0.000 0.000 0.000
weapon_zm_shotgun	1048.699951 -644.643005 443.460999	0.000 0.000 0.000
weapon_zm_shotgun	1256.290039 945.106995 -196.539001	0.000 0.000 0.000
weapon_zm_shotgun	1598.089966 544.017029 203.460999	0.000 0.000 0.000
weapon_zm_shotgun	1514.239990 516.760986 403.460999	0.000 0.000 0.000
weapon_zm_shotgun	849.114014 871.625000 443.460999	0.000 0.000 0.000
weapon_zm_shotgun	201.968994 876.403992 403.460999	0.000 0.000 0.000
weapon_zm_shotgun	-935.926025 382.686005 -236.539001	0.000 0.000 0.000
weapon_zm_shotgun	-533.607971 -702.739014 -316.539001	0.000 0.000 0.000
weapon_zm_shotgun	-250.992004 -709.927002 -316.539001	0.000 0.000 0.000
weapon_zm_shotgun	610.895996 -725.445007 -636.539001	0.000 0.000 0.000
weapon_zm_shotgun	1435.060059 -727.177002 -636.539001	0.000 0.000 0.000
weapon_zm_shotgun	1601.189941 360.471008 -636.539001	0.000 0.000 0.000
weapon_zm_shotgun	69.206299 -111.650002 -636.539001	0.000 0.000 0.000
weapon_zm_shotgun	1595.709961 863.268005 403.460999	0.000 0.000 0.000
weapon_zm_shotgun	1250.109985 -755.651001 3.461490	0.000 0.000 0.000
weapon_zm_shotgun	-135.942001 959.702026 402.489014	0.000 0.000 0.000
weapon_zm_revolver	619.955017 691.026001 -639.723999	0.000 0.000 0.000
weapon_zm_revolver	707.955017 691.026001 -639.723999	0.000 0.000 0.000
weapon_zm_revolver	819.955017 691.026001 -639.723999	0.000 0.000 0.000
weapon_zm_revolver	255.779007 697.515991 -639.723999	0.000 0.000 0.000
weapon_zm_revolver	-810.715027 -318.427002 -639.723999	0.000 0.000 0.000
weapon_zm_revolver	-381.393005 -740.814026 -639.723999	0.000 0.000 0.000
weapon_zm_revolver	-814.791016 -912.903992 -639.723999	0.000 0.000 0.000
weapon_zm_revolver	-911.549988 -1068.650024 -639.723999	0.000 0.000 0.000
weapon_zm_revolver	1338.219971 -733.434021 -639.723999	0.000 0.000 0.000
weapon_zm_revolver	1530.349976 -742.901001 -639.723999	0.000 0.000 0.000
weapon_zm_revolver	894.846985 734.309021 -599.723999	0.000 0.000 0.000
weapon_zm_revolver	174.095001 861.961975 -599.723999	0.000 0.000 0.000
weapon_zm_revolver	438.364014 842.677002 -580.046021	0.000 0.000 90.000
weapon_zm_revolver	1060.550049 900.380981 -599.723999	0.000 0.000 0.000
weapon_zm_revolver	1621.839966 607.182007 -479.723999	0.000 0.000 0.000
weapon_zm_revolver	106.584999 -149.651993 -639.723999	0.000 0.000 0.000
weapon_zm_revolver	-21.591999 -149.447998 -639.723999	0.000 0.000 0.000
weapon_zm_revolver	77.231499 -741.023987 -639.723999	0.000 0.000 0.000
weapon_zm_revolver	1339.000000 575.525024 200.276001	0.000 0.000 0.000
weapon_zm_revolver	1620.099976 902.302002 160.276001	0.000 0.000 0.000
weapon_zm_revolver	1144.719971 774.812012 200.276001	0.000 0.000 0.000
weapon_zm_revolver	1541.489990 975.174988 400.276001	0.000 0.000 0.000
weapon_zm_revolver	1327.520020 -635.557007 440.276001	0.000 0.000 0.000
weapon_zm_revolver	994.338013 -780.611023 160.276001	0.000 0.000 0.000
weapon_zm_revolver	1607.579956 966.893005 -479.723999	0.000 0.000 0.000
weapon_zm_revolver	-177.238007 -265.819000 -559.723999	0.000 0.000 0.000
