# Trouble in Terrorist Town weapon/ammo placement overrides
# For map: ttt_lost_temple_v2
# Exported by: dduudu
setting:	replacespawns 1
ttt_playerspawn	-531.613220 25.463570 9.591178	-0.084 -0.857 0.038
ttt_playerspawn	-449.923615 27.701241 6.124398	0.055 -3.676 0.116
ttt_playerspawn	-177.573425 159.171524 -4.481929	-0.008 -0.000 0.008
ttt_playerspawn	-180.691940 26.805042 -4.514165	0.011 0.000 0.011
ttt_playerspawn	-178.501495 -71.804207 -4.482588	-0.082 0.025 0.074
ttt_playerspawn	-177.596649 -184.866806 -4.544596	0.006 -0.087 -0.007
ttt_playerspawn	148.595444 149.179520 -4.517666	-0.012 -0.000 0.012
ttt_playerspawn	146.718414 30.648500 -4.493838	-0.009 -0.000 0.009
ttt_playerspawn	151.262939 -72.217918 -4.506355	-0.100 0.031 0.104
ttt_playerspawn	149.846786 -166.751144 -4.487021	-0.009 -0.000 0.009
ttt_playerspawn	-444.035034 238.194733 8.320940	0.114 -0.552 -0.039
ttt_playerspawn	-438.455872 154.289093 12.351960	0.006 0.320 0.222
ttt_playerspawn	-300.241150 26.743570 -0.445200	2.392 -0.009 0.053
ttt_playerspawn	-295.505249 160.795822 1.014037	1.879 0.531 0.952
ttt_playerspawn	-303.416168 -75.221291 1.192276	2.058 -2.226 -0.028
ttt_playerspawn	-306.311127 -192.351563 4.282746	0.674 -1.134 -0.414
ttt_playerspawn	-453.126312 -90.016998 14.411793	-0.115 9.934 -0.051
ttt_playerspawn	286.345886 37.901363 -1.507890	-3.972 -1.007 -0.700
ttt_playerspawn	284.640289 161.203217 -1.586056	-3.194 -0.278 1.921
ttt_playerspawn	279.228149 -67.060951 -2.112792	-4.268 1.016 0.893
ttt_playerspawn	269.803070 -178.197220 -1.475196	-3.271 -1.918 -0.832
ttt_playerspawn	-240.657852 -381.878204 17.882706	-0.205 0.489 -2.570
ttt_playerspawn	-98.416725 -361.983826 18.289003	1.781 0.301 0.302
ttt_playerspawn	-92.467720 -489.255493 10.413121	1.498 -3.245 -3.090
ttt_playerspawn	-232.116272 -510.923798 23.953131	0.935 0.520 -4.172
ttt_playerspawn	156.133057 -374.633362 26.142254	-1.493 1.336 -5.531
ttt_playerspawn	168.820313 -513.023193 36.365368	-1.682 1.211 -3.516
ttt_playerspawn	260.497620 -373.961823 21.049686	1.767 -2.288 -6.038
ttt_playerspawn	272.793365 -515.950378 41.925476	5.299 2.143 -3.884
ttt_playerspawn	-531.004761 -77.362526 7.544481	-0.100 2.389 0.102
ttt_playerspawn	272.631622 297.476990 10.778665	-0.123 1.374 -0.016
ttt_playerspawn	137.579788 283.373352 1.179729	-0.124 0.710 3.815
item_box_buckshot_ttt	320.000000 -1774.000000 -1360.709961	0.000 341.500 0.000
item_box_buckshot_ttt	300.000000 -1773.000000 -1360.709961	0.000 20.500 0.000
item_box_buckshot_ttt	296.000000 -1793.000000 -1360.709961	0.000 301.500 0.000
item_box_buckshot_ttt	314.000000 -1789.000000 -1360.709961	0.000 22.000 0.000
item_box_buckshot_ttt	323.000000 -1806.000000 -1360.709961	0.000 16.000 0.000
item_box_buckshot_ttt	299.332001 -1807.410034 -1360.709961	0.000 40.000 0.000
item_box_buckshot_ttt	-712.000000 -3092.000000 -1428.000000	0.000 37.000 0.000
item_box_buckshot_ttt	-715.578979 -3073.000000 -1423.000000	0.000 0.000 0.000
item_box_buckshot_ttt	-703.000000 -3061.000000 -1420.000000	5.736 333.059 11.125
item_box_buckshot_ttt	1203.000000 2050.570068 -1419.709961	0.000 327.500 0.000
item_box_buckshot_ttt	1196.000000 2033.569946 -1419.709961	0.000 0.000 0.000
item_box_buckshot_ttt	1218.000000 2052.570068 -1419.709961	0.000 250.000 0.000
item_box_buckshot_ttt	1256.199951 2049.570068 -1419.709961	0.000 265.000 0.000
item_box_buckshot_ttt	1272.530029 2041.119995 -1419.709961	0.000 232.500 0.000
item_box_buckshot_ttt	1273.209961 2026.000000 -1419.709961	0.000 155.000 0.000
item_box_buckshot_ttt	609.778992 1763.000000 -1363.709961	0.000 329.500 0.000
item_box_buckshot_ttt	620.692017 1770.810059 -1363.709961	0.000 13.000 0.000
item_box_buckshot_ttt	-371.835999 -2282.000000 -1358.719971	0.000 333.000 0.000
item_box_buckshot_ttt	-372.835999 -2265.000000 -1358.719971	0.000 294.500 0.000
item_box_buckshot_ttt	-352.835999 -2276.000000 -1358.719971	0.000 242.000 0.000
item_box_buckshot_ttt	320.000000 -1774.000000 -1360.709961	0.000 341.500 0.000
item_box_buckshot_ttt	300.000000 -1773.000000 -1360.709961	0.000 20.500 0.000
item_box_buckshot_ttt	296.000000 -1793.000000 -1360.709961	0.000 301.500 0.000
item_box_buckshot_ttt	314.000000 -1789.000000 -1360.709961	0.000 22.000 0.000
item_box_buckshot_ttt	323.000000 -1806.000000 -1360.709961	0.000 16.000 0.000
item_box_buckshot_ttt	299.332001 -1807.410034 -1360.709961	0.000 40.000 0.000
item_box_buckshot_ttt	-712.000000 -3092.000000 -1428.000000	0.000 37.000 0.000
item_box_buckshot_ttt	-715.578979 -3073.000000 -1423.000000	0.000 0.000 0.000
item_box_buckshot_ttt	-703.000000 -3061.000000 -1420.000000	5.736 333.059 11.125
item_box_buckshot_ttt	1203.000000 2050.570068 -1419.709961	0.000 327.500 0.000
item_box_buckshot_ttt	1196.000000 2033.569946 -1419.709961	0.000 0.000 0.000
item_box_buckshot_ttt	1218.000000 2052.570068 -1419.709961	0.000 250.000 0.000
item_box_buckshot_ttt	1256.199951 2049.570068 -1419.709961	0.000 265.000 0.000
item_box_buckshot_ttt	1272.530029 2041.119995 -1419.709961	0.000 232.500 0.000
item_box_buckshot_ttt	1273.209961 2026.000000 -1419.709961	0.000 155.000 0.000
item_box_buckshot_ttt	609.778992 1763.000000 -1363.709961	0.000 329.500 0.000
item_box_buckshot_ttt	620.692017 1770.810059 -1363.709961	0.000 13.000 0.000
item_box_buckshot_ttt	-371.835999 -2282.000000 -1358.719971	0.000 333.000 0.000
item_box_buckshot_ttt	-372.835999 -2265.000000 -1358.719971	0.000 294.500 0.000
item_box_buckshot_ttt	-352.835999 -2276.000000 -1358.719971	0.000 242.000 0.000
weapon_ttt_smokegrenade	242.813004 468.811005 -1371.270020	0.000 316.500 0.000
weapon_ttt_smokegrenade	233.679001 466.450012 -1371.270020	0.000 17.500 112.000
weapon_ttt_smokegrenade	227.669006 452.852997 -1369.270020	0.000 263.000 -79.500
weapon_ttt_smokegrenade	2536.739990 -279.931000 -1355.270020	0.000 0.000 0.000
weapon_ttt_smokegrenade	2532.800049 -295.188995 -1355.270020	0.000 0.000 0.000
weapon_ttt_smokegrenade	2530.229980 -284.473999 -1355.270020	0.000 0.000 0.000
weapon_ttt_smokegrenade	1490.739990 2264.800049 -1414.270020	0.000 0.000 0.000
weapon_ttt_smokegrenade	1469.000000 2272.070068 -1414.270020	0.000 0.000 0.000
weapon_ttt_smokegrenade	1483.239990 2270.389893 -1414.270020	0.000 0.000 0.000
weapon_ttt_smokegrenade	3019.080078 -438.812012 -1396.270020	0.000 0.000 0.000
weapon_ttt_smokegrenade	383.203003 254.298004 -1406.469971	0.000 0.000 0.000
weapon_ttt_smokegrenade	3997.100098 41.000000 -1380.000000	0.000 0.000 0.000
weapon_ttt_smokegrenade	-420.056000 -2718.979980 -1384.719971	0.000 270.000 0.000
weapon_ttt_smokegrenade	-359.000000 -2706.100098 -1380.000000	0.000 270.000 0.000
weapon_ttt_smokegrenade	242.813004 468.811005 -1371.270020	0.000 316.500 0.000
weapon_ttt_smokegrenade	233.679001 466.450012 -1371.270020	0.000 17.500 112.000
weapon_ttt_smokegrenade	227.669006 452.852997 -1369.270020	0.000 263.000 -79.500
weapon_ttt_smokegrenade	2536.739990 -279.931000 -1355.270020	0.000 0.000 0.000
weapon_ttt_smokegrenade	2532.800049 -295.188995 -1355.270020	0.000 0.000 0.000
weapon_ttt_smokegrenade	2530.229980 -284.473999 -1355.270020	0.000 0.000 0.000
weapon_ttt_smokegrenade	1490.739990 2264.800049 -1414.270020	0.000 0.000 0.000
weapon_ttt_smokegrenade	1469.000000 2272.070068 -1414.270020	0.000 0.000 0.000
weapon_ttt_smokegrenade	1483.239990 2270.389893 -1414.270020	0.000 0.000 0.000
weapon_ttt_smokegrenade	3019.080078 -438.812012 -1396.270020	0.000 0.000 0.000
weapon_ttt_smokegrenade	383.203003 254.298004 -1406.469971	0.000 0.000 0.000
weapon_ttt_smokegrenade	3997.100098 41.000000 -1380.000000	0.000 0.000 0.000
weapon_ttt_smokegrenade	-420.056000 -2718.979980 -1384.719971	0.000 270.000 0.000
weapon_ttt_smokegrenade	-359.000000 -2706.100098 -1380.000000	0.000 270.000 0.000
item_ammo_357_ttt	-959.000000 -3244.000000 -1455.000000	0.000 94.000 0.000
item_ammo_357_ttt	-953.000000 -3229.000000 -1455.000000	0.000 69.000 0.000
item_ammo_357_ttt	-943.000000 -3215.169922 -1456.719971	0.000 167.500 0.000
item_ammo_357_ttt	1340.000000 1660.300049 -1355.719971	0.000 231.500 0.000
item_ammo_357_ttt	1350.640015 1646.180054 -1355.719971	0.000 285.500 0.000
item_ammo_357_ttt	1359.890015 1634.160034 -1355.719971	0.000 256.500 0.000
item_ammo_357_ttt	572.000000 728.000000 -1370.719971	0.000 48.500 0.000
item_ammo_357_ttt	557.000000 729.000000 -1370.719971	0.000 144.000 0.000
item_ammo_357_ttt	543.000000 731.000000 -1370.719971	0.000 68.000 0.000
item_ammo_357_ttt	507.977997 700.059021 -1370.410034	0.000 132.500 0.000
item_ammo_357_ttt	515.809998 711.833984 -1370.410034	0.000 208.500 0.000
item_ammo_357_ttt	3573.000000 28.164200 -1358.719971	0.000 63.000 0.000
item_ammo_357_ttt	3556.000000 27.164200 -1358.719971	0.000 24.500 0.000
item_ammo_357_ttt	3567.000000 47.164200 -1358.719971	0.000 332.000 0.000
item_ammo_357_ttt	-1311.189941 1459.099976 -1358.719971	0.000 0.000 0.000
item_ammo_357_ttt	-1308.030029 1442.469971 -1358.719971	0.000 0.000 0.000
item_ammo_357_ttt	-1309.530029 1421.160034 -1358.719971	0.000 0.000 0.000
item_ammo_357_ttt	-959.000000 -3244.000000 -1455.000000	0.000 94.000 0.000
item_ammo_357_ttt	-953.000000 -3229.000000 -1455.000000	0.000 69.000 0.000
item_ammo_357_ttt	-943.000000 -3215.169922 -1456.719971	0.000 167.500 0.000
item_ammo_357_ttt	1340.000000 1660.300049 -1355.719971	0.000 231.500 0.000
item_ammo_357_ttt	1350.640015 1646.180054 -1355.719971	0.000 285.500 0.000
item_ammo_357_ttt	1359.890015 1634.160034 -1355.719971	0.000 256.500 0.000
item_ammo_357_ttt	572.000000 728.000000 -1370.719971	0.000 48.500 0.000
item_ammo_357_ttt	557.000000 729.000000 -1370.719971	0.000 144.000 0.000
item_ammo_357_ttt	543.000000 731.000000 -1370.719971	0.000 68.000 0.000
item_ammo_357_ttt	507.977997 700.059021 -1370.410034	0.000 132.500 0.000
item_ammo_357_ttt	515.809998 711.833984 -1370.410034	0.000 208.500 0.000
item_ammo_357_ttt	3573.000000 28.164200 -1358.719971	0.000 63.000 0.000
item_ammo_357_ttt	3556.000000 27.164200 -1358.719971	0.000 24.500 0.000
item_ammo_357_ttt	3567.000000 47.164200 -1358.719971	0.000 332.000 0.000
item_ammo_357_ttt	-1311.189941 1459.099976 -1358.719971	0.000 0.000 0.000
item_ammo_357_ttt	-1308.030029 1442.469971 -1358.719971	0.000 0.000 0.000
item_ammo_357_ttt	-1309.530029 1421.160034 -1358.719971	0.000 0.000 0.000
item_ammo_revolver_ttt	87.195602 -947.835999 -1401.410034	0.000 122.000 0.000
item_ammo_revolver_ttt	73.195602 -957.835999 -1401.410034	0.000 160.500 0.000
item_ammo_revolver_ttt	88.195602 -958.835999 -1401.410034	0.000 89.500 0.000
item_ammo_revolver_ttt	59.000000 -967.000000 -1402.000000	0.000 151.500 0.000
item_ammo_revolver_ttt	427.908997 259.834015 -1369.719971	0.000 306.000 0.000
item_ammo_revolver_ttt	433.809998 251.544998 -1369.439941	0.000 306.000 0.000
item_ammo_revolver_ttt	668.070007 -3096.909912 -1410.719971	0.000 235.500 0.000
item_ammo_revolver_ttt	677.000000 -3086.000000 -1411.000000	0.000 343.500 0.000
item_ammo_revolver_ttt	329.809998 221.834000 -1415.410034	0.000 282.000 0.000
item_ammo_revolver_ttt	349.809998 223.834000 -1416.010010	0.000 308.000 0.000
item_ammo_revolver_ttt	361.000000 236.000000 -1414.000000	0.000 327.000 0.000
item_ammo_revolver_ttt	715.195984 -1952.390015 -1353.719971	0.000 22.000 0.000
item_ammo_revolver_ttt	730.994995 -1944.030029 -1353.719971	0.000 226.500 0.000
item_ammo_revolver_ttt	729.468018 -1959.839966 -1353.719971	0.000 305.500 0.000
item_ammo_revolver_ttt	748.195984 -1948.390015 -1353.719971	0.000 353.000 0.000
item_ammo_revolver_ttt	2502.000000 -303.000000 -1359.719971	0.000 136.000 0.000
item_ammo_revolver_ttt	2499.000000 -318.000000 -1359.719971	0.000 169.500 0.000
item_ammo_revolver_ttt	2512.000000 -315.000000 -1359.719971	0.000 164.500 0.000
item_ammo_revolver_ttt	2512.199951 -238.835999 -1359.719971	0.000 197.000 0.000
item_ammo_revolver_ttt	2524.199951 -232.835999 -1359.719971	0.000 150.500 0.000
item_ammo_revolver_ttt	2536.199951 -240.835999 -1359.719971	0.000 188.500 0.000
item_ammo_revolver_ttt	960.361023 1627.599976 -1371.719971	0.000 0.000 0.000
item_ammo_revolver_ttt	960.992981 1653.829956 -1371.719971	0.000 322.000 0.000
item_ammo_revolver_ttt	1013.000000 2282.909912 -1371.719971	0.000 36.000 0.000
item_ammo_revolver_ttt	980.000000 2277.909912 -1371.719971	0.000 255.500 0.000
item_ammo_revolver_ttt	979.140015 2305.550049 -1371.719971	0.000 0.000 0.000
item_ammo_revolver_ttt	990.000000 2309.909912 -1371.719971	0.000 345.000 0.000
item_ammo_revolver_ttt	1445.300049 2293.159912 -1387.719971	0.000 24.500 0.000
item_ammo_revolver_ttt	1447.000000 2310.909912 -1387.719971	0.000 162.500 0.000
item_ammo_revolver_ttt	439.000000 738.000000 -1370.719971	0.000 0.000 0.000
item_ammo_revolver_ttt	452.209015 726.606018 -1370.719971	0.000 36.500 0.000
item_ammo_revolver_ttt	471.000000 727.000000 -1370.719971	0.000 45.500 0.000
item_ammo_revolver_ttt	-1110.000000 1448.489990 -1358.410034	0.000 97.500 0.000
item_ammo_revolver_ttt	-1102.000000 1437.489990 -1358.410034	0.000 330.000 0.000
item_ammo_revolver_ttt	-1101.310059 1420.160034 -1358.410034	0.000 55.000 0.000
item_ammo_revolver_ttt	87.195602 -947.835999 -1401.410034	0.000 122.000 0.000
item_ammo_revolver_ttt	73.195602 -957.835999 -1401.410034	0.000 160.500 0.000
item_ammo_revolver_ttt	88.195602 -958.835999 -1401.410034	0.000 89.500 0.000
item_ammo_revolver_ttt	59.000000 -967.000000 -1402.000000	0.000 151.500 0.000
item_ammo_revolver_ttt	427.908997 259.834015 -1369.719971	0.000 306.000 0.000
item_ammo_revolver_ttt	433.809998 251.544998 -1369.439941	0.000 306.000 0.000
item_ammo_revolver_ttt	668.070007 -3096.909912 -1410.719971	0.000 235.500 0.000
item_ammo_revolver_ttt	677.000000 -3086.000000 -1411.000000	0.000 343.500 0.000
item_ammo_revolver_ttt	329.809998 221.834000 -1415.410034	0.000 282.000 0.000
item_ammo_revolver_ttt	349.809998 223.834000 -1416.010010	0.000 308.000 0.000
item_ammo_revolver_ttt	361.000000 236.000000 -1414.000000	0.000 327.000 0.000
item_ammo_revolver_ttt	715.195984 -1952.390015 -1353.719971	0.000 22.000 0.000
item_ammo_revolver_ttt	730.994995 -1944.030029 -1353.719971	0.000 226.500 0.000
item_ammo_revolver_ttt	729.468018 -1959.839966 -1353.719971	0.000 305.500 0.000
item_ammo_revolver_ttt	748.195984 -1948.390015 -1353.719971	0.000 353.000 0.000
item_ammo_revolver_ttt	2502.000000 -303.000000 -1359.719971	0.000 136.000 0.000
item_ammo_revolver_ttt	2499.000000 -318.000000 -1359.719971	0.000 169.500 0.000
item_ammo_revolver_ttt	2512.000000 -315.000000 -1359.719971	0.000 164.500 0.000
item_ammo_revolver_ttt	2512.199951 -238.835999 -1359.719971	0.000 197.000 0.000
item_ammo_revolver_ttt	2524.199951 -232.835999 -1359.719971	0.000 150.500 0.000
item_ammo_revolver_ttt	2536.199951 -240.835999 -1359.719971	0.000 188.500 0.000
item_ammo_revolver_ttt	960.361023 1627.599976 -1371.719971	0.000 0.000 0.000
item_ammo_revolver_ttt	960.992981 1653.829956 -1371.719971	0.000 322.000 0.000
item_ammo_revolver_ttt	1013.000000 2282.909912 -1371.719971	0.000 36.000 0.000
item_ammo_revolver_ttt	980.000000 2277.909912 -1371.719971	0.000 255.500 0.000
item_ammo_revolver_ttt	979.140015 2305.550049 -1371.719971	0.000 0.000 0.000
item_ammo_revolver_ttt	990.000000 2309.909912 -1371.719971	0.000 345.000 0.000
item_ammo_revolver_ttt	1445.300049 2293.159912 -1387.719971	0.000 24.500 0.000
item_ammo_revolver_ttt	1447.000000 2310.909912 -1387.719971	0.000 162.500 0.000
item_ammo_revolver_ttt	439.000000 738.000000 -1370.719971	0.000 0.000 0.000
item_ammo_revolver_ttt	452.209015 726.606018 -1370.719971	0.000 36.500 0.000
item_ammo_revolver_ttt	471.000000 727.000000 -1370.719971	0.000 45.500 0.000
item_ammo_revolver_ttt	-1110.000000 1448.489990 -1358.410034	0.000 97.500 0.000
item_ammo_revolver_ttt	-1102.000000 1437.489990 -1358.410034	0.000 330.000 0.000
item_ammo_revolver_ttt	-1101.310059 1420.160034 -1358.410034	0.000 55.000 0.000
item_ammo_smg1_ttt	-968.434021 1375.290039 -1401.660034	0.000 0.000 0.000
item_ammo_smg1_ttt	-953.507996 1373.969971 -1401.660034	0.000 0.000 0.000
item_ammo_smg1_ttt	-961.018982 1399.650024 -1401.660034	0.000 0.000 0.000
item_ammo_smg1_ttt	-968.434021 1375.290039 -1401.660034	0.000 0.000 0.000
item_ammo_smg1_ttt	-953.507996 1373.969971 -1401.660034	0.000 0.000 0.000
item_ammo_smg1_ttt	-961.018982 1399.650024 -1401.660034	0.000 0.000 0.000
item_ammo_pistol_ttt	409.057007 243.326004 -1370.079956	0.000 281.000 0.000
item_ammo_pistol_ttt	407.028015 253.761993 -1369.510010	0.000 281.000 0.000
item_ammo_pistol_ttt	405.131012 263.523987 -1369.689941	0.000 281.000 0.000
item_ammo_pistol_ttt	-200.095993 -1499.619995 -1353.329956	0.000 14.000 0.000
item_ammo_pistol_ttt	-190.447006 -1497.219971 -1353.150024	0.000 14.000 0.000
item_ammo_pistol_ttt	-180.130997 -1494.650024 -1353.719971	0.000 14.000 0.000
item_ammo_pistol_ttt	345.959015 -3101.189941 -1446.609985	0.000 0.000 0.000
item_ammo_pistol_ttt	359.660004 -3094.479980 -1447.849976	0.000 0.000 0.000
item_ammo_pistol_ttt	379.868988 -3096.080078 -1450.719971	0.000 0.000 0.000
item_ammo_pistol_ttt	323.610992 -2698.060059 -1372.719971	0.000 0.000 0.000
item_ammo_pistol_ttt	335.592987 -2700.310059 -1372.719971	0.000 0.000 0.000
item_ammo_pistol_ttt	348.692993 -2699.530029 -1372.719971	0.000 0.000 0.000
item_ammo_pistol_ttt	490.783997 152.669006 -1410.000000	0.000 0.000 0.000
item_ammo_pistol_ttt	478.000000 150.337006 -1410.000000	0.000 0.000 0.000
item_ammo_pistol_ttt	466.868988 150.378998 -1410.719971	0.000 0.000 0.000
item_ammo_pistol_ttt	457.480988 154.481995 -1410.209961	0.000 0.000 0.000
item_ammo_pistol_ttt	1076.579956 1481.619995 -1419.719971	0.000 0.000 0.000
item_ammo_pistol_ttt	1087.400024 1481.380005 -1419.719971	0.000 0.000 0.000
item_ammo_pistol_ttt	1098.689941 1479.380005 -1419.719971	0.000 0.000 0.000
item_ammo_pistol_ttt	1502.000000 2234.000000 -1420.000000	0.000 335.000 0.000
item_ammo_pistol_ttt	1513.000000 2225.000000 -1420.000000	0.000 350.500 0.000
item_ammo_pistol_ttt	1490.000000 1490.380005 -1355.510010	0.000 45.000 0.000
item_ammo_pistol_ttt	1536.000000 1473.000000 -1356.000000	0.000 60.500 0.000
item_ammo_pistol_ttt	1534.000000 1495.380005 -1355.510010	0.000 335.500 0.000
item_ammo_pistol_ttt	1512.000000 1485.380005 -1355.510010	0.000 306.000 0.000
item_ammo_pistol_ttt	621.000000 1635.000000 -1363.719971	0.000 351.500 0.000
item_ammo_pistol_ttt	607.000000 1640.000000 -1363.719971	0.000 26.500 0.000
item_ammo_pistol_ttt	439.102997 708.153992 -1370.719971	0.000 0.000 0.000
item_ammo_pistol_ttt	450.727997 705.041016 -1370.719971	0.000 0.000 0.000
item_ammo_pistol_ttt	468.282013 704.255981 -1370.719971	0.000 0.000 0.000
item_ammo_pistol_ttt	476.605011 702.447021 -1370.719971	0.000 0.000 0.000
item_ammo_pistol_ttt	409.057007 243.326004 -1370.079956	0.000 281.000 0.000
item_ammo_pistol_ttt	407.028015 253.761993 -1369.510010	0.000 281.000 0.000
item_ammo_pistol_ttt	405.131012 263.523987 -1369.689941	0.000 281.000 0.000
item_ammo_pistol_ttt	-200.095993 -1499.619995 -1353.329956	0.000 14.000 0.000
item_ammo_pistol_ttt	-190.447006 -1497.219971 -1353.150024	0.000 14.000 0.000
item_ammo_pistol_ttt	-180.130997 -1494.650024 -1353.719971	0.000 14.000 0.000
item_ammo_pistol_ttt	345.959015 -3101.189941 -1446.609985	0.000 0.000 0.000
item_ammo_pistol_ttt	359.660004 -3094.479980 -1447.849976	0.000 0.000 0.000
item_ammo_pistol_ttt	379.868988 -3096.080078 -1450.719971	0.000 0.000 0.000
item_ammo_pistol_ttt	323.610992 -2698.060059 -1372.719971	0.000 0.000 0.000
item_ammo_pistol_ttt	335.592987 -2700.310059 -1372.719971	0.000 0.000 0.000
item_ammo_pistol_ttt	348.692993 -2699.530029 -1372.719971	0.000 0.000 0.000
item_ammo_pistol_ttt	490.783997 152.669006 -1410.000000	0.000 0.000 0.000
item_ammo_pistol_ttt	478.000000 150.337006 -1410.000000	0.000 0.000 0.000
item_ammo_pistol_ttt	466.868988 150.378998 -1410.719971	0.000 0.000 0.000
item_ammo_pistol_ttt	457.480988 154.481995 -1410.209961	0.000 0.000 0.000
item_ammo_pistol_ttt	1076.579956 1481.619995 -1419.719971	0.000 0.000 0.000
item_ammo_pistol_ttt	1087.400024 1481.380005 -1419.719971	0.000 0.000 0.000
item_ammo_pistol_ttt	1098.689941 1479.380005 -1419.719971	0.000 0.000 0.000
item_ammo_pistol_ttt	1502.000000 2234.000000 -1420.000000	0.000 335.000 0.000
item_ammo_pistol_ttt	1513.000000 2225.000000 -1420.000000	0.000 350.500 0.000
item_ammo_pistol_ttt	1490.000000 1490.380005 -1355.510010	0.000 45.000 0.000
item_ammo_pistol_ttt	1536.000000 1473.000000 -1356.000000	0.000 60.500 0.000
item_ammo_pistol_ttt	1534.000000 1495.380005 -1355.510010	0.000 335.500 0.000
item_ammo_pistol_ttt	1512.000000 1485.380005 -1355.510010	0.000 306.000 0.000
item_ammo_pistol_ttt	621.000000 1635.000000 -1363.719971	0.000 351.500 0.000
item_ammo_pistol_ttt	607.000000 1640.000000 -1363.719971	0.000 26.500 0.000
item_ammo_pistol_ttt	439.102997 708.153992 -1370.719971	0.000 0.000 0.000
item_ammo_pistol_ttt	450.727997 705.041016 -1370.719971	0.000 0.000 0.000
item_ammo_pistol_ttt	468.282013 704.255981 -1370.719971	0.000 0.000 0.000
item_ammo_pistol_ttt	476.605011 702.447021 -1370.719971	0.000 0.000 0.000
ttt_random_weapon	1534.398804 2174.150879 -1418.758179	1.390 160.878 -93.707
ttt_random_weapon	1534.813477 2141.689453 -1418.751831	1.332 160.988 -93.840
ttt_random_weapon	1533.166382 2103.083984 -1418.755249	1.232 160.530 -94.582
ttt_random_weapon	3781.038086 -12.783277 -1380.288452	0.222 -86.587 107.912
ttt_random_weapon	252.170227 -285.588501 -1336.792480	1.476 5.859 -93.512
ttt_random_weapon	-260.306824 -436.493927 -1352.769165	1.528 5.884 -93.392
ttt_random_weapon	-207.283859 -294.257751 -1289.766479	1.492 5.890 -93.475
ttt_random_weapon	-255.420471 -344.409241 -1289.769775	1.534 5.885 -93.379
ttt_random_weapon	1481.592896 -3128.959473 -1351.032837	-10.689 8.939 -94.136
ttt_random_weapon	357.158356 -2536.190674 -1347.808105	1.443 10.965 -93.588
ttt_random_weapon	1167.187866 -1346.537231 -1351.667725	1.416 9.244 -93.647
ttt_random_weapon	1169.223389 -1299.793579 -1344.092407	1.537 5.383 -93.371
weapon_zm_sledge	1501.000000 1468.000000 -1351.140015	0.000 0.000 0.000
weapon_zm_sledge	262.000000 415.000000 -1404.949951	0.000 0.000 0.000
weapon_zm_sledge	3995.000000 -11.000000 -1381.000000	0.000 93.500 0.000
weapon_zm_sledge	1501.000000 1468.000000 -1351.140015	0.000 0.000 0.000
weapon_zm_sledge	262.000000 415.000000 -1404.949951	0.000 0.000 0.000
weapon_zm_sledge	3995.000000 -11.000000 -1381.000000	0.000 93.500 0.000
weapon_ttt_m16	-79.000000 -2720.000000 -1364.000000	0.000 48.000 0.000
weapon_ttt_m16	1527.000000 2214.000000 -1382.319946	0.000 0.000 0.000
weapon_ttt_m16	3755.530029 -456.488007 -1363.750000	0.000 238.500 0.000
weapon_ttt_m16	-411.000000 -2704.000000 -1381.000000	0.000 3.500 0.000
weapon_ttt_m16	-79.000000 -2720.000000 -1364.000000	0.000 48.000 0.000
weapon_ttt_m16	1527.000000 2214.000000 -1382.319946	0.000 0.000 0.000
weapon_ttt_m16	3755.530029 -456.488007 -1363.750000	0.000 238.500 0.000
weapon_ttt_m16	-411.000000 -2704.000000 -1381.000000	0.000 3.500 0.000
weapon_zm_molotov	223.856995 463.363007 -1369.270020	0.000 349.500 74.500
weapon_zm_molotov	218.423996 454.733002 -1368.270020	0.000 316.500 0.000
weapon_zm_molotov	2527.000000 -267.000000 -1355.270020	0.000 0.000 0.000
weapon_zm_molotov	-895.184998 1413.260010 -1381.609985	0.000 0.000 0.000
weapon_zm_molotov	-880.219971 1419.829956 -1381.609985	0.000 0.000 0.000
weapon_zm_molotov	-890.731995 1388.180054 -1381.609985	0.000 0.000 0.000
weapon_zm_molotov	223.856995 463.363007 -1369.270020	0.000 349.500 74.500
weapon_zm_molotov	218.423996 454.733002 -1368.270020	0.000 316.500 0.000
weapon_zm_molotov	2527.000000 -267.000000 -1355.270020	0.000 0.000 0.000
weapon_zm_molotov	-895.184998 1413.260010 -1381.609985	0.000 0.000 0.000
weapon_zm_molotov	-880.219971 1419.829956 -1381.609985	0.000 0.000 0.000
weapon_zm_molotov	-890.731995 1388.180054 -1381.609985	0.000 0.000 0.000
ttt_random_ammo	1556.385132 2161.566406 -1419.637085	0.171 -0.000 -0.118
ttt_random_ammo	1557.276855 2128.563232 -1419.538696	-0.317 0.514 0.819
ttt_random_ammo	1557.311768 2083.909180 -1419.576782	-0.369 -0.035 -0.084
ttt_random_ammo	3781.023193 38.619751 -1388.870728	0.396 -5.167 -4.073
ttt_random_ammo	3766.544678 9.269042 -1390.942017	-0.063 8.258 -0.044
ttt_random_ammo	278.529480 -293.835815 -1337.645508	0.113 0.000 0.076
ttt_random_ammo	253.249298 -297.702637 -1337.645630	0.115 0.000 0.078
ttt_random_ammo	-271.050903 -415.536713 -1353.636719	0.049 0.000 -0.012
ttt_random_ammo	-282.172211 -446.353119 -1353.622070	0.077 0.000 0.030
ttt_random_ammo	-265.740997 -293.268585 -1290.669800	0.045 -0.000 0.031
ttt_random_ammo	-206.893387 -349.040253 -1290.636597	0.066 -0.000 -0.012
ttt_random_ammo	-269.500885 -321.212555 -1290.604736	1.235 -0.018 -1.450
ttt_random_ammo	-207.810104 -327.438324 -1290.648926	0.050 -0.000 0.014
ttt_random_ammo	1518.302368 -3148.545654 -1345.583130	-77.498 179.679 179.894
ttt_random_ammo	1488.978516 -3149.701172 -1352.653564	-77.219 -178.148 178.255
ttt_random_ammo	338.989746 -2528.513428 -1355.632690	0.069 0.048 -0.022
ttt_random_ammo	1162.129761 -1280.384644 -1346.518311	-0.370 0.688 0.373
ttt_random_ammo	1160.902832 -1339.082153 -1345.834229	1.524 -0.833 1.799
weapon_zm_rifle	-983.000000 -3228.000000 -1452.000000	0.000 44.500 0.000
weapon_zm_rifle	1380.000000 1631.000000 -1353.040039	0.000 39.500 -89.000
weapon_zm_rifle	532.421997 699.612976 -1369.040039	0.000 0.000 0.000
weapon_zm_rifle	546.000000 714.000000 -1369.040039	0.000 0.000 0.000
weapon_zm_rifle	3562.000000 -19.000000 -1356.040039	0.000 72.500 0.000
weapon_zm_rifle	-983.000000 -3228.000000 -1452.000000	0.000 44.500 0.000
weapon_zm_rifle	1380.000000 1631.000000 -1353.040039	0.000 39.500 -89.000
weapon_zm_rifle	532.421997 699.612976 -1369.040039	0.000 0.000 0.000
weapon_zm_rifle	546.000000 714.000000 -1369.040039	0.000 0.000 0.000
weapon_zm_rifle	3562.000000 -19.000000 -1356.040039	0.000 72.500 0.000
weapon_zm_mac10	237.000000 357.000000 -1408.150024	0.000 352.000 -74.000
weapon_zm_mac10	346.000000 -2747.000000 -1365.000000	0.000 268.000 -86.000
weapon_zm_mac10	344.000000 -2719.000000 -1368.000000	0.000 291.500 -86.000
weapon_zm_mac10	1110.000000 1805.000000 -1350.530029	0.000 0.000 0.000
weapon_zm_mac10	269.000000 383.000000 -1407.000000	0.000 23.500 -74.000
weapon_zm_mac10	469.000000 830.000000 -1366.530029	0.000 84.000 0.000
weapon_zm_mac10	458.000000 765.000000 -1366.530029	12.779 39.827 -14.854
weapon_zm_mac10	-968.000000 1425.000000 -1396.530029	0.000 0.000 0.000
weapon_zm_mac10	237.000000 357.000000 -1408.150024	0.000 352.000 -74.000
weapon_zm_mac10	346.000000 -2747.000000 -1365.000000	0.000 268.000 -86.000
weapon_zm_mac10	344.000000 -2719.000000 -1368.000000	0.000 291.500 -86.000
weapon_zm_mac10	1110.000000 1805.000000 -1350.530029	0.000 0.000 0.000
weapon_zm_mac10	269.000000 383.000000 -1407.000000	0.000 23.500 -74.000
weapon_zm_mac10	469.000000 830.000000 -1366.530029	0.000 84.000 0.000
weapon_zm_mac10	458.000000 765.000000 -1366.530029	12.779 39.827 -14.854
weapon_zm_mac10	-968.000000 1425.000000 -1396.530029	0.000 0.000 0.000
weapon_zm_pistol	429.000000 235.000000 -1367.000000	0.000 126.500 0.000
weapon_zm_pistol	421.000000 221.000000 -1402.219971	12.164 220.507 -4.622
weapon_zm_pistol	-216.000000 -1509.000000 -1351.000000	0.000 0.000 -88.000
weapon_zm_pistol	1500.000000 1503.000000 -1353.280029	0.000 317.000 0.000
weapon_zm_pistol	1516.000000 1505.000000 -1353.280029	0.000 32.500 0.000
weapon_zm_pistol	385.000000 216.000000 -1397.000000	12.164 340.507 -4.622
weapon_zm_pistol	-430.069000 -2707.419922 -1385.209961	0.000 270.000 0.000
weapon_zm_pistol	429.000000 235.000000 -1367.000000	0.000 126.500 0.000
weapon_zm_pistol	421.000000 221.000000 -1402.219971	12.164 220.507 -4.622
weapon_zm_pistol	-216.000000 -1509.000000 -1351.000000	0.000 0.000 -88.000
weapon_zm_pistol	1500.000000 1503.000000 -1353.280029	0.000 317.000 0.000
weapon_zm_pistol	1516.000000 1505.000000 -1353.280029	0.000 32.500 0.000
weapon_zm_pistol	385.000000 216.000000 -1397.000000	12.164 340.507 -4.622
weapon_zm_pistol	-430.069000 -2707.419922 -1385.209961	0.000 270.000 0.000
weapon_ttt_confgrenade	-77.095802 -2686.219971 -1370.719971	0.000 0.000 0.000
weapon_ttt_confgrenade	-70.454903 -2689.409912 -1371.640015	0.000 0.000 0.000
weapon_ttt_confgrenade	1552.709961 2194.629883 -1415.510010	0.000 0.000 0.000
weapon_ttt_confgrenade	1540.800049 2195.320068 -1415.510010	0.000 0.000 0.000
weapon_ttt_confgrenade	3045.090088 -437.407013 -1397.719971	0.000 0.000 0.000
weapon_ttt_confgrenade	3037.000000 -442.000000 -1397.719971	0.000 0.000 0.000
weapon_ttt_confgrenade	3752.699951 -488.123993 -1371.390015	0.000 190.500 0.000
weapon_ttt_confgrenade	3759.810059 -490.049988 -1370.469971	0.000 190.500 0.000
weapon_ttt_confgrenade	3998.419922 -30.069000 -1385.209961	0.000 0.000 0.000
weapon_ttt_confgrenade	4009.979980 -20.055901 -1384.719971	0.000 0.000 0.000
weapon_ttt_confgrenade	-884.718018 1436.010010 -1382.369995	0.000 0.000 0.000
weapon_ttt_confgrenade	-894.693970 1440.699951 -1382.859985	0.000 0.000 0.000
weapon_ttt_confgrenade	-891.857971 1457.939941 -1382.859985	0.000 0.000 0.000
weapon_ttt_confgrenade	-77.095802 -2686.219971 -1370.719971	0.000 0.000 0.000
weapon_ttt_confgrenade	-70.454903 -2689.409912 -1371.640015	0.000 0.000 0.000
weapon_ttt_confgrenade	1552.709961 2194.629883 -1415.510010	0.000 0.000 0.000
weapon_ttt_confgrenade	1540.800049 2195.320068 -1415.510010	0.000 0.000 0.000
weapon_ttt_confgrenade	3045.090088 -437.407013 -1397.719971	0.000 0.000 0.000
weapon_ttt_confgrenade	3037.000000 -442.000000 -1397.719971	0.000 0.000 0.000
weapon_ttt_confgrenade	3752.699951 -488.123993 -1371.390015	0.000 190.500 0.000
weapon_ttt_confgrenade	3759.810059 -490.049988 -1370.469971	0.000 190.500 0.000
weapon_ttt_confgrenade	3998.419922 -30.069000 -1385.209961	0.000 0.000 0.000
weapon_ttt_confgrenade	4009.979980 -20.055901 -1384.719971	0.000 0.000 0.000
weapon_ttt_confgrenade	-884.718018 1436.010010 -1382.369995	0.000 0.000 0.000
weapon_ttt_confgrenade	-894.693970 1440.699951 -1382.859985	0.000 0.000 0.000
weapon_ttt_confgrenade	-891.857971 1457.939941 -1382.859985	0.000 0.000 0.000
weapon_zm_shotgun	304.000000 -1759.000000 -1358.000000	0.000 0.000 -72.000
weapon_zm_shotgun	302.000000 -1821.000000 -1358.510010	0.000 0.000 56.500
weapon_zm_shotgun	-694.000000 -3096.000000 -1417.000000	-4.788 85.598 -47.316
weapon_zm_shotgun	1230.000000 2029.000000 -1416.510010	0.000 0.000 0.000
weapon_zm_shotgun	1226.000000 2041.000000 -1416.510010	0.000 0.000 0.000
weapon_zm_shotgun	-419.000000 -2271.000000 -1356.040039	0.000 342.500 0.000
weapon_zm_shotgun	304.000000 -1759.000000 -1358.000000	0.000 0.000 -72.000
weapon_zm_shotgun	302.000000 -1821.000000 -1358.510010	0.000 0.000 56.500
weapon_zm_shotgun	-694.000000 -3096.000000 -1417.000000	-4.788 85.598 -47.316
weapon_zm_shotgun	1230.000000 2029.000000 -1416.510010	0.000 0.000 0.000
weapon_zm_shotgun	1226.000000 2041.000000 -1416.510010	0.000 0.000 0.000
weapon_zm_shotgun	-419.000000 -2271.000000 -1356.040039	0.000 342.500 0.000
weapon_zm_revolver	377.000000 266.000000 -1403.219971	0.000 162.000 0.000
weapon_zm_revolver	680.000000 -3103.000000 -1404.000000	0.000 3.000 -76.000
weapon_zm_revolver	2500.000000 -256.000000 -1356.000000	6.820 338.082 -76.906
weapon_zm_revolver	2500.000000 -293.000000 -1358.000000	0.000 35.500 -80.500
weapon_zm_revolver	986.911987 2286.820068 -1369.000000	0.000 0.000 0.000
weapon_zm_revolver	997.320007 2301.750000 -1369.000000	0.000 0.000 0.000
weapon_zm_revolver	438.000000 209.000000 -1403.000000	0.000 99.000 0.000
weapon_zm_revolver	-1129.000000 1426.000000 -1356.000000	0.000 13.500 0.000
weapon_zm_revolver	377.000000 266.000000 -1403.219971	0.000 162.000 0.000
weapon_zm_revolver	680.000000 -3103.000000 -1404.000000	0.000 3.000 -76.000
weapon_zm_revolver	2500.000000 -256.000000 -1356.000000	6.820 338.082 -76.906
weapon_zm_revolver	2500.000000 -293.000000 -1358.000000	0.000 35.500 -80.500
weapon_zm_revolver	986.911987 2286.820068 -1369.000000	0.000 0.000 0.000
weapon_zm_revolver	997.320007 2301.750000 -1369.000000	0.000 0.000 0.000
weapon_zm_revolver	438.000000 209.000000 -1403.000000	0.000 99.000 0.000
weapon_zm_revolver	-1129.000000 1426.000000 -1356.000000	0.000 13.500 0.000
