# Trouble in Terrorist Town weapon/ammo placement overrides
# For map: ttt_clueless_rv
# Exported by: Kopa King
setting:	replacespawns 1
weapon_ttt_ak47	-91.614464 -735.791992 448.858887	0.179 13.137 -87.195
weapon_ttt_ak47	-171.736923 -732.232300 448.857483	0.181 13.137 -87.180
ttt_playerspawn	343.037994 28.607155 75.225769	-0.024 0.150 0.024
ttt_playerspawn	353.603821 -84.405334 72.133293	-0.037 0.150 0.037
ttt_playerspawn	164.290222 -95.095711 68.487503	0.121 0.598 0.011
ttt_playerspawn	346.063324 -213.894165 73.183075	-0.038 -0.524 0.038
ttt_playerspawn	163.464630 28.410608 75.028435	-0.019 1.459 0.019
ttt_playerspawn	194.550400 -246.048767 66.661720	6.626 -13.603 0.045
ttt_playerspawn	5.048495 35.340816 75.264137	-0.032 0.150 0.032
ttt_playerspawn	5.593567 -76.904694 64.579605	0.250 1.076 0.186
ttt_playerspawn	18.743963 -199.765274 73.822563	-0.035 -0.860 0.035
ttt_playerspawn	-133.993698 56.730831 72.149765	0.453 -13.906 -0.001
ttt_playerspawn	-90.605301 -73.576553 64.551537	0.077 1.608 -0.077
ttt_playerspawn	-188.898132 -185.734726 64.491119	-0.044 -0.000 0.044
ttt_playerspawn	-273.999115 62.959526 73.605560	0.870 -27.805 -5.004
ttt_playerspawn	-210.595978 -74.255608 71.000504	0.000 12.984 0.000
ttt_playerspawn	-285.724182 -160.793655 140.263626	-0.000 24.790 180.000
ttt_playerspawn	-360.665924 198.234482 202.249146	0.085 -0.394 -0.272
ttt_playerspawn	-175.689789 201.086166 200.251099	-0.037 1.507 0.037
ttt_playerspawn	-15.324959 201.372452 205.843430	-0.056 0.972 0.056
ttt_playerspawn	97.797272 185.687454 203.275497	-0.067 -2.693 0.067
ttt_playerspawn	-147.624496 -385.894226 199.610443	-0.021 2.174 0.003
ttt_playerspawn	-329.797699 -383.717133 197.672424	-0.065 1.188 0.065
ttt_playerspawn	-491.817200 -404.146637 198.992508	0.078 3.988 0.078
ttt_playerspawn	-498.007629 -258.310944 198.297470	-0.067 9.874 0.067
ttt_playerspawn	-524.479126 355.006836 196.382355	-0.073 -4.881 0.073
ttt_playerspawn	-478.752106 -95.602455 200.489670	-0.057 -0.785 0.057
ttt_playerspawn	-480.978149 72.953308 194.094208	-0.048 0.966 0.048
ttt_playerspawn	893.666321 -41.218620 96.532013	-0.066 -0.000 0.066
ttt_playerspawn	910.599976 -165.171478 96.535988	-0.063 -0.000 0.063
ttt_playerspawn	753.496155 -38.815929 96.530983	-0.067 -0.000 0.067
ttt_playerspawn	693.211060 -152.228104 96.540634	-0.058 -0.000 0.058
ttt_playerspawn	1029.734619 -74.405380 96.531013	-0.297 0.052 -0.077
ttt_playerspawn	983.991577 -156.569077 96.583672	-0.016 -0.000 0.015
ttt_playerspawn	662.081787 359.096039 112.544312	-0.129 -0.259 -0.044
ttt_playerspawn	742.458374 204.803680 96.534027	-0.064 -0.000 0.064
ttt_playerspawn	780.523132 -531.664185 96.558487	-0.017 -0.000 0.017
ttt_playerspawn	712.250000 -404.073975 96.525314	-0.030 -0.000 0.030
item_box_buckshot_ttt	-1062.829102 153.436874 191.437012	-0.595 -0.007 0.528
item_box_buckshot_ttt	-1031.242920 151.959763 191.414871	-0.976 0.003 0.761
item_box_buckshot_ttt	-989.483765 168.137878 191.445007	-0.558 -0.005 0.446
item_box_buckshot_ttt	-985.476196 150.382736 191.410355	-1.021 -0.006 0.796
item_box_buckshot_ttt	-934.816406 153.503540 191.371964	0.764 -0.120 -0.529
item_box_buckshot_ttt	-914.931824 142.111664 191.433838	-0.656 -0.004 0.514
item_ammo_357_ttt	-697.371887 -457.764557 448.353638	0.455 0.062 0.046
item_ammo_357_ttt	-670.551453 -452.425110 448.323975	0.449 0.070 0.057
item_ammo_357_ttt	-640.325867 -400.455475 448.350067	0.454 0.064 0.047
item_ammo_357_ttt	-595.555481 -370.239868 448.399445	0.464 0.056 0.028
item_ammo_357_ttt	-371.370972 -8.746776 192.380157	0.269 0.067 0.154
item_ammo_357_ttt	-375.199280 -23.099310 192.372604	0.719 0.146 0.018
item_ammo_357_ttt	-373.089020 -43.368469 192.376251	0.516 -0.461 0.161
item_ammo_357_ttt	-383.649017 -51.130207 197.651352	-43.320 -163.610 180.000
item_ammo_revolver_ttt	-919.715149 637.000488 192.340546	0.451 0.063 0.052
item_ammo_revolver_ttt	-905.190613 628.448242 192.323868	0.448 0.067 0.059
item_ammo_revolver_ttt	-890.482483 636.125671 192.389069	0.461 0.054 0.033
item_ammo_revolver_ttt	-878.892761 617.774719 192.351791	0.454 0.059 0.048
item_ammo_revolver_ttt	-864.473389 639.009705 192.366852	0.457 0.057 0.042
item_ammo_revolver_ttt	-861.286011 619.903564 192.362061	0.456 0.057 0.044
item_ammo_revolver_ttt	-844.399536 635.431763 192.344406	0.452 0.061 0.051
item_ammo_revolver_ttt	-846.554749 613.625122 192.396103	0.463 0.053 0.030
item_ammo_revolver_ttt	-946.825745 -368.140930 191.394974	0.462 0.053 0.030
item_ammo_revolver_ttt	-970.441040 -370.743256 191.342484	0.452 0.061 0.051
item_ammo_revolver_ttt	-989.416687 -366.021881 191.342484	0.452 0.061 0.051
item_ammo_revolver_ttt	-1009.514526 -360.792877 191.309967	0.445 0.071 0.065
item_ammo_revolver_ttt	-1019.591858 -349.672394 191.380005	0.459 0.055 0.036
item_ammo_revolver_ttt	-1033.628540 -334.911041 191.319366	0.447 0.072 0.061
item_ammo_revolver_ttt	-1052.217163 -325.554718 191.355301	0.454 0.059 0.046
item_ammo_revolver_ttt	-1077.053101 -325.590546 191.386566	0.461 0.054 0.034
item_ammo_revolver_ttt	-1078.951782 -310.368103 191.340530	0.451 0.063 0.052
item_ammo_revolver_ttt	-1067.028442 -292.499146 191.338562	0.451 0.063 0.053
item_ammo_smg1_ttt	-200.324265 -695.967957 448.503937	-0.732 0.012 -0.554
item_ammo_smg1_ttt	-169.333771 -693.927551 448.522644	-0.213 0.016 -0.187
item_ammo_smg1_ttt	-116.528107 -705.568420 448.511200	-0.291 0.012 -0.244
item_ammo_smg1_ttt	-84.537842 -694.031555 448.389069	0.098 -0.005 0.053
item_ammo_smg1_ttt	-734.213867 -759.644287 192.521912	0.204 -0.021 -0.162
item_ammo_smg1_ttt	-693.890015 -797.912476 192.428574	0.676 -0.003 0.442
item_ammo_smg1_ttt	-726.628540 -664.863281 192.406555	0.213 -0.005 0.131
item_ammo_smg1_ttt	-699.868958 -659.520081 192.512360	-0.290 0.013 -0.250
item_ammo_smg1_ttt	-659.949707 -662.031433 192.507507	-0.477 0.012 -0.380
item_ammo_smg1_ttt	-631.822083 -659.551025 192.386414	0.088 -0.005 0.046
item_ammo_smg1_ttt	-249.729477 341.076660 192.396790	0.136 -0.005 0.079
item_ammo_smg1_ttt	-249.043854 365.569061 192.391678	0.109 -0.005 0.061
item_ammo_smg1_ttt	-196.226288 363.993225 192.517410	-0.241 0.014 -0.211
item_ammo_smg1_ttt	-198.304581 390.939514 192.549484	-0.078 0.017 -0.066
item_ammo_pistol_ttt	-627.960876 -463.726593 -175.685181	-0.161 -0.017 -0.049
item_ammo_pistol_ttt	-610.072632 -462.252014 -175.552185	-0.044 -0.020 -0.013
item_ammo_pistol_ttt	-582.274048 -464.744690 -175.578995	-0.068 -0.020 -0.021
item_ammo_pistol_ttt	-560.109314 -470.612671 -175.576691	-0.066 -0.020 -0.020
ttt_random_weapon	592.000000 272.000000 142.179001	0.000 270.000 0.000
ttt_random_weapon	723.880005 -519.164978 126.179001	0.000 270.000 0.000
ttt_random_weapon	-688.000000 640.000000 222.179001	0.000 270.000 0.000
ttt_random_weapon	-992.000000 512.000000 222.179001	0.000 270.000 0.000
ttt_random_weapon	-329.247009 -695.968018 -32.376701	0.000 270.000 0.000
ttt_random_weapon	-327.407990 -649.043030 -32.376701	0.000 270.000 0.000
ttt_random_weapon	-326.036011 -600.744995 -32.376701	0.000 270.000 0.000
ttt_random_weapon	-330.114014 -551.627014 -32.376701	0.000 270.000 0.000
ttt_random_weapon	-328.808014 -504.677002 -32.376701	0.000 270.000 0.000
ttt_random_weapon	-329.247009 -695.968018 -76.376701	0.000 270.000 0.000
ttt_random_weapon	-327.407990 -649.043030 -76.376701	0.000 270.000 0.000
ttt_random_weapon	-326.036011 -600.744995 -76.376701	0.000 270.000 0.000
ttt_random_weapon	-330.114014 -551.627014 -76.376701	0.000 270.000 0.000
ttt_random_weapon	-328.808014 -504.677002 -76.376701	0.000 270.000 0.000
ttt_random_weapon	-351.076996 -119.737999 129.548004	0.000 270.000 0.000
ttt_random_weapon	-350.109985 -123.037003 77.372902	0.000 270.000 0.000
ttt_random_weapon	-355.763000 -51.809299 73.372902	0.000 270.000 0.000
ttt_random_weapon	-352.265991 -50.888302 80.002502	0.000 270.000 0.000
ttt_random_weapon	-417.588013 -656.250000 505.967010	0.000 270.000 0.000
ttt_random_weapon	-255.455002 -756.219971 505.967010	0.000 270.000 0.000
ttt_random_weapon	-385.790009 -737.989990 634.721985	0.000 270.000 0.000
ttt_random_weapon	-419.556000 -503.065002 505.967010	0.000 270.000 0.000
ttt_random_weapon	-34.378799 -556.664001 505.967010	0.000 270.000 0.000
ttt_random_weapon	-7.362370 -376.109009 505.967010	0.000 270.000 0.000
ttt_random_weapon	-200.182999 -228.992996 457.372986	0.000 270.000 0.000
ttt_random_weapon	-196.871994 28.095200 457.372986	0.000 270.000 0.000
ttt_random_weapon	-200.181000 -142.671005 457.372986	0.000 270.000 0.000
ttt_random_weapon	-666.314026 116.475998 200.373001	0.000 270.000 0.000
ttt_random_weapon	-673.335999 -340.511993 200.373001	0.000 270.000 0.000
ttt_random_weapon	-746.898987 -850.523987 249.966995	0.000 270.000 0.000
ttt_random_weapon	-741.906982 -914.867004 201.373001	0.000 270.000 0.000
ttt_random_weapon	-533.705994 -924.218018 201.373001	0.000 270.000 0.000
ttt_random_weapon	-430.290009 -730.685974 330.127991	0.000 270.000 0.000
ttt_random_weapon	-453.782990 -746.184021 330.127991	0.000 270.000 0.000
ttt_random_weapon	-415.572998 -622.499023 241.610992	0.000 270.000 0.000
ttt_random_weapon	-639.557007 522.762024 242.384995	0.000 270.000 0.000
ttt_random_weapon	-867.668030 251.156998 201.373001	0.000 270.000 0.000
ttt_random_weapon	-928.901978 -523.739990 201.373001	0.000 270.000 0.000
ttt_random_weapon	-931.315002 -645.469971 201.373001	0.000 270.000 0.000
ttt_random_weapon	-1063.010010 -77.781998 200.373001	0.000 270.000 0.000
ttt_random_weapon	-1057.640015 -171.313995 200.373001	0.000 270.000 0.000
ttt_random_weapon	-1057.859985 -125.088997 200.373001	0.000 270.000 0.000
ttt_random_weapon	-1058.589966 -40.419102 200.373001	0.000 270.000 0.000
ttt_random_weapon	-1062.219971 -163.462997 200.373001	0.000 270.000 0.000
ttt_random_weapon	-1059.050049 -144.692993 195.811996	0.000 270.000 0.000
ttt_random_weapon	-1063.310059 -80.548500 200.373001	0.000 270.000 0.000
ttt_random_weapon	-1056.300049 -61.710899 207.001999	0.000 270.000 0.000
ttt_random_weapon	27.629700 524.765991 181.373001	0.000 270.000 0.000
ttt_random_weapon	39.818298 490.145996 172.675003	0.000 270.000 0.000
ttt_random_weapon	29.788900 462.799988 157.373001	0.000 270.000 0.000
ttt_random_weapon	25.253401 521.851013 137.373001	0.000 270.000 0.000
ttt_random_weapon	213.742004 588.379028 113.916000	0.000 270.000 0.000
ttt_random_weapon	223.889008 399.095001 113.916000	0.000 270.000 0.000
ttt_random_weapon	154.889008 398.924011 113.916000	0.000 270.000 0.000
ttt_random_weapon	491.412994 525.562988 73.372902	0.000 270.000 0.000
ttt_random_weapon	331.226013 719.289978 73.372902	0.000 270.000 0.000
ttt_random_weapon	321.020996 883.948975 73.372902	0.000 270.000 0.000
ttt_random_weapon	760.606995 883.978027 73.372902	0.000 270.000 0.000
ttt_random_weapon	740.528992 750.822021 193.373001	0.000 270.000 0.000
ttt_random_weapon	738.825012 460.791992 174.401001	0.000 270.000 0.000
ttt_random_weapon	615.200989 135.399002 121.373001	0.000 270.000 0.000
ttt_random_weapon	1232.430054 -81.444603 105.373001	0.000 270.000 0.000
ttt_random_weapon	1197.000000 -126.934998 105.373001	0.000 270.000 0.000
ttt_random_weapon	1152.800049 -89.356903 105.373001	0.000 270.000 0.000
ttt_random_weapon	723.119995 -533.112976 126.179001	0.000 270.000 0.000
ttt_random_weapon	594.515015 -388.558990 105.373001	0.000 270.000 0.000
ttt_random_weapon	321.653992 -592.776978 73.372902	0.000 270.000 0.000
ttt_random_weapon	349.514008 -606.362976 73.372902	0.000 270.000 0.000
ttt_random_weapon	86.455597 -747.218994 457.372986	0.000 270.000 0.000
ttt_random_weapon	-550.026978 24.735399 -124.007004	0.000 270.000 0.000
ttt_random_weapon	-542.200012 24.059000 -117.377998	0.000 270.000 0.000
ttt_random_weapon	-557.687012 24.963200 -117.377998	0.000 270.000 0.000
ttt_random_weapon	-546.419983 76.075600 -166.626999	0.000 270.000 0.000
ttt_random_weapon	-559.802002 -99.478500 -166.626999	0.000 270.000 0.000
ttt_random_weapon	-361.321991 -101.490997 -118.032997	0.000 270.000 0.000
ttt_random_weapon	-13.433600 -51.051201 -166.626999	0.000 270.000 0.000
ttt_random_weapon	-28.008101 17.214300 -47.635502	0.000 270.000 0.000
ttt_random_weapon	-46.550701 43.263000 -70.632500	0.000 270.000 0.000
ttt_random_weapon	-7.013670 -264.071991 -166.626999	0.000 270.000 0.000
ttt_random_weapon	-252.987000 654.401978 110.401001	0.000 90.000 0.000
ttt_random_weapon	-165.082001 744.252014 110.742996	0.000 270.000 0.000
ttt_random_weapon	-193.751007 854.450012 238.401001	0.000 270.000 0.000
ttt_random_weapon	-359.580994 828.197998 201.373001	0.000 270.000 0.000
ttt_random_weapon	-48.285400 492.816010 73.372902	0.000 270.000 0.000
ttt_random_weapon	-50.027699 510.067993 80.002800	0.000 270.000 0.000
ttt_random_weapon	39.204800 489.868011 73.372902	0.000 270.000 0.000
ttt_random_weapon	-624.924011 -966.901001 137.373001	0.000 270.000 0.000
ttt_random_weapon	-642.797974 -755.239014 -118.032997	0.000 270.000 0.000
ttt_random_weapon	-415.364990 -573.098999 -126.084000	0.000 270.000 0.000
ttt_random_weapon	-420.458008 -622.989990 -126.084000	0.000 270.000 0.000
ttt_random_weapon	-427.609985 -579.513977 -126.084000	0.000 270.000 0.000
ttt_random_weapon	-354.191010 360.157013 268.826996	0.000 270.000 0.000
ttt_random_weapon	-352.863007 380.105011 264.651001	0.000 270.000 0.000
ttt_random_weapon	-203.194000 -25.606100 457.372986	0.000 270.000 0.000
ttt_random_weapon	182.356995 -19.460501 457.372986	0.000 270.000 0.000
ttt_random_weapon	281.912140 -358.544220 449.202728	1.844 4.778 -92.667
ttt_random_weapon	336.961975 -379.054504 449.220154	1.648 4.764 -93.117
weapon_ttt_g3sg1	-684.921448 -435.773132 449.341522	-0.837 2.067 -88.067
weapon_ttt_g3sg1	-625.977661 -382.773010 449.335266	-0.813 2.081 -88.145
weapon_ttt_m16	-608.051697 -479.897095 -175.118393	1.641 -5.183 84.291
weapon_ttt_m16	-568.483398 -496.120239 -175.116119	1.561 -5.181 84.381
weapon_ttt_mp5	-720.356812 -635.160522 193.094177	0.285 6.552 -87.247
weapon_ttt_mp5	-653.784729 -632.904846 193.093796	0.299 6.552 -87.264
weapon_ttt_mp5	-728.591675 -785.808044 193.093277	0.318 5.682 -87.287
weapon_ttt_revolver	-949.871948 -398.619873 193.001236	9.039 25.962 75.403
weapon_ttt_revolver	-971.278198 -399.184845 193.035019	9.567 25.781 74.674
weapon_ttt_revolver	-1003.186646 -402.762421 192.991867	8.893 26.004 75.603
weapon_ttt_revolver	-1018.101807 -395.031982 193.000458	9.026 25.965 75.420
weapon_ttt_revolver	-1049.603638 -369.284210 193.019714	9.327 25.868 75.006
weapon_ttt_revolver	-1072.005737 -350.973938 193.019714	9.327 25.868 75.006
weapon_ttt_revolver	-1095.493652 -343.050293 192.989944	8.863 26.010 75.644
weapon_ttt_revolver	-1102.638184 -313.105621 192.973282	8.604 26.070 75.998
ttt_random_ammo	592.000000 288.000000 132.807007	0.000 0.000 0.000
ttt_random_ammo	592.000000 304.000000 132.807007	0.000 0.000 0.000
ttt_random_ammo	723.880005 -503.165009 116.806999	0.000 0.000 0.000
ttt_random_ammo	723.880005 -487.165009 116.806999	0.000 0.000 0.000
ttt_random_ammo	-688.000000 656.000000 212.807007	0.000 0.000 0.000
ttt_random_ammo	-688.000000 672.000000 212.807007	0.000 0.000 0.000
ttt_random_ammo	-992.000000 528.000000 212.807007	0.000 0.000 0.000
ttt_random_ammo	-992.000000 544.000000 212.807007	0.000 0.000 0.000
ttt_random_ammo	-351.076996 -103.737999 120.176003	0.000 0.000 0.000
ttt_random_ammo	-351.076996 -87.738098 120.176003	0.000 0.000 0.000
ttt_random_ammo	-350.109985 -107.037003 68.000603	0.000 0.000 0.000
ttt_random_ammo	-350.109985 -91.036903 68.000603	0.000 0.000 0.000
ttt_random_ammo	-355.763000 -35.809299 64.000603	0.000 0.000 0.000
ttt_random_ammo	-355.763000 -19.809299 64.000603	0.000 0.000 0.000
ttt_random_ammo	-352.265991 -34.888302 70.630203	0.000 0.000 0.000
ttt_random_ammo	-352.265991 -18.888300 70.630203	0.000 0.000 0.000
ttt_random_ammo	-417.588013 -640.250000 496.595001	0.000 0.000 0.000
ttt_random_ammo	-417.588013 -624.250000 496.595001	0.000 0.000 0.000
ttt_random_ammo	-255.455002 -740.219971 496.595001	0.000 0.000 0.000
ttt_random_ammo	-255.455002 -724.219971 496.595001	0.000 0.000 0.000
ttt_random_ammo	-385.790009 -721.989990 625.349976	0.000 0.000 0.000
ttt_random_ammo	-385.790009 -705.989990 625.349976	0.000 0.000 0.000
ttt_random_ammo	-419.556000 -487.065002 496.595001	0.000 0.000 0.000
ttt_random_ammo	-419.556000 -471.065002 496.595001	0.000 0.000 0.000
ttt_random_ammo	-34.378799 -540.664001 496.595001	0.000 0.000 0.000
ttt_random_ammo	-34.378799 -524.664001 496.595001	0.000 0.000 0.000
ttt_random_ammo	-7.362370 -360.109009 496.595001	0.000 0.000 0.000
ttt_random_ammo	-7.362370 -344.109009 496.595001	0.000 0.000 0.000
ttt_random_ammo	-200.182999 -212.992996 448.001007	0.000 0.000 0.000
ttt_random_ammo	-200.182999 -196.992996 448.001007	0.000 0.000 0.000
ttt_random_ammo	-196.871994 44.095200 448.001007	0.000 0.000 0.000
ttt_random_ammo	-196.871994 60.095200 448.001007	0.000 0.000 0.000
ttt_random_ammo	-200.181000 -126.670998 448.001007	0.000 0.000 0.000
ttt_random_ammo	-200.181000 -110.670998 448.001007	0.000 0.000 0.000
ttt_random_ammo	-666.314026 132.475998 191.001007	0.000 0.000 0.000
ttt_random_ammo	-666.314026 148.475998 191.001007	0.000 0.000 0.000
ttt_random_ammo	-673.335999 -324.511993 191.001007	0.000 0.000 0.000
ttt_random_ammo	-673.335999 -308.511993 191.001007	0.000 0.000 0.000
ttt_random_ammo	-746.898987 -834.523987 240.595001	0.000 0.000 0.000
ttt_random_ammo	-746.898987 -818.523987 240.595001	0.000 0.000 0.000
ttt_random_ammo	-741.906982 -898.867004 192.001007	0.000 0.000 0.000
ttt_random_ammo	-741.906982 -882.867004 192.001007	0.000 0.000 0.000
ttt_random_ammo	-533.705994 -908.218018 192.001007	0.000 0.000 0.000
ttt_random_ammo	-533.705994 -892.218018 192.001007	0.000 0.000 0.000
ttt_random_ammo	-430.290009 -714.685974 320.755005	0.000 0.000 0.000
ttt_random_ammo	-430.290009 -698.685974 320.755005	0.000 0.000 0.000
ttt_random_ammo	-453.782990 -730.184021 320.755005	0.000 0.000 0.000
ttt_random_ammo	-453.782990 -714.184021 320.755005	0.000 0.000 0.000
ttt_random_ammo	-415.572998 -606.499023 232.238007	0.000 0.000 0.000
ttt_random_ammo	-415.572998 -590.499023 232.238007	0.000 0.000 0.000
ttt_random_ammo	-639.557007 538.762024 233.013000	0.000 0.000 0.000
ttt_random_ammo	-639.557007 554.762024 233.013000	0.000 0.000 0.000
ttt_random_ammo	-867.668030 267.157013 192.001007	0.000 0.000 0.000
ttt_random_ammo	-867.668030 283.157013 192.001007	0.000 0.000 0.000
ttt_random_ammo	-928.901978 -507.739990 192.001007	0.000 0.000 0.000
ttt_random_ammo	-928.901978 -491.739990 192.001007	0.000 0.000 0.000
ttt_random_ammo	-931.315002 -629.469971 192.001007	0.000 0.000 0.000
ttt_random_ammo	-931.315002 -613.469971 192.001007	0.000 0.000 0.000
ttt_random_ammo	-1063.010010 -61.782001 191.001007	0.000 0.000 0.000
ttt_random_ammo	-1063.010010 -45.782001 191.001007	0.000 0.000 0.000
ttt_random_ammo	-1057.640015 -155.313995 191.001007	0.000 0.000 0.000
ttt_random_ammo	-1057.640015 -139.313995 191.001007	0.000 0.000 0.000
ttt_random_ammo	-1057.859985 -109.088997 191.001007	0.000 0.000 0.000
ttt_random_ammo	-1057.859985 -93.089500 191.001007	0.000 0.000 0.000
ttt_random_ammo	-1058.589966 -24.419100 191.001007	0.000 0.000 0.000
ttt_random_ammo	-1058.589966 -8.419070 191.001007	0.000 0.000 0.000
ttt_random_ammo	-1062.219971 -147.462997 191.001007	0.000 0.000 0.000
ttt_random_ammo	-1062.219971 -131.462997 191.001007	0.000 0.000 0.000
ttt_random_ammo	-1059.050049 -128.692993 186.438995	0.000 0.000 0.000
ttt_random_ammo	-1059.050049 -112.693001 186.438995	0.000 0.000 0.000
ttt_random_ammo	-1063.310059 -64.548500 191.001007	0.000 0.000 0.000
ttt_random_ammo	-1063.310059 -48.548500 191.001007	0.000 0.000 0.000
ttt_random_ammo	-1056.300049 -45.710899 197.630005	0.000 0.000 0.000
ttt_random_ammo	-1056.300049 -29.710899 197.630005	0.000 0.000 0.000
ttt_random_ammo	27.629700 540.765991 172.001007	0.000 0.000 0.000
ttt_random_ammo	27.629700 556.765991 172.001007	0.000 0.000 0.000
ttt_random_ammo	39.818298 506.145996 163.302994	0.000 0.000 0.000
ttt_random_ammo	39.818298 522.145996 163.302994	0.000 0.000 0.000
ttt_random_ammo	29.788900 478.799988 148.001007	0.000 0.000 0.000
ttt_random_ammo	29.788900 494.799988 148.001007	0.000 0.000 0.000
ttt_random_ammo	25.253401 537.851013 128.001007	0.000 0.000 0.000
ttt_random_ammo	25.253401 553.851013 128.001007	0.000 0.000 0.000
ttt_random_ammo	213.742004 604.379028 104.543999	0.000 0.000 0.000
ttt_random_ammo	213.742004 620.379028 104.543999	0.000 0.000 0.000
ttt_random_ammo	223.889008 415.095001 104.543999	0.000 0.000 0.000
ttt_random_ammo	223.889008 431.095001 104.543999	0.000 0.000 0.000
ttt_random_ammo	154.889008 414.924011 104.543999	0.000 0.000 0.000
ttt_random_ammo	154.889008 430.924011 104.543999	0.000 0.000 0.000
ttt_random_ammo	491.412994 541.562988 64.000603	0.000 0.000 0.000
ttt_random_ammo	491.412994 557.562988 64.000603	0.000 0.000 0.000
ttt_random_ammo	331.226013 735.289978 64.000603	0.000 0.000 0.000
ttt_random_ammo	331.226013 751.289978 64.000603	0.000 0.000 0.000
ttt_random_ammo	321.020996 899.948975 64.000603	0.000 0.000 0.000
ttt_random_ammo	321.020996 915.948975 64.000603	0.000 0.000 0.000
ttt_random_ammo	760.606995 899.978027 64.000603	0.000 0.000 0.000
ttt_random_ammo	760.606995 915.978027 64.000603	0.000 0.000 0.000
ttt_random_ammo	740.528992 766.822021 184.001007	0.000 0.000 0.000
ttt_random_ammo	740.528992 782.822021 184.001007	0.000 0.000 0.000
ttt_random_ammo	738.825012 476.791992 165.029007	0.000 0.000 0.000
ttt_random_ammo	738.825012 492.791992 165.029007	0.000 0.000 0.000
ttt_random_ammo	615.200989 151.399002 112.000999	0.000 0.000 0.000
ttt_random_ammo	615.200989 167.399002 112.000999	0.000 0.000 0.000
ttt_random_ammo	1232.430054 -65.444603 96.000603	0.000 0.000 0.000
ttt_random_ammo	1232.430054 -49.444599 96.000603	0.000 0.000 0.000
ttt_random_ammo	1197.000000 -110.934998 96.000603	0.000 0.000 0.000
ttt_random_ammo	1197.000000 -94.934799 96.000603	0.000 0.000 0.000
ttt_random_ammo	1152.800049 -73.356903 96.000603	0.000 0.000 0.000
ttt_random_ammo	1152.800049 -57.356899 96.000603	0.000 0.000 0.000
ttt_random_ammo	723.119995 -517.112976 116.806999	0.000 0.000 0.000
ttt_random_ammo	723.119995 -501.113007 116.806999	0.000 0.000 0.000
ttt_random_ammo	594.515015 -372.558990 96.000603	0.000 0.000 0.000
ttt_random_ammo	594.515015 -356.558990 96.000603	0.000 0.000 0.000
ttt_random_ammo	321.653992 -576.776978 64.000603	0.000 0.000 0.000
ttt_random_ammo	321.653992 -560.776978 64.000603	0.000 0.000 0.000
ttt_random_ammo	349.514008 -590.362976 64.000603	0.000 0.000 0.000
ttt_random_ammo	349.514008 -574.362976 64.000603	0.000 0.000 0.000
ttt_random_ammo	86.455597 -731.218994 448.001007	0.000 0.000 0.000
ttt_random_ammo	86.455597 -715.218994 448.001007	0.000 0.000 0.000
ttt_random_ammo	-550.026978 40.735401 -133.380005	0.000 0.000 0.000
ttt_random_ammo	-550.026978 56.735401 -133.380005	0.000 0.000 0.000
ttt_random_ammo	-542.200012 40.058998 -126.750000	0.000 0.000 0.000
ttt_random_ammo	-542.200012 56.058998 -126.750000	0.000 0.000 0.000
ttt_random_ammo	-557.687012 40.963200 -126.750000	0.000 0.000 0.000
ttt_random_ammo	-557.687012 56.963200 -126.750000	0.000 0.000 0.000
ttt_random_ammo	-546.419983 92.075600 -175.998993	0.000 0.000 0.000
ttt_random_ammo	-546.419983 108.075996 -175.998993	0.000 0.000 0.000
ttt_random_ammo	-559.802002 -83.478500 -175.998993	0.000 0.000 0.000
ttt_random_ammo	-559.802002 -67.478500 -175.998993	0.000 0.000 0.000
ttt_random_ammo	-361.321991 -85.491302 -127.404999	0.000 0.000 0.000
ttt_random_ammo	-361.321991 -69.491302 -127.404999	0.000 0.000 0.000
ttt_random_ammo	-13.433600 -35.051201 -175.998993	0.000 0.000 0.000
ttt_random_ammo	-13.433600 -19.051201 -175.998993	0.000 0.000 0.000
ttt_random_ammo	-28.008101 33.214298 -57.007801	0.000 0.000 0.000
ttt_random_ammo	-28.008101 49.214298 -57.007801	0.000 0.000 0.000
ttt_random_ammo	-46.550701 59.263000 -80.004898	0.000 0.000 0.000
ttt_random_ammo	-46.550701 75.263000 -80.004898	0.000 0.000 0.000
ttt_random_ammo	-7.013670 -248.072006 -175.998993	0.000 0.000 0.000
ttt_random_ammo	-7.013670 -232.072006 -175.998993	0.000 0.000 0.000
ttt_random_ammo	-252.987000 638.401978 101.028999	0.000 0.000 0.000
ttt_random_ammo	-252.987000 622.401978 101.028999	0.000 0.000 0.000
ttt_random_ammo	-165.082001 760.252014 101.371002	0.000 0.000 0.000
ttt_random_ammo	-165.082001 776.252014 101.371002	0.000 0.000 0.000
ttt_random_ammo	-193.751007 870.450012 229.029007	0.000 0.000 0.000
ttt_random_ammo	-193.751007 886.450012 229.029007	0.000 0.000 0.000
ttt_random_ammo	-359.580994 844.197998 192.001007	0.000 0.000 0.000
ttt_random_ammo	-359.580994 860.197998 192.001007	0.000 0.000 0.000
ttt_random_ammo	-48.285400 508.816010 64.000900	0.000 0.000 0.000
ttt_random_ammo	-48.285400 524.815979 64.000900	0.000 0.000 0.000
ttt_random_ammo	-50.027699 526.067993 70.630898	0.000 0.000 0.000
ttt_random_ammo	-50.027699 542.067993 70.630898	0.000 0.000 0.000
ttt_random_ammo	39.204800 505.868011 64.000900	0.000 0.000 0.000
ttt_random_ammo	39.204800 521.867981 64.000900	0.000 0.000 0.000
ttt_random_ammo	-624.924011 -950.901001 128.001007	0.000 0.000 0.000
ttt_random_ammo	-624.924011 -934.901001 128.001007	0.000 0.000 0.000
ttt_random_ammo	-642.797974 -739.239014 -127.404999	0.000 0.000 0.000
ttt_random_ammo	-642.797974 -723.239014 -127.404999	0.000 0.000 0.000
ttt_random_ammo	-415.364990 -557.098999 -135.455994	0.000 0.000 0.000
ttt_random_ammo	-415.364990 -541.098999 -135.455994	0.000 0.000 0.000
ttt_random_ammo	-420.458008 -606.989990 -135.455994	0.000 0.000 0.000
ttt_random_ammo	-420.458008 -590.989990 -135.455994	0.000 0.000 0.000
ttt_random_ammo	-427.609985 -563.513977 -135.455994	0.000 0.000 0.000
ttt_random_ammo	-427.609985 -547.513977 -135.455994	0.000 0.000 0.000
ttt_random_ammo	-326.562012 -504.000000 -136.000000	0.000 270.000 0.000
ttt_random_ammo	-327.187988 -551.719971 -137.748993	0.000 270.000 0.000
ttt_random_ammo	-328.197998 -600.291016 -137.748993	0.000 270.000 0.000
ttt_random_ammo	-327.256012 -649.523010 -137.748993	0.000 270.000 0.000
ttt_random_ammo	-326.845001 -698.708008 -137.748993	0.000 270.000 0.000
ttt_random_ammo	-327.880005 -502.480011 6.250950	0.000 270.000 0.000
ttt_random_ammo	-326.303009 -552.750977 6.250950	0.000 270.000 0.000
ttt_random_ammo	-327.122009 -599.916992 6.250930	0.000 270.000 0.000
ttt_random_ammo	-328.720001 -647.018005 6.250950	0.000 270.000 0.000
ttt_random_ammo	-327.487000 -695.679993 6.250950	0.000 270.000 0.000
ttt_random_ammo	-462.000000 -752.000000 -138.561005	0.000 270.000 0.000
ttt_random_ammo	-470.000000 -752.000000 -138.561005	0.000 270.000 0.000
ttt_random_ammo	-478.000000 -752.000000 -138.561005	0.000 270.000 0.000
ttt_random_ammo	-492.000000 -752.000000 -138.561005	0.000 270.000 0.000
ttt_random_ammo	-492.000000 -752.000000 -118.000000	0.000 270.000 0.000
ttt_random_ammo	-462.000000 -752.000000 -118.000000	0.000 270.000 0.000
ttt_random_ammo	-478.000000 -752.000000 -118.000000	0.000 270.000 0.000
ttt_random_ammo	-470.000000 -752.000000 -146.000000	0.000 270.000 0.000
ttt_random_ammo	-354.191010 376.157013 259.454987	0.000 0.000 0.000
ttt_random_ammo	-354.191010 392.157013 259.454987	0.000 0.000 0.000
ttt_random_ammo	-352.863007 396.105011 255.279007	0.000 0.000 0.000
ttt_random_ammo	-352.863007 412.105011 255.279007	0.000 0.000 0.000
ttt_random_ammo	-203.194000 -9.606140 448.001007	0.000 0.000 0.000
ttt_random_ammo	-203.194000 6.393860 448.001007	0.000 0.000 0.000
ttt_random_ammo	182.356995 -3.460500 448.001007	0.000 0.000 0.000
ttt_random_ammo	182.356995 12.539500 448.001007	0.000 0.000 0.000
ttt_random_ammo	235.586929 -369.188660 448.376190	0.132 0.000 0.099
ttt_random_ammo	336.798706 -347.379150 448.339966	0.046 0.000 -0.023
ttt_random_ammo	276.068054 -375.278534 448.430023	1.330 0.032 1.604
ttt_random_ammo	293.982910 -389.695740 448.392334	0.598 0.005 0.674
weapon_zm_rifle	-343.541290 -9.652358 191.106277	3.675 13.460 65.223
weapon_zm_rifle	-343.321716 -35.552124 191.130432	3.630 12.525 65.474
weapon_ttt_tmp	-208.766876 343.800476 193.285202	0.139 -23.289 -88.984
weapon_ttt_tmp	-256.976959 394.123047 193.238449	0.154 -23.281 -88.566
weapon_ttt_confgrenade	-1265.152344 650.580322 194.101944	-35.957 -55.782 -90.181
weapon_ttt_confgrenade	-1268.392212 630.505005 193.391479	8.074 -34.050 -73.719
weapon_ttt_confgrenade	-1272.736206 610.664734 194.081970	-35.665 -56.037 -89.722
weapon_ttt_confgrenade	-1245.187378 626.315369 194.142105	-36.544 -55.220 -91.123
weapon_ttt_confgrenade	-1243.766479 621.596130 194.217957	-37.613 -58.969 -92.960
weapon_ttt_confgrenade	-1244.546143 595.713379 194.221405	-37.703 -54.003 -93.058
weapon_ttt_confgrenade	-1243.511475 586.451233 194.111084	-36.999 -72.318 -90.634
weapon_ttt_confgrenade	-1241.785156 580.147095 194.585373	43.580 -40.536 -96.848
weapon_ttt_confgrenade	-1271.526855 574.475403 194.175903	-37.038 -54.719 -91.935
weapon_ttt_confgrenade	-1271.991821 603.114441 194.052750	-35.237 -56.404 -89.061
weapon_zm_shotgun	-1085.779053 125.838219 192.114868	-0.453 -8.881 -84.306
weapon_zm_shotgun	-1012.748108 181.659576 192.073242	-0.428 -8.894 -83.915
weapon_zm_shotgun	-903.970764 169.243759 192.122650	-0.457 -8.878 -84.379
weapon_zm_revolver	-849.316406 653.006653 192.842880	3.297 -16.510 -83.560
weapon_zm_revolver	-879.445740 649.405334 192.832809	3.378 -16.484 -83.421
weapon_zm_revolver	-901.202393 649.493042 192.848572	3.252 -16.530 -83.638
weapon_zm_revolver	-919.995239 651.381470 192.836929	3.345 -16.487 -83.478
