# Trouble in Terrorist Town weapon/ammo placement overrides
# For map: ttt_gamerpark_final
# Exported by: Ahbiga
setting:	replacespawns 1
ttt_random_weapon	926.000000 -1009.000000 -42.807201	0.000 30.000 0.000
ttt_random_weapon	233.000000 -295.000000 -41.000000	0.000 0.000 0.000
ttt_random_weapon	254.000000 -297.000000 -41.000000	0.000 0.000 0.000
ttt_random_weapon	260.000000 -492.000000 -41.000000	0.000 0.000 0.000
ttt_random_weapon	239.000000 -490.000000 -41.000000	0.000 0.000 0.000
ttt_random_weapon	384.000000 -643.000000 -41.000000	0.000 0.000 0.000
ttt_random_weapon	363.000000 -641.000000 -41.000000	0.000 0.000 0.000
ttt_random_weapon	389.000000 -780.000000 -41.000000	0.000 0.000 0.000
ttt_random_weapon	368.000000 -778.000000 -41.000000	0.000 0.000 0.000
ttt_random_weapon	749.000000 -647.000000 -41.000000	0.000 0.000 0.000
ttt_random_weapon	728.000000 -645.000000 -41.000000	0.000 0.000 0.000
ttt_random_weapon	741.000000 -785.000000 -41.000000	0.000 0.000 0.000
ttt_random_weapon	720.000000 -783.000000 -41.000000	0.000 0.000 0.000
ttt_random_weapon	865.000000 -497.000000 -41.000000	0.000 0.000 0.000
ttt_random_weapon	844.000000 -495.000000 -41.000000	0.000 0.000 0.000
ttt_random_weapon	857.000000 -286.000000 -41.000000	0.000 0.000 0.000
ttt_random_weapon	836.000000 -284.000000 -41.000000	0.000 0.000 0.000
ttt_random_weapon	761.000000 -119.000000 -41.000000	0.000 0.000 0.000
ttt_random_weapon	740.000000 -117.000000 -41.000000	0.000 0.000 0.000
ttt_random_weapon	375.000000 -122.000000 -41.000000	0.000 0.000 0.000
ttt_random_weapon	354.000000 -120.000000 -41.000000	0.000 0.000 0.000
ttt_random_weapon	379.000000 16.000000 -41.000000	0.000 0.000 0.000
ttt_random_weapon	358.000000 18.000000 -41.000000	0.000 0.000 0.000
ttt_random_weapon	662.000000 13.000000 -41.000000	0.000 0.000 0.000
ttt_random_weapon	641.000000 15.000000 -41.000000	0.000 0.000 0.000
ttt_random_weapon	1434.439941 -33.000000 -30.000000	0.000 0.000 0.000
ttt_random_weapon	1455.439941 -35.000000 -30.000000	0.000 0.000 0.000
ttt_random_weapon	1412.000000 339.000000 -30.000000	0.000 0.000 0.000
ttt_random_weapon	1433.000000 337.000000 -30.000000	0.000 0.000 0.000
ttt_random_weapon	1334.000000 711.000000 -30.000000	0.000 0.000 0.000
ttt_random_weapon	1355.000000 709.000000 -30.000000	0.000 0.000 0.000
ttt_random_weapon	1904.000000 650.000000 -30.000000	0.000 0.000 0.000
ttt_random_weapon	1925.000000 648.000000 -30.000000	0.000 0.000 0.000
ttt_random_weapon	1907.000000 314.000000 -30.000000	0.000 0.000 0.000
ttt_random_weapon	1928.000000 312.000000 -30.000000	0.000 0.000 0.000
ttt_random_weapon	1899.000000 -78.000000 -30.000000	0.000 0.000 0.000
ttt_random_weapon	1920.000000 -80.000000 -30.000000	0.000 0.000 0.000
ttt_random_weapon	1880.000000 -500.000000 -30.000000	0.000 0.000 0.000
ttt_random_weapon	1901.000000 -502.000000 -30.000000	0.000 0.000 0.000
ttt_random_weapon	1860.439941 -822.000000 -30.000000	0.000 0.000 0.000
ttt_random_weapon	1881.439941 -824.000000 -30.000000	0.000 0.000 0.000
ttt_random_weapon	306.436005 -916.000000 -30.000000	0.000 0.000 0.000
ttt_random_weapon	327.436005 -918.000000 -30.000000	0.000 0.000 0.000
ttt_random_weapon	939.000000 -927.000000 -30.000000	0.000 0.000 0.000
ttt_random_weapon	960.000000 -929.000000 -30.000000	0.000 0.000 0.000
ttt_random_weapon	-688.000000 -589.000000 -30.000000	0.000 0.000 0.000
ttt_random_weapon	-667.000000 -591.000000 -30.000000	0.000 0.000 0.000
ttt_random_weapon	-427.000000 -589.000000 -30.000000	0.000 0.000 0.000
ttt_random_weapon	-448.000000 -587.000000 -30.000000	0.000 0.000 0.000
ttt_random_weapon	-639.000000 -97.000000 -30.000000	0.000 0.000 0.000
ttt_random_weapon	-660.000000 -95.000000 -30.000000	0.000 0.000 0.000
ttt_random_weapon	-1380.000000 665.000000 -30.000000	0.000 0.000 0.000
ttt_random_weapon	-1401.000000 667.000000 -30.000000	0.000 0.000 0.000
ttt_random_weapon	464.282013 -2852.000000 -113.000000	0.000 0.000 0.000
ttt_random_weapon	466.282013 -2831.000000 -113.000000	0.000 0.000 0.000
ttt_random_weapon	657.000000 -2851.000000 -113.000000	0.000 0.000 0.000
ttt_random_weapon	659.000000 -2830.000000 -113.000000	0.000 0.000 0.000
ttt_random_weapon	-129.686996 -2151.610107 -43.627102	0.000 0.000 0.000
ttt_random_weapon	-123.917999 -1879.069946 -43.627102	0.000 0.000 0.000
ttt_random_weapon	-129.709000 -1548.689941 -43.627102	0.000 0.000 0.000
ttt_random_weapon	-99.492599 -1211.410034 -43.627102	0.000 0.000 0.000
ttt_random_weapon	1219.500000 -1196.750000 -43.627102	0.000 0.000 0.000
ttt_random_weapon	1259.930054 -1954.469971 -43.627102	0.000 0.000 0.000
ttt_random_weapon	1254.150024 -1585.729980 -43.627102	0.000 0.000 0.000
ttt_random_weapon	1261.479980 -1770.839966 -43.627102	0.000 0.000 0.000
ttt_random_weapon	494.164001 -2215.570068 -131.626999	0.000 0.000 0.000
ttt_random_weapon	628.375000 -2217.149902 -131.626999	0.000 0.000 0.000
ttt_random_weapon	314.494995 -1133.319946 -42.674999	0.000 0.000 0.000
ttt_random_weapon	-1354.420044 1440.439941 -43.959999	0.000 0.000 0.000
ttt_random_weapon	-1171.959961 1451.569946 -43.959999	0.000 0.000 0.000
ttt_random_weapon	1604.560059 1855.369995 -96.627098	0.000 0.000 0.000
ttt_random_weapon	2198.469971 821.866028 -112.626999	0.000 0.000 0.000
ttt_random_weapon	2366.050049 820.241028 -112.626999	0.000 0.000 0.000
ttt_random_weapon	2066.600098 317.806000 -31.627100	0.000 0.000 0.000
ttt_random_weapon	2114.889893 300.524994 -31.627100	0.000 0.000 0.000
ttt_random_weapon	1667.859985 -1114.989990 -56.627102	0.000 0.000 0.000
ttt_random_weapon	623.809875 -2185.795166 -140.800583	1.882 4.926 -92.582
ttt_random_weapon	491.913971 -2183.359619 -140.788406	1.745 4.927 -92.896
ttt_random_weapon	336.648224 -2183.570313 -140.776535	1.611 4.920 -93.203
ttt_random_weapon	336.740143 -2211.070068 -140.795029	1.819 4.928 -92.725
ttt_random_weapon	465.889526 -2165.567627 -123.393951	1.778 4.876 -92.567
ttt_random_weapon	505.260925 -2165.863525 -123.360916	1.626 4.785 -93.168
ttt_random_weapon	591.619995 -2165.883545 -123.363602	1.656 5.391 -93.099
ttt_random_weapon	631.774963 -2165.788086 -123.417595	2.191 2.701 -92.165
ttt_random_weapon	494.870636 -3184.477783 -124.778656	1.634 4.988 -93.148
ttt_random_weapon	497.087616 -3162.881348 -124.764870	1.478 4.973 -93.506
ttt_random_weapon	625.944702 -3194.074707 -124.790642	1.777 4.955 -92.826
ttt_random_weapon	625.910583 -3170.481934 -124.783974	1.695 4.985 -93.011
ttt_random_weapon	-127.037086 -1893.091431 -52.810303	1.991 4.921 -92.331
ttt_random_weapon	-129.748093 -2175.848633 -52.810303	1.991 4.921 -92.331
ttt_random_weapon	-135.145569 -1565.428955 -52.776920	1.615 4.920 -93.193
ttt_random_weapon	-98.291328 -1231.166260 -52.784744	1.703 4.926 -92.991
ttt_random_weapon	1255.608887 -1609.646729 -52.793743	1.805 4.928 -92.758
ttt_random_weapon	1254.479370 -1750.744385 -52.798424	1.857 4.928 -92.638
ttt_random_weapon	1252.772949 -1937.286621 -52.787323	1.732 4.927 -92.924
ttt_random_weapon	320.863312 -1110.715088 -51.817112	1.583 5.721 -93.326
ttt_random_weapon	845.304504 -951.045532 -51.811951	1.972 5.707 -92.526
ttt_random_weapon	-1436.102905 260.375122 260.221802	1.629 4.694 -93.160
ttt_random_weapon	-1434.742676 244.103485 260.210297	1.759 4.707 -92.863
ttt_random_weapon	-1249.687378 461.280121 254.903641	1.461 4.670 -93.544
ttt_random_weapon	-1247.191528 428.368195 254.883591	1.688 4.700 -93.025
ttt_random_weapon	-1251.402954 393.240234 254.903473	1.463 4.670 -93.540
ttt_random_weapon	-1500.314941 487.258972 254.870468	1.836 4.714 -92.686
ttt_random_weapon	-1499.079712 511.151459 254.876740	1.766 4.708 -92.848
ttt_random_weapon	-1503.892090 533.338135 254.865463	1.893 4.717 -92.557
ttt_random_weapon	-1483.450317 1318.503296 175.153915	1.764 4.928 -92.852
ttt_random_weapon	-1431.144409 1314.110229 175.173904	1.538 4.914 -93.369
ttt_random_weapon	-1062.464355 1196.764648 -49.791470	1.779 4.709 -92.817
ttt_random_weapon	-1013.417175 1201.892212 -49.765045	1.480 4.672 -93.501
ttt_random_weapon	-946.527161 1198.908936 -49.793308	1.800 4.711 -92.770
ttt_random_weapon	72.589561 1380.637573 -53.802853	1.907 4.928 -92.523
ttt_random_weapon	70.855026 1410.064453 -53.774750	1.590 4.919 -93.249
ttt_random_weapon	586.146240 430.189056 -50.769901	1.535 4.785 -93.375
ttt_random_weapon	585.873413 382.078613 -50.774940	1.592 3.494 -93.245
ttt_random_weapon	585.769775 399.702667 -50.767662	1.510 5.485 -93.433
ttt_random_weapon	1060.247070 1006.330750 -48.331821	-4.329 0.411 -10.213
ttt_random_weapon	1109.903687 1006.060303 -48.310787	-4.033 2.644 -12.010
ttt_random_weapon	1162.823853 1006.322205 -48.336254	-4.323 1.015 -10.433
ttt_random_weapon	1330.749512 778.337463 -41.787319	1.732 4.260 -92.924
ttt_random_weapon	1376.156982 784.318726 -41.799141	1.866 4.669 -92.619
ttt_random_weapon	1448.895264 -4.098260 -41.768608	2.012 4.161 -90.304
ttt_random_weapon	1478.890991 -5.575013 -41.221088	4.814 5.459 -93.417
ttt_random_weapon	1924.403320 -118.241325 -41.768600	1.698 5.717 -93.090
ttt_random_weapon	1891.419434 -120.149078 -41.818150	2.224 5.692 -92.008
ttt_random_weapon	2079.621826 285.889160 -40.806038	1.943 4.925 -92.441
ttt_random_weapon	2103.753662 272.584015 -40.773411	1.575 4.917 -93.284
ttt_random_weapon	1912.907349 -537.140503 -41.787498	1.899 5.713 -92.676
ttt_random_weapon	1866.824707 -522.730896 -41.794353	1.972 5.707 -92.526
ttt_random_weapon	1089.246704 -325.519257 -49.774178	1.584 4.687 -93.264
ttt_random_weapon	1147.270142 -316.664185 -49.805477	1.937 4.719 -92.456
ttt_random_weapon	1437.340210 -830.587952 -42.130287	1.964 4.236 -92.302
ttt_random_weapon	1440.332275 -791.478210 -42.096500	0.879 3.467 -93.467
ttt_random_weapon	1441.536499 -765.577942 -42.241184	2.525 2.578 -93.520
ttt_random_weapon	1679.516479 -1077.435669 -65.832016	2.184 5.689 -92.089
ttt_random_weapon	-663.459167 -121.873100 -45.802731	1.874 5.711 -92.728
ttt_random_weapon	-634.970581 -128.951538 -45.799026	1.834 5.712 -92.809
ttt_random_weapon	-1351.681152 1403.112061 -53.135323	1.901 4.718 -92.537
ttt_random_weapon	-1193.226196 1406.297241 -53.123287	1.766 4.708 -92.848
ttt_random_weapon	-1399.928711 701.836609 -53.100883	1.513 4.677 -93.427
ttt_random_weapon	-1359.204834 710.352173 -53.109287	1.608 4.691 -93.210
ttt_random_weapon	-1439.983398 709.245056 -53.118908	1.716 4.703 -92.961
ttt_random_weapon	318.657379 1812.465698 -876.300171	-1.477 -4.623 84.098
ttt_random_weapon	590.032837 -1465.879272 -52.791283	1.777 4.928 -92.822
ttt_random_weapon	614.988159 -1475.288940 -52.795689	1.827 4.929 -92.708
ttt_random_weapon	587.432739 -1489.417969 -52.807705	1.962 4.927 -92.398
item_ammo_pistol_ttt	391.850372 -1760.770630 -109.520508	0.386 0.139 -0.000
item_ammo_pistol_ttt	374.689606 -1755.697876 -109.566048	-0.955 -0.543 0.186
item_ammo_pistol_ttt	388.956299 -1731.242188 -109.652168	0.030 0.030 0.004
item_ammo_pistol_ttt	735.912292 -1906.495728 -109.598770	-0.085 -0.020 -0.026
item_ammo_pistol_ttt	716.697693 -1903.163208 -109.579002	-0.068 -0.020 -0.021
item_ammo_pistol_ttt	722.167480 -1872.977295 -109.666725	-0.145 -0.018 -0.044
item_ammo_pistol_ttt	1921.241333 427.695648 -42.566250	-0.072 -0.020 -0.022
item_ammo_pistol_ttt	1905.400391 439.616241 -42.611652	-0.112 -0.019 -0.034
item_ammo_pistol_ttt	1902.801880 398.318237 -42.529491	-0.040 -0.020 -0.012
item_ammo_pistol_ttt	1887.013184 410.226654 -42.623795	-0.123 -0.019 -0.037
weapon_ttt_confgrenade	533.263123 -2154.133545 -121.058525	1.642 -0.241 -1.412
weapon_ttt_confgrenade	522.603027 -2148.919189 -120.997040	0.832 -0.207 -0.715
weapon_ttt_confgrenade	653.341431 -2154.817383 -121.033119	1.309 -0.224 -1.126
weapon_ttt_confgrenade	642.449585 -2144.352295 -121.019188	1.125 -0.216 -0.968
weapon_ttt_confgrenade	553.510925 -2780.789307 -86.506096	1.856 0.201 -0.470
weapon_ttt_confgrenade	537.043152 -2780.150146 -86.490471	1.669 0.134 -0.423
weapon_ttt_confgrenade	562.237671 -2769.237793 -86.467308	1.393 0.140 -0.353
weapon_ttt_confgrenade	-768.419128 -561.341125 -50.489639	2.025 0.259 -0.845
weapon_ttt_confgrenade	-780.941833 -559.809998 -50.447285	1.409 0.226 -0.587
weapon_ttt_confgrenade	-781.203796 -542.021790 -50.505310	2.250 0.180 -0.938
weapon_ttt_confgrenade	-768.958191 -539.669128 -50.507660	2.286 0.183 -0.953
weapon_ttt_confgrenade	79.706825 1532.078247 -51.484268	1.595 0.147 -0.404
weapon_ttt_confgrenade	88.303940 1522.299438 -51.454433	0.294 -0.898 -1.017
weapon_ttt_confgrenade	1352.909302 396.232391 -39.512531	2.356 0.247 -0.983
weapon_ttt_confgrenade	1357.889648 424.143402 -39.469151	0.352 -0.876 -1.175
weapon_ttt_confgrenade	1385.781860 414.131042 -39.416821	0.195 -0.914 -0.652
weapon_ttt_confgrenade	1386.252319 396.924194 -39.406044	0.805 -0.222 0.336
weapon_ttt_confgrenade	-329.588196 -38.106663 4.067541	-0.069 0.057 -0.184
weapon_ttt_confgrenade	-346.925323 -24.685671 4.035854	-0.111 0.023 -0.249
weapon_ttt_confgrenade	-346.553680 -10.822421 3.999046	-0.146 0.023 -0.332
weapon_ttt_ak47	603.319763 -1137.047485 -52.069412	0.162 8.333 -88.656
weapon_ttt_ak47	197.533066 -940.478638 -52.156387	0.142 11.848 -87.489
weapon_ttt_ak47	447.828613 554.603760 -51.079582	0.092 11.255 -87.863
weapon_ttt_ak47	449.213531 513.046753 -51.091953	0.109 11.254 -87.726
weapon_ttt_smokegrenade	65.053902 1529.916504 -50.351357	1.955 -18.923 -0.668
weapon_ttt_smokegrenade	73.515442 1517.547363 -50.476570	0.557 0.007 -0.258
ttt_playerspawn	592.640015 -2055.606445 -137.371323	-0.069 0.132 0.069
ttt_playerspawn	659.350037 -1958.933960 -138.512344	-0.058 -0.396 0.058
ttt_playerspawn	692.788574 -2059.540283 -138.536484	-0.081 0.129 0.081
ttt_playerspawn	793.676086 -2112.156738 -137.667557	-0.082 0.865 0.082
ttt_playerspawn	844.721375 -2044.411011 -134.653366	-0.073 -0.000 0.073
ttt_playerspawn	846.230164 -1967.440308 -136.023422	-0.060 -0.000 0.060
ttt_playerspawn	408.839691 -2007.016846 -137.443344	-0.049 -0.264 0.049
ttt_playerspawn	491.347076 -2055.708740 -136.608139	-0.026 -0.000 0.026
ttt_playerspawn	654.590637 -2623.662354 -122.793869	-0.060 -0.395 0.060
ttt_playerspawn	568.547119 -2625.420654 -122.471527	-0.058 0.132 0.058
ttt_playerspawn	462.069641 -2614.960693 -120.099640	-0.033 0.372 0.033
ttt_playerspawn	624.400757 -584.623291 -50.690636	-0.033 -0.000 0.033
ttt_playerspawn	713.016602 -491.308014 -50.857960	-0.047 0.132 0.047
ttt_playerspawn	726.355408 -388.146362 -50.532425	-0.012 0.660 0.012
ttt_playerspawn	710.947083 -255.420959 -51.551022	-0.076 -0.000 0.076
ttt_playerspawn	523.222473 -161.217194 -49.303822	-0.005 -0.395 0.005
ttt_playerspawn	329.678497 -239.530228 -49.042660	-0.064 -0.000 0.064
ttt_playerspawn	307.847473 -417.814178 -48.573414	-0.004 0.132 0.004
ttt_playerspawn	374.274841 -533.277344 -49.852222	-0.042 0.132 0.042
ttt_playerspawn	498.487091 -588.604858 -49.011669	-0.011 0.858 0.011
ttt_playerspawn	157.152283 -396.575439 -49.033733	-0.015 0.132 0.015
ttt_playerspawn	882.869202 -371.006348 -48.514294	-0.011 0.000 0.011
ttt_playerspawn	1308.719971 -252.760056 -37.489185	0.181 0.274 -0.073
ttt_playerspawn	1460.369263 -217.487137 -36.364590	0.309 1.015 0.055
ttt_playerspawn	1405.351563 -75.943260 -36.243793	0.124 -0.001 0.006
ttt_playerspawn	1265.167847 -628.253113 -35.441376	0.253 0.284 0.002
ttt_playerspawn	1400.569458 -547.055298 -38.409683	0.287 0.574 -0.006
ttt_playerspawn	1464.773560 -566.326477 -37.791702	-0.212 -0.265 -0.229
ttt_playerspawn	634.036194 960.465820 -53.356796	0.001 0.304 0.062
ttt_playerspawn	550.010376 891.901794 -53.719208	-0.079 -0.323 -0.047
ttt_playerspawn	-599.662048 -371.249786 -43.273533	-0.053 -0.264 0.053
ttt_playerspawn	-485.937836 -313.889221 -46.445869	-0.037 0.131 0.036
ttt_playerspawn	-439.351471 -394.937256 -47.351727	-0.083 -0.000 0.082
ttt_playerspawn	531.736572 524.334534 -45.753117	-0.053 0.263 0.053
ttt_playerspawn	473.150574 260.769562 -47.584579	0.086 0.132 0.086
weapon_zm_molotov	550.026123 -2947.501221 -85.429680	3.235 -0.144 -3.346
weapon_zm_molotov	542.973755 -2956.108154 -85.496002	0.274 0.003 0.095
weapon_zm_molotov	531.688293 -2937.635986 -85.468292	0.998 0.012 -0.759
weapon_zm_molotov	-812.111084 63.264660 -49.425167	3.068 -0.128 -3.184
weapon_zm_molotov	-785.267212 69.942055 -46.466812	1.182 0.012 -0.992
weapon_zm_molotov	-786.149292 43.016453 -46.468506	0.985 0.012 -0.772
weapon_zm_molotov	-809.787537 34.472740 -49.390694	2.105 -0.121 -2.178
weapon_zm_molotov	82.922226 1516.426514 -50.463917	1.669 0.008 -1.507
weapon_zm_molotov	71.736046 1508.291992 -50.400021	2.383 -0.129 -2.454
item_ammo_smg1_ttt	611.177979 -1115.707031 -52.584953	-0.090 -0.084 -0.059
item_ammo_smg1_ttt	589.818359 -1114.158203 -52.517151	-0.789 0.003 -0.634
item_ammo_smg1_ttt	153.070801 -958.676697 -52.628197	0.302 -0.005 0.191
item_ammo_smg1_ttt	154.149841 -933.931580 -52.647453	0.122 -0.005 0.070
item_ammo_smg1_ttt	224.646927 -576.361694 -52.560837	0.215 0.001 0.022
item_ammo_smg1_ttt	205.026260 -577.436707 -52.525864	-0.267 0.013 -0.224
item_ammo_smg1_ttt	182.866608 -577.480042 -52.617283	0.535 -0.004 0.347
item_ammo_smg1_ttt	441.201843 467.521423 -51.600716	0.152 -0.005 0.090
item_ammo_smg1_ttt	465.716248 470.434662 -51.593445	0.212 -0.005 0.130
item_ammo_smg1_ttt	429.582275 598.515198 -51.584248	0.333 -0.005 0.212
item_ammo_smg1_ttt	460.928436 596.714844 -51.600716	0.153 -0.005 0.091
weapon_ttt_glock	418.937195 -1746.054077 -108.888107	-0.771 25.828 91.471
weapon_ttt_glock	441.336884 -1760.633179 -108.891197	-0.580 25.859 91.087
weapon_ttt_glock	739.620178 -1925.925415 -108.885994	-0.898 25.793 91.729
weapon_ttt_glock	721.161865 -1923.524780 -108.889191	-0.704 25.846 91.336
weapon_ttt_glock	1939.814453 406.096344 -41.871586	-0.879 25.103 91.396
weapon_ttt_glock	1922.047974 380.459229 -41.869457	-1.057 25.038 91.678
ttt_random_ammo	833.481995 -921.234009 -52.179501	0.000 0.000 0.000
ttt_random_ammo	208.436005 -294.000000 -41.000000	0.000 0.000 0.000
ttt_random_ammo	189.000000 -295.000000 -41.000000	0.000 0.000 0.000
ttt_random_ammo	167.000000 -294.000000 -41.000000	0.000 0.000 0.000
ttt_random_ammo	181.563995 -490.000000 -41.000000	0.000 0.000 0.000
ttt_random_ammo	223.000000 -490.000000 -41.000000	0.000 0.000 0.000
ttt_random_ammo	203.563995 -491.000000 -41.000000	0.000 0.000 0.000
ttt_random_ammo	786.564026 -494.000000 -41.000000	0.000 0.000 0.000
ttt_random_ammo	828.000000 -494.000000 -41.000000	0.000 0.000 0.000
ttt_random_ammo	808.564026 -495.000000 -41.000000	0.000 0.000 0.000
ttt_random_ammo	783.564026 -284.000000 -41.000000	0.000 0.000 0.000
ttt_random_ammo	825.000000 -284.000000 -41.000000	0.000 0.000 0.000
ttt_random_ammo	805.564026 -285.000000 -41.000000	0.000 0.000 0.000
ttt_random_ammo	309.563995 -778.000000 -41.000000	0.000 0.000 0.000
ttt_random_ammo	351.000000 -778.000000 -41.000000	0.000 0.000 0.000
ttt_random_ammo	331.563995 -779.000000 -41.000000	0.000 0.000 0.000
ttt_random_ammo	659.564026 -783.000000 -41.000000	0.000 0.000 0.000
ttt_random_ammo	701.000000 -783.000000 -41.000000	0.000 0.000 0.000
ttt_random_ammo	681.564026 -784.000000 -41.000000	0.000 0.000 0.000
ttt_random_ammo	665.564026 -643.000000 -41.000000	0.000 0.000 0.000
ttt_random_ammo	707.000000 -643.000000 -41.000000	0.000 0.000 0.000
ttt_random_ammo	687.564026 -644.000000 -41.000000	0.000 0.000 0.000
ttt_random_ammo	305.563995 -641.000000 -41.000000	0.000 0.000 0.000
ttt_random_ammo	347.000000 -641.000000 -41.000000	0.000 0.000 0.000
ttt_random_ammo	327.563995 -642.000000 -41.000000	0.000 0.000 0.000
ttt_random_ammo	299.563995 20.000000 -41.000000	0.000 0.000 0.000
ttt_random_ammo	341.000000 20.000000 -41.000000	0.000 0.000 0.000
ttt_random_ammo	321.563995 19.000000 -41.000000	0.000 0.000 0.000
ttt_random_ammo	294.563995 -118.000000 -41.000000	0.000 0.000 0.000
ttt_random_ammo	336.000000 -118.000000 -41.000000	0.000 0.000 0.000
ttt_random_ammo	316.563995 -119.000000 -41.000000	0.000 0.000 0.000
ttt_random_ammo	680.564026 -116.000000 -41.000000	0.000 0.000 0.000
ttt_random_ammo	722.000000 -116.000000 -41.000000	0.000 0.000 0.000
ttt_random_ammo	702.564026 -117.000000 -41.000000	0.000 0.000 0.000
ttt_random_ammo	681.000000 14.000000 -41.000000	0.000 0.000 0.000
ttt_random_ammo	722.435974 14.000000 -41.000000	0.000 0.000 0.000
ttt_random_ammo	703.000000 13.000000 -41.000000	0.000 0.000 0.000
ttt_random_ammo	1413.439941 -31.000000 -30.000000	0.000 0.000 0.000
ttt_random_ammo	1394.000000 -32.000000 -30.000000	0.000 0.000 0.000
ttt_random_ammo	1372.000000 -31.000000 -30.000000	0.000 0.000 0.000
ttt_random_ammo	1391.000000 341.000000 -30.000000	0.000 0.000 0.000
ttt_random_ammo	1371.560059 340.000000 -30.000000	0.000 0.000 0.000
ttt_random_ammo	1349.560059 341.000000 -30.000000	0.000 0.000 0.000
ttt_random_ammo	1380.000000 733.000000 -30.000000	0.000 0.000 0.000
ttt_random_ammo	1360.560059 732.000000 -30.000000	0.000 0.000 0.000
ttt_random_ammo	1338.560059 733.000000 -30.000000	0.000 0.000 0.000
ttt_random_ammo	1883.000000 652.000000 -30.000000	0.000 0.000 0.000
ttt_random_ammo	1863.560059 651.000000 -30.000000	0.000 0.000 0.000
ttt_random_ammo	1841.560059 652.000000 -30.000000	0.000 0.000 0.000
ttt_random_ammo	1886.000000 316.000000 -30.000000	0.000 0.000 0.000
ttt_random_ammo	1866.560059 315.000000 -30.000000	0.000 0.000 0.000
ttt_random_ammo	1844.560059 316.000000 -30.000000	0.000 0.000 0.000
ttt_random_ammo	1878.000000 -76.000000 -30.000000	0.000 0.000 0.000
ttt_random_ammo	1858.560059 -77.000000 -30.000000	0.000 0.000 0.000
ttt_random_ammo	1836.560059 -76.000000 -30.000000	0.000 0.000 0.000
ttt_random_ammo	1859.000000 -498.000000 -30.000000	0.000 0.000 0.000
ttt_random_ammo	1839.560059 -499.000000 -30.000000	0.000 0.000 0.000
ttt_random_ammo	1817.560059 -498.000000 -30.000000	0.000 0.000 0.000
ttt_random_ammo	1839.439941 -820.000000 -30.000000	0.000 0.000 0.000
ttt_random_ammo	1820.000000 -821.000000 -30.000000	0.000 0.000 0.000
ttt_random_ammo	1798.000000 -820.000000 -30.000000	0.000 0.000 0.000
ttt_random_ammo	285.436005 -914.000000 -30.000000	0.000 0.000 0.000
ttt_random_ammo	266.000000 -915.000000 -30.000000	0.000 0.000 0.000
ttt_random_ammo	244.000000 -914.000000 -30.000000	0.000 0.000 0.000
ttt_random_ammo	918.000000 -925.000000 -30.000000	0.000 0.000 0.000
ttt_random_ammo	898.564026 -926.000000 -30.000000	0.000 0.000 0.000
ttt_random_ammo	876.564026 -925.000000 -30.000000	0.000 0.000 0.000
ttt_random_ammo	-709.000000 -587.000000 -30.000000	0.000 0.000 0.000
ttt_random_ammo	-728.435974 -588.000000 -30.000000	0.000 0.000 0.000
ttt_random_ammo	-750.435974 -587.000000 -30.000000	0.000 0.000 0.000
ttt_random_ammo	-469.000000 -585.000000 -30.000000	0.000 0.000 0.000
ttt_random_ammo	-488.436005 -586.000000 -30.000000	0.000 0.000 0.000
ttt_random_ammo	-510.436005 -585.000000 -30.000000	0.000 0.000 0.000
ttt_random_ammo	-681.000000 -93.000000 -30.000000	0.000 0.000 0.000
ttt_random_ammo	-700.435974 -94.000000 -30.000000	0.000 0.000 0.000
ttt_random_ammo	-722.435974 -93.000000 -30.000000	0.000 0.000 0.000
ttt_random_ammo	-1422.000000 669.000000 -30.000000	0.000 0.000 0.000
ttt_random_ammo	-1441.439941 668.000000 -30.000000	0.000 0.000 0.000
ttt_random_ammo	-1463.439941 669.000000 -30.000000	0.000 0.000 0.000
ttt_random_ammo	462.282013 -2873.000000 -113.000000	0.000 0.000 0.000
ttt_random_ammo	463.282013 -2892.439941 -113.000000	0.000 0.000 0.000
ttt_random_ammo	462.282013 -2914.439941 -113.000000	0.000 0.000 0.000
ttt_random_ammo	655.000000 -2872.000000 -113.000000	0.000 0.000 0.000
ttt_random_ammo	656.000000 -2891.439941 -113.000000	0.000 0.000 0.000
ttt_random_ammo	655.000000 -2913.439941 -113.000000	0.000 0.000 0.000
ttt_random_ammo	-127.497002 -2127.290039 -52.999401	0.000 0.000 0.000
ttt_random_ammo	-128.552002 -2105.370117 -52.999401	0.000 0.000 0.000
ttt_random_ammo	-130.485001 -1814.630005 -52.999401	0.000 0.000 0.000
ttt_random_ammo	-131.565002 -1841.790039 -52.999401	0.000 0.000 0.000
ttt_random_ammo	-130.738998 -1504.680054 -52.999401	0.000 0.000 0.000
ttt_random_ammo	-129.166000 -1524.020020 -52.999401	0.000 0.000 0.000
ttt_random_ammo	-135.475006 -1214.540039 -52.999401	0.000 0.000 0.000
ttt_random_ammo	-137.656006 -1187.839966 -52.999401	0.000 0.000 0.000
ttt_random_ammo	-99.139000 -1186.829956 -52.999401	0.000 0.000 0.000
ttt_random_ammo	1262.199951 -1181.369995 -52.999401	0.000 0.000 0.000
ttt_random_ammo	1262.319946 -1213.890015 -52.999401	0.000 0.000 0.000
ttt_random_ammo	1257.579956 -1242.939941 -52.999401	0.000 0.000 0.000
ttt_random_ammo	1258.819946 -1997.489990 -52.999401	0.000 0.000 0.000
ttt_random_ammo	1261.160034 -1982.780029 -52.999401	0.000 0.000 0.000
ttt_random_ammo	1256.459961 -1551.119995 -52.999401	0.000 0.000 0.000
ttt_random_ammo	1253.959961 -1570.619995 -52.999401	0.000 0.000 0.000
ttt_random_ammo	1261.219971 -1794.869995 -52.999401	0.000 0.000 0.000
ttt_random_ammo	1258.459961 -1811.819946 -52.999401	0.000 0.000 0.000
ttt_random_ammo	663.669983 -2219.199951 -140.998993	0.000 0.000 0.000
ttt_random_ammo	704.796021 -2217.090088 -140.998993	0.000 0.000 0.000
ttt_random_ammo	459.558014 -2220.209961 -140.998993	0.000 0.000 0.000
ttt_random_ammo	432.303986 -2221.129883 -140.998993	0.000 0.000 0.000
ttt_random_ammo	201.328995 -1137.550049 -52.047298	0.000 0.000 0.000
ttt_random_ammo	237.960999 -1134.260010 -52.047298	0.000 0.000 0.000
ttt_random_ammo	271.902008 -1139.540039 -52.047298	0.000 0.000 0.000
ttt_random_ammo	-1320.510010 1453.339966 -53.332298	0.000 0.000 0.000
ttt_random_ammo	-1296.930054 1448.290039 -53.332298	0.000 0.000 0.000
ttt_random_ammo	-1264.140015 1451.579956 -53.332298	0.000 0.000 0.000
ttt_random_ammo	-1227.260010 1453.540039 -53.332298	0.000 0.000 0.000
ttt_random_ammo	-1211.579956 1455.609985 -53.332298	0.000 0.000 0.000
ttt_random_ammo	1687.479980 1850.550049 -105.999001	0.000 0.000 0.000
ttt_random_ammo	1647.130005 1857.500000 -105.999001	0.000 0.000 0.000
ttt_random_ammo	1723.660034 1851.719971 -105.999001	0.000 0.000 0.000
ttt_random_ammo	2374.340088 842.505981 -121.999001	0.000 0.000 0.000
ttt_random_ammo	2368.909912 874.182983 -121.999001	0.000 0.000 0.000
ttt_random_ammo	2368.360107 901.989990 -121.999001	0.000 0.000 0.000
ttt_random_ammo	2200.000000 832.414001 -121.999001	0.000 0.000 0.000
ttt_random_ammo	2195.040039 859.981995 -121.999001	0.000 0.000 0.000
ttt_random_ammo	2201.520020 884.784973 -121.999001	0.000 0.000 0.000
ttt_random_ammo	2078.979980 342.743988 -40.999401	0.000 0.000 0.000
ttt_random_ammo	2111.560059 364.062012 -40.999401	0.000 0.000 0.000
ttt_random_ammo	2155.459961 343.286987 -40.999401	0.000 0.000 0.000
ttt_random_ammo	1626.819946 -1121.670044 -65.999397	0.000 0.000 0.000
ttt_random_ammo	1577.520020 -1121.020020 -65.999397	0.000 0.000 0.000
ttt_random_ammo	664.130066 -2185.250244 -141.565948	1.301 0.032 1.574
ttt_random_ammo	701.177368 -2178.999023 -141.606537	0.928 -0.011 -1.075
ttt_random_ammo	683.661377 -2201.114502 -141.632721	0.083 -0.000 -0.035
ttt_random_ammo	733.267395 -2175.373291 -141.605774	0.946 0.011 1.097
ttt_random_ammo	721.495117 -2200.480957 -141.557373	1.140 0.029 1.382
ttt_random_ammo	741.291931 -2222.978760 -141.666443	-0.046 -0.000 -0.028
ttt_random_ammo	457.802246 -2178.453613 -141.555817	1.106 0.028 1.340
ttt_random_ammo	442.934448 -2194.785400 -141.682541	0.047 0.000 -0.035
ttt_random_ammo	422.270355 -2172.027832 -141.622177	0.152 0.001 0.123
ttt_random_ammo	406.085663 -2191.386719 -141.664734	0.046 -0.000 0.027
ttt_random_ammo	391.765961 -2224.094238 -141.641556	-0.060 -0.000 0.001
ttt_random_ammo	378.367340 -2184.464355 -141.642487	0.059 -0.000 -0.001
ttt_random_ammo	399.503143 -2156.388672 -141.679886	0.047 0.000 -0.034
ttt_random_ammo	378.286163 -2203.860352 -141.630844	0.091 0.000 0.045
ttt_random_ammo	587.675903 -3204.385498 -125.620659	0.169 -0.001 -0.144
ttt_random_ammo	556.389038 -3206.141602 -125.672104	0.047 -0.000 0.031
ttt_random_ammo	523.698730 -3192.537109 -125.607277	0.845 -0.009 -0.974
ttt_random_ammo	545.262390 -3166.214844 -125.657661	0.048 -0.000 0.021
ttt_random_ammo	571.803894 -3171.554688 -125.619003	0.193 0.001 0.175
ttt_random_ammo	594.055542 -3175.029297 -125.612076	0.366 0.002 0.389
ttt_random_ammo	583.543640 -3153.852051 -125.623901	0.137 -0.000 -0.104
ttt_random_ammo	555.991150 -3147.509521 -125.623817	0.137 0.000 0.104
ttt_random_ammo	-136.906036 -1782.747314 -53.562672	1.178 0.029 1.420
ttt_random_ammo	-106.087074 -1793.010132 -53.606915	0.700 0.006 0.798
ttt_random_ammo	-135.414246 -2062.714844 -53.640465	0.063 0.000 0.006
ttt_random_ammo	-111.962776 -2082.041260 -53.613285	0.311 0.002 0.322
ttt_random_ammo	-134.445023 -1481.490234 -53.622173	0.150 0.001 0.122
ttt_random_ammo	-107.451202 -1477.363770 -53.685257	0.047 0.000 -0.036
ttt_random_ammo	1257.873657 -1536.489868 -53.565132	1.233 0.030 1.487
ttt_random_ammo	1254.009399 -1510.851318 -53.648792	0.053 -0.000 0.011
ttt_random_ammo	1260.508789 -1837.117920 -53.620560	0.168 0.001 0.144
ttt_random_ammo	1243.700562 -1822.646484 -53.674698	0.046 0.000 -0.032
ttt_random_ammo	1271.801025 -2027.685303 -53.640465	0.063 0.000 0.006
ttt_random_ammo	1234.531494 -2001.939209 -53.606236	0.808 0.008 0.930
ttt_random_ammo	273.150543 -1111.827148 -52.701778	0.046 0.000 -0.023
ttt_random_ammo	239.388763 -1113.588135 -52.690552	0.051 0.000 -0.011
ttt_random_ammo	202.437790 -1110.081665 -52.706524	0.045 0.000 -0.026
ttt_random_ammo	870.590515 -922.328308 -52.672218	0.045 0.000 -0.030
ttt_random_ammo	855.260986 -919.267822 -52.589241	1.534 0.040 1.829
ttt_random_ammo	-1332.715454 277.430573 259.379333	0.168 -0.001 -0.144
ttt_random_ammo	-1330.483887 245.903854 259.393646	0.824 0.009 0.948
ttt_random_ammo	-1335.596191 211.492538 259.370972	0.100 0.000 0.057
ttt_random_ammo	-1354.645874 227.374756 259.425232	1.389 -0.032 -1.674
ttt_random_ammo	-1351.479858 251.857208 259.444489	1.087 0.028 1.316
ttt_random_ammo	-1234.424194 504.738159 254.018234	0.053 0.000 -0.011
ttt_random_ammo	-1253.068604 504.278625 254.013855	0.050 0.000 -0.017
ttt_random_ammo	-1235.328979 545.539368 254.038010	0.100 0.000 0.056
ttt_random_ammo	-1253.697754 536.516357 254.115326	1.027 0.027 1.246
ttt_random_ammo	-1267.478027 522.053772 254.113403	1.076 0.028 1.307
ttt_random_ammo	-1259.722778 563.871338 254.052399	0.276 0.001 0.278
ttt_random_ammo	-1232.290161 581.824707 254.026581	0.063 0.000 0.005
ttt_random_ammo	-1511.249512 407.374756 254.046463	0.170 0.001 0.146
ttt_random_ammo	-1517.935791 454.563019 254.046463	0.170 0.001 0.147
ttt_random_ammo	-1498.892822 461.739014 254.002274	0.047 0.000 -0.027
ttt_random_ammo	-1475.917969 434.340637 254.054977	0.362 0.002 0.384
ttt_random_ammo	-1516.516968 436.192413 254.032455	0.077 0.000 0.026
ttt_random_ammo	-1485.888916 452.198425 254.061966	1.238 0.018 1.453
ttt_random_ammo	-1475.236206 407.636047 254.026566	0.063 0.000 0.006
ttt_random_ammo	-1500.714966 422.372467 254.020370	0.055 0.000 -0.008
ttt_random_ammo	-1478.400391 1283.224487 174.331635	0.362 -0.002 -0.384
ttt_random_ammo	-1431.271973 1279.002441 174.318512	0.121 0.000 0.084
ttt_random_ammo	-1429.315796 1251.824707 174.327972	0.244 0.001 0.239
ttt_random_ammo	-1457.961914 1268.272827 174.337509	1.099 -0.015 -1.283
ttt_random_ammo	-1495.519287 1251.420166 174.266754	0.047 0.000 -0.033
ttt_random_ammo	-1469.723389 1237.324707 174.297363	0.055 0.000 -0.007
ttt_random_ammo	-927.693298 1060.274170 -50.610149	0.469 -0.003 -0.515
ttt_random_ammo	-955.338623 1058.157104 -50.640461	0.063 -0.000 -0.006
ttt_random_ammo	-983.563416 1058.735718 -50.580597	1.668 0.036 2.024
ttt_random_ammo	-1026.187866 1058.591431 -50.663994	-0.047 0.000 0.027
ttt_random_ammo	-1063.478638 1064.323364 -50.652386	-0.050 -0.000 -0.017
ttt_random_ammo	-276.464844 1358.229492 -54.629021	0.099 0.000 0.056
ttt_random_ammo	-289.411835 1393.694336 -54.607834	0.624 0.005 0.705
ttt_random_ammo	-258.432861 1399.240723 -54.646660	0.055 0.000 -0.007
ttt_random_ammo	-250.591003 1370.495972 -54.638462	0.066 0.000 0.011
ttt_random_ammo	-290.233978 1368.331543 -54.679893	0.047 0.000 -0.034
ttt_random_ammo	-264.371857 1381.221069 -54.586555	1.765 0.030 2.139
ttt_random_ammo	-226.087997 1389.872314 -54.636505	0.072 0.000 0.019
ttt_random_ammo	594.407471 303.473450 -51.667175	0.047 0.000 -0.028
ttt_random_ammo	592.911621 258.616272 -51.605427	1.094 0.015 1.278
ttt_random_ammo	592.825134 216.089539 -51.612083	0.366 0.002 0.389
ttt_random_ammo	574.098511 229.428741 -51.674683	0.047 0.000 -0.032
ttt_random_ammo	573.452454 259.240601 -51.559280	1.130 0.029 1.364
ttt_random_ammo	576.035095 282.463409 -51.577011	1.536 0.037 1.859
ttt_random_ammo	570.469055 309.834290 -51.648788	0.053 0.000 -0.011
ttt_random_ammo	549.376953 275.467957 -51.616062	0.248 0.001 0.243
ttt_random_ammo	1172.744629 853.873535 -50.653172	0.050 0.000 -0.017
ttt_random_ammo	1150.889038 849.965271 -50.576218	1.511 0.035 1.828
ttt_random_ammo	1131.749023 851.583435 -50.630836	0.091 0.000 0.045
ttt_random_ammo	1112.285278 850.281555 -50.532795	0.615 0.021 0.747
ttt_random_ammo	1095.198853 850.906677 -50.672115	0.047 -0.000 0.031
ttt_random_ammo	1075.980591 850.974304 -50.548092	0.954 0.026 1.158
ttt_random_ammo	1055.205200 852.065735 -50.548122	0.923 -0.025 -1.119
ttt_random_ammo	1032.049438 852.074890 -50.659988	0.047 -0.000 0.023
ttt_random_ammo	1325.641113 748.908142 -42.618984	0.183 0.001 0.163
ttt_random_ammo	1351.877930 751.296875 -42.655460	0.048 0.000 -0.020
ttt_random_ammo	1373.049194 752.671509 -42.650841	0.257 0.088 -0.014
ttt_random_ammo	1411.613892 3.167644 -42.645893	0.234 0.143 0.332
ttt_random_ammo	1387.294800 2.744042 -42.657742	0.048 0.000 -0.022
ttt_random_ammo	1362.714844 5.151363 -42.655460	0.048 0.000 -0.020
ttt_random_ammo	1830.465698 -100.334457 -42.652119	0.045 0.000 -0.029
ttt_random_ammo	1856.902954 -108.101921 -42.642479	0.046 0.000 -0.023
ttt_random_ammo	1871.483521 -110.499741 -42.644833	0.045 0.000 -0.025
ttt_random_ammo	2126.957275 341.742432 -41.653179	0.050 0.000 -0.017
ttt_random_ammo	2120.271973 328.091309 -41.551834	0.989 0.026 1.195
ttt_random_ammo	2147.423828 311.489532 -41.650970	0.051 0.000 -0.014
ttt_random_ammo	2153.343750 331.958252 -41.650970	0.051 0.000 -0.014
ttt_random_ammo	2138.877197 380.451630 -41.614613	0.272 0.001 0.273
ttt_random_ammo	1893.189209 -560.824951 -42.615131	0.080 0.000 0.032
ttt_random_ammo	1860.644653 -547.540955 -42.627014	0.055 0.000 -0.004
ttt_random_ammo	1832.668457 -547.609619 -42.629112	0.052 0.000 -0.008
ttt_random_ammo	1179.187622 -453.909576 -50.605873	0.958 0.011 1.112
ttt_random_ammo	1151.565674 -455.740265 -50.552914	1.060 0.027 1.287
ttt_random_ammo	1121.820190 -454.180511 -50.627296	0.109 -0.000 -0.068
ttt_random_ammo	1086.265503 -452.788116 -50.581745	1.600 0.036 1.933
ttt_random_ammo	1058.065918 -451.698853 -50.648792	0.053 0.000 -0.011
ttt_random_ammo	1337.184448 -818.713867 -43.297752	0.020 0.079 -0.570
ttt_random_ammo	1286.087280 -850.025085 -43.379631	-0.196 0.218 0.048
ttt_random_ammo	1271.981079 -795.196777 -43.160980	-0.095 0.480 0.916
ttt_random_ammo	1283.703247 -747.308044 -43.003689	0.009 0.148 0.436
ttt_random_ammo	1351.499390 -761.927734 -43.203194	0.044 -0.038 0.630
ttt_random_ammo	1308.730713 -796.941711 -43.335594	0.028 0.081 -0.550
ttt_random_ammo	1364.297363 -793.159058 -43.414478	0.059 -0.033 0.448
ttt_random_ammo	1604.733765 -1159.229370 -66.608574	0.512 0.004 0.570
ttt_random_ammo	1603.674072 -1111.033569 -66.608559	0.510 0.004 0.568
ttt_random_ammo	1570.224731 -1102.134033 -66.573189	1.218 0.030 1.449
ttt_random_ammo	1627.373047 -1092.921753 -66.648849	0.050 0.000 -0.011
ttt_random_ammo	-695.854126 -124.251419 -46.586109	-1.182 -0.017 1.386
ttt_random_ammo	-712.731018 -128.501678 -46.565617	-1.644 -0.033 1.969
ttt_random_ammo	-712.850525 -149.984177 -46.623703	-0.116 -0.000 0.081
ttt_random_ammo	-686.965332 -144.904800 -46.639553	-0.060 -0.000 0.005
ttt_random_ammo	-697.721375 -167.246780 -46.627552	-0.095 -0.000 0.053
ttt_random_ammo	-264.267883 -28.820766 0.994530	-0.012 -6.838 -0.015
ttt_random_ammo	-288.259338 -49.476665 0.992109	-0.011 3.792 -0.004
ttt_random_ammo	-331.584229 -7.388682 0.981473	-0.011 3.659 -0.004
ttt_random_ammo	-292.316223 4.779743 0.988203	-0.010 6.944 -0.005
ttt_random_ammo	-1226.661255 1409.499756 -53.953571	0.171 0.001 0.148
ttt_random_ammo	-1256.291382 1412.066528 -53.958519	0.123 0.000 0.086
ttt_random_ammo	-1290.723022 1412.522217 -53.967575	0.077 0.000 0.026
ttt_random_ammo	-1313.386475 1411.023804 -53.953548	0.168 0.001 0.144
ttt_random_ammo	-1488.698486 642.897827 -53.981789	0.053 0.000 -0.011
ttt_random_ammo	-1472.472778 667.366577 -53.981792	0.053 0.000 -0.011
ttt_random_ammo	-1501.084106 671.091064 -54.005013	0.030 -0.077 -0.202
ttt_random_ammo	-1500.474976 693.266113 -53.954086	-0.010 -0.165 -0.112
ttt_random_ammo	-1469.246338 690.191528 -54.005142	0.047 0.000 -0.031
ttt_random_ammo	-1482.685303 711.706665 -54.018211	0.048 -0.000 0.036
ttt_random_ammo	556.531067 -1495.989380 -53.602242	-0.482 -0.003 0.532
ttt_random_ammo	529.504761 -1501.762939 -53.635384	-0.071 -0.000 0.018
ttt_random_ammo	498.987579 -1480.600586 -53.654659	-0.049 -0.000 -0.019
ttt_random_ammo	512.009949 -1453.820557 -53.671425	-0.046 -0.000 -0.031
ttt_random_ammo	552.547424 -1461.471313 -53.610249	-0.282 -0.001 0.286
ttt_random_ammo	534.378052 -1474.777588 -53.647972	-0.053 -0.000 -0.011
ttt_random_ammo	550.524475 -1443.699707 -53.676540	-0.047 -0.000 -0.033
ttt_random_ammo	506.799957 -1506.308716 -53.656948	-0.048 -0.000 -0.021
ttt_random_ammo	529.506409 -1439.386108 -53.542423	-1.293 -0.032 1.571
weapon_ttt_dual_elites	672.664063 -2159.032715 -124.638023	2.046 0.173 -0.053
weapon_ttt_dual_elites	544.572449 -2164.293701 -124.514236	2.081 0.701 -0.823
weapon_ttt_dual_elites	189.024429 -550.617859 -52.963997	1.813 0.151 -0.150
weapon_ttt_dual_elites	212.050003 -547.893066 -53.075851	1.901 0.169 -0.362
weapon_ttt_revolver	756.457336 -1926.113525 -108.022995	8.979 26.279 74.805
weapon_ttt_revolver	774.394531 -1933.552124 -108.027641	8.853 26.330 75.091
weapon_ttt_revolver	414.327087 -1766.643921 -108.030952	8.765 26.366 75.292
weapon_ttt_revolver	424.161804 -1783.185303 -108.004379	8.918 26.070 75.664
weapon_ttt_revolver	786.507751 -218.764801 -51.041248	9.026 25.964 75.420
weapon_ttt_revolver	784.479736 -552.972168 -51.015293	9.432 25.832 74.861
weapon_ttt_revolver	817.145325 -556.910767 -51.047142	8.934 25.992 75.546
weapon_ttt_revolver	1503.193604 -987.034668 -63.349689	9.286 25.418 74.474
weapon_ttt_revolver	1499.813354 -1003.355164 -64.997520	9.352 25.388 74.345
item_ammo_revolver_ttt	794.903564 -1941.101318 -109.596428	0.464 0.055 0.027
item_ammo_revolver_ttt	775.940247 -1950.962402 -109.580544	0.468 0.054 0.020
item_ammo_revolver_ttt	761.215942 -1952.135864 -109.637909	0.456 0.058 0.043
item_ammo_revolver_ttt	389.157410 -1785.938721 -109.606148	0.463 0.055 0.030
item_ammo_revolver_ttt	409.536987 -1800.054688 -109.618614	0.460 0.056 0.035
item_ammo_revolver_ttt	425.332550 -1800.981689 -109.657478	0.452 0.062 0.051
item_ammo_revolver_ttt	748.827942 -1859.085571 -109.669601	0.450 0.068 0.056
item_ammo_revolver_ttt	767.809570 -1850.019043 -109.651817	0.454 0.062 0.049
item_ammo_revolver_ttt	785.360901 -1857.350952 -109.661400	0.452 0.065 0.053
item_ammo_revolver_ttt	464.828400 -1766.534302 -109.641235	0.456 0.060 0.044
item_ammo_revolver_ttt	459.506165 -1788.763794 -109.625595	0.459 0.057 0.038
item_ammo_revolver_ttt	444.794403 -1799.167969 -109.633118	0.457 0.058 0.041
item_ammo_revolver_ttt	807.290833 -193.927475 -52.715645	0.449 0.067 0.058
item_ammo_revolver_ttt	821.387451 -193.310944 -52.688141	0.454 0.059 0.047
item_ammo_revolver_ttt	838.301636 -194.061417 -52.660347	0.460 0.055 0.036
item_ammo_revolver_ttt	787.785828 -198.538361 -52.597973	0.472 0.052 0.011
item_ammo_revolver_ttt	778.273315 -199.458939 -52.736656	0.444 0.079 0.067
item_ammo_revolver_ttt	787.688965 -573.582886 -52.709251	0.450 0.063 0.056
item_ammo_revolver_ttt	801.346985 -574.347900 -52.689919	0.454 0.059 0.048
item_ammo_revolver_ttt	814.557922 -575.209290 -52.640202	0.464 0.053 0.028
item_ammo_revolver_ttt	830.868347 -576.725281 -52.653873	0.461 0.054 0.033
item_ammo_revolver_ttt	1929.564453 930.370117 -42.598019	0.469 0.058 0.031
item_ammo_revolver_ttt	1912.934692 930.202087 -42.585972	0.470 0.057 0.027
item_ammo_revolver_ttt	1932.129761 980.680664 -42.635571	0.465 0.064 0.045
item_ammo_revolver_ttt	1913.712646 980.884827 -42.615097	0.467 0.060 0.037
item_ammo_revolver_ttt	1527.221069 -968.144043 -65.005516	0.461 -0.063 -0.045
item_ammo_revolver_ttt	1538.786743 -968.303772 -65.009407	0.460 -0.065 -0.046
item_ammo_revolver_ttt	1544.648315 -986.248718 -64.939232	0.470 -0.055 -0.021
item_ammo_revolver_ttt	1533.320557 -1000.233154 -65.041603	0.341 -0.103 -0.075
weapon_zm_revolver	783.393127 -1892.164917 -109.029366	2.008 -18.733 -85.781
weapon_zm_revolver	762.165100 -1878.679077 -109.029343	2.031 -18.722 -85.741
weapon_zm_revolver	434.994629 -1717.566406 -109.029465	1.927 -18.776 -85.922
weapon_zm_revolver	466.114624 -1745.757080 -109.029343	2.031 -18.722 -85.741
weapon_zm_revolver	829.379578 -220.171432 -52.141727	2.839 -16.644 -84.348
weapon_zm_revolver	807.022766 -222.107697 -52.198818	3.297 -16.510 -83.560
weapon_zm_revolver	1962.343140 978.877441 -42.012039	1.787 -19.185 -86.165
weapon_zm_revolver	1964.794922 923.977356 -42.012005	1.815 -19.174 -86.116
