# Trouble in Terrorist Town weapon/ammo placement overrides
# For map: ttt_dolls
# Exported by: Donato Dias
setting:	replacespawns 1
weapon_ttt_ak47	-747.281494 -741.526123 -383.107819	0.132 13.136 -87.559
ttt_playerspawn	-461.723572 243.777588 -702.496704	-0.010 -0.000 0.010
ttt_playerspawn	-466.583069 353.842712 -702.505859	-0.010 -0.000 0.010
ttt_playerspawn	-472.092438 465.533936 -702.517639	-0.012 -0.000 0.012
ttt_playerspawn	-476.521637 572.679199 -702.543152	-0.014 -0.000 0.014
ttt_playerspawn	-481.310760 678.352356 -702.549744	-0.015 -0.000 0.015
ttt_playerspawn	-594.231812 669.926208 -702.534729	-0.013 -0.000 0.013
ttt_playerspawn	-583.691467 561.861145 -702.473694	-0.007 -0.000 0.007
ttt_playerspawn	-570.153137 455.165222 -702.530762	-0.013 -0.000 0.013
ttt_playerspawn	-561.196655 354.341248 -702.549744	-0.015 -0.000 0.015
ttt_playerspawn	-554.107788 244.761475 -702.554321	-0.015 -0.000 0.015
ttt_playerspawn	-485.156616 -844.847229 -702.502686	-0.010 -0.000 0.010
ttt_playerspawn	-214.405228 -849.573608 -702.515869	-0.011 -0.000 0.011
ttt_playerspawn	-210.461411 -600.484436 -702.467346	-0.007 -0.000 0.007
ttt_playerspawn	-493.368195 -604.475220 -702.517639	-0.012 -0.000 0.012
ttt_playerspawn	334.709412 194.069519 -702.528809	-0.013 -0.000 0.013
ttt_playerspawn	334.079498 -19.286289 -702.449036	-0.005 -0.000 0.005
ttt_playerspawn	324.828430 -243.488144 -702.477112	-0.008 -0.000 0.008
ttt_playerspawn	123.496544 -241.409988 -702.472595	-0.007 -0.000 0.007
ttt_playerspawn	120.743492 -12.022795 -702.515869	-0.011 -0.000 0.011
ttt_playerspawn	120.795265 184.619293 -702.473694	-0.007 -0.000 0.007
ttt_playerspawn	578.561646 845.215942 -702.502686	-0.010 -0.000 0.010
ttt_playerspawn	304.575836 843.085815 -702.554321	-0.015 -0.000 0.015
ttt_playerspawn	23.101589 849.898804 -702.510742	-0.011 -0.000 0.011
ttt_playerspawn	263.690399 -864.065002 -534.451294	0.021 0.000 0.021
ttt_playerspawn	384.154968 -864.397156 -534.473572	0.030 0.000 0.030
ttt_playerspawn	504.948456 -662.150208 -534.517395	-0.047 -0.000 0.047
ttt_playerspawn	601.703857 -532.500122 -534.441101	0.223 -0.001 -0.177
ttt_playerspawn	645.081116 -484.308075 -254.444153	0.053 0.000 0.053
ttt_playerspawn	652.926758 -900.223511 -254.415695	0.017 0.000 0.020
ttt_playerspawn	691.125977 -793.110596 -254.474792	0.090 0.000 0.090
ttt_playerspawn	280.824402 -883.657288 -30.493637	-0.038 -0.000 0.038
ttt_playerspawn	462.341583 -689.650513 -30.504065	-0.042 -0.000 0.042
ttt_playerspawn	677.665894 -532.681580 -30.461397	-0.025 -0.000 0.025
ttt_playerspawn	284.022125 -883.386597 129.514465	-0.034 -0.000 0.034
ttt_playerspawn	461.102905 -743.861145 129.475281	-0.050 -0.000 0.050
ttt_playerspawn	433.273773 -855.396423 129.513168	-0.035 -0.000 0.035
ttt_playerspawn	797.721252 -704.761292 129.539520	-0.024 -0.000 0.024
ttt_playerspawn	796.730286 -854.071838 129.510498	-0.036 -0.000 0.036
ttt_playerspawn	784.081970 169.353622 129.529678	-0.028 -0.000 0.028
ttt_playerspawn	783.292053 21.351135 129.494354	-0.043 -0.000 0.043
ttt_playerspawn	339.976288 942.379211 -502.442108	0.041 0.123 0.174
ttt_playerspawn	627.188538 -870.837463 129.546387	-0.022 -0.000 0.022
ttt_playerspawn	569.819092 -508.602844 129.571762	0.001 0.032 0.090
ttt_playerspawn	671.189087 -413.788635 129.511841	-0.035 -0.000 0.035
ttt_playerspawn	658.532288 -154.348297 -638.492249	-0.037 -0.000 0.037
weapon_ttt_smokegrenade	-249.548706 9.904509 -703.887146	-1.255 -1.217 -0.731
weapon_ttt_smokegrenade	-248.198349 -27.227833 -703.864868	-1.017 -1.285 -0.593
weapon_ttt_smokegrenade	-768.685608 729.720215 -703.855408	-0.916 -1.307 -0.534
weapon_ttt_smokegrenade	493.879913 -566.326660 -703.806824	-0.399 -1.365 -0.232
weapon_ttt_smokegrenade	505.688812 -566.235229 -703.896301	-1.353 -1.195 -0.788
item_box_buckshot_ttt	-731.502014 -99.720810 -703.655762	0.616 0.003 -0.491
item_box_buckshot_ttt	-744.608398 -99.173218 -703.546509	-0.457 -0.006 0.407
item_box_buckshot_ttt	-764.865662 439.072754 -703.603943	-0.914 -0.009 0.817
item_box_buckshot_ttt	-745.688293 439.062775 -703.558044	-0.548 -0.006 0.488
item_box_buckshot_ttt	-765.913025 452.421844 -703.623657	0.496 0.018 -0.318
item_box_buckshot_ttt	-745.551575 452.491638 -703.575378	-0.678 -0.006 0.606
item_box_buckshot_ttt	-351.012909 632.930603 -703.600220	-0.886 -0.015 0.787
item_box_buckshot_ttt	-362.829895 633.375183 -703.625854	0.751 -0.022 -0.519
item_box_buckshot_ttt	-373.025635 633.850647 -703.621948	0.283 0.003 -0.142
item_box_buckshot_ttt	-381.605377 634.351257 -703.616699	-0.623 -0.005 0.590
item_box_buckshot_ttt	-352.503174 482.740936 -703.628418	0.765 -0.119 -0.532
item_box_buckshot_ttt	-360.485016 483.183533 -703.535034	-0.392 -0.005 0.316
item_box_buckshot_ttt	-368.116943 483.709686 -703.628357	0.765 -0.120 -0.531
item_box_buckshot_ttt	-376.443909 484.179199 -703.652649	0.712 0.003 -0.569
item_box_buckshot_ttt	-245.278564 458.811432 -703.551758	-0.531 -0.005 0.427
item_box_buckshot_ttt	-259.382965 458.519684 -703.575684	-0.686 -0.006 0.609
item_box_buckshot_ttt	-245.631516 445.123596 -703.603455	-0.935 -0.002 0.828
item_box_buckshot_ttt	-260.559296 444.965240 -703.617798	-0.361 0.001 0.375
item_box_buckshot_ttt	-386.146362 247.811310 -703.618591	-0.239 0.001 0.280
item_box_buckshot_ttt	-398.752045 246.577927 -703.619812	-0.045 0.002 0.122
item_box_buckshot_ttt	-397.986938 265.332336 -703.623047	0.474 0.018 -0.296
item_box_buckshot_ttt	-386.033295 265.378448 -703.590454	-1.023 -0.006 0.800
item_box_buckshot_ttt	-321.823334 878.851563 -703.617615	-0.416 0.000 0.423
item_box_buckshot_ttt	-309.005798 878.683899 -703.598511	-1.003 -0.005 0.853
item_box_buckshot_ttt	-309.291748 861.955872 -703.615112	-1.000 -0.010 0.895
item_box_buckshot_ttt	-323.201996 861.671448 -703.610718	-0.994 0.020 0.880
item_box_buckshot_ttt	-386.591766 877.839783 -703.655762	0.615 0.003 -0.489
item_box_buckshot_ttt	-399.491119 878.169983 -703.617615	-0.429 0.000 0.434
item_box_buckshot_ttt	-400.550507 859.208130 -703.586670	-0.856 -0.014 0.694
item_box_buckshot_ttt	-387.166168 859.366333 -703.619690	-0.064 0.002 0.138
item_box_buckshot_ttt	-230.497971 -73.200996 -703.667969	0.327 0.004 -0.254
item_box_buckshot_ttt	-244.386642 -72.449898 -703.626465	0.754 -0.022 -0.526
item_box_buckshot_ttt	593.147949 84.005905 -703.618652	-0.220 0.001 0.264
item_box_buckshot_ttt	576.429565 84.742981 -703.593262	-0.822 -0.003 0.730
item_box_buckshot_ttt	563.043213 85.397476 -703.602112	-0.886 -0.015 0.794
item_box_buckshot_ttt	595.927002 66.720207 -703.513062	-0.212 -0.005 0.167
item_box_buckshot_ttt	581.500061 67.035538 -703.579773	-0.718 -0.005 0.638
item_box_buckshot_ttt	565.628784 66.644196 -703.571228	-0.694 -0.003 0.549
item_box_buckshot_ttt	578.008118 988.017151 -703.627930	0.762 -0.122 -0.527
item_box_buckshot_ttt	578.814514 970.793701 -703.575684	-0.686 -0.006 0.609
item_box_buckshot_ttt	593.437683 988.524658 -703.644653	1.045 0.000 -0.841
item_box_buckshot_ttt	593.938477 971.498230 -703.619934	-0.027 0.002 0.106
item_box_buckshot_ttt	793.164551 749.661377 -703.649414	0.837 0.002 -0.670
item_box_buckshot_ttt	792.689575 770.939697 -703.617737	-0.380 0.001 0.392
item_box_buckshot_ttt	773.085266 771.115601 -703.617615	-0.414 0.000 0.421
item_box_buckshot_ttt	772.467529 749.880432 -703.592529	-1.008 -0.003 0.813
item_box_buckshot_ttt	794.267029 945.225708 -703.545288	-0.449 -0.006 0.399
item_box_buckshot_ttt	776.216370 944.544312 -703.574402	-0.676 -0.006 0.601
item_box_buckshot_ttt	796.354248 928.583191 -703.549805	-0.484 -0.006 0.430
item_box_buckshot_ttt	778.059814 929.127563 -703.601685	-0.918 -0.010 0.814
item_box_buckshot_ttt	821.433960 -940.984558 -255.585022	0.841 -0.004 0.664
item_box_buckshot_ttt	804.925842 -941.436768 -255.568314	-0.675 -0.004 0.528
item_box_buckshot_ttt	822.663635 -956.164185 -255.619370	0.129 -0.000 0.160
item_box_buckshot_ttt	806.312134 -956.374084 -255.620850	-0.054 0.000 0.010
item_box_buckshot_ttt	821.329834 -746.603943 -255.567764	-0.632 -0.007 0.561
item_box_buckshot_ttt	821.197327 -765.390076 -255.603836	-0.915 -0.009 0.818
item_box_buckshot_ttt	806.179626 -764.440918 -255.614868	-1.002 -0.010 0.896
item_box_buckshot_ttt	806.710388 -746.695740 -255.644745	1.049 0.000 -0.843
item_box_buckshot_ttt	207.205521 -964.353394 128.427338	0.592 -0.072 0.150
item_box_buckshot_ttt	206.482620 -947.096191 128.421616	-0.713 -0.006 0.634
item_box_buckshot_ttt	221.235001 -946.459290 128.420227	-0.724 -0.006 0.643
item_box_buckshot_ttt	221.491089 -961.506348 128.420197	0.291 -0.114 -0.002
item_box_buckshot_ttt	-639.115784 205.980499 -276.072784	-0.755 -0.022 0.771
item_box_buckshot_ttt	-625.160034 205.536377 -276.075500	-0.845 -0.021 0.848
item_ammo_357_ttt	-763.374146 351.764343 -703.634216	0.467 0.060 0.038
item_ammo_357_ttt	-755.554871 351.979279 -703.622314	0.468 0.058 0.034
item_ammo_357_ttt	-749.333618 351.915588 -703.611816	0.469 0.058 0.030
item_ammo_357_ttt	-766.000488 489.281189 -703.622314	0.468 0.058 0.034
item_ammo_357_ttt	-757.241577 489.513763 -703.587708	0.472 0.056 0.021
item_ammo_357_ttt	-748.695435 489.481049 -703.684570	0.462 0.075 0.056
item_ammo_357_ttt	-355.254730 586.625244 -703.689331	0.461 0.075 0.058
item_ammo_357_ttt	-364.591339 585.929260 -703.673279	0.463 0.070 0.052
item_ammo_357_ttt	-372.642548 586.323059 -703.592224	0.471 0.056 0.023
item_ammo_357_ttt	-373.085266 571.516602 -703.645874	0.466 0.062 0.042
item_ammo_357_ttt	-363.222992 571.609375 -703.558167	0.157 -0.803 -0.171
item_ammo_357_ttt	-354.572693 572.526245 -703.682251	0.462 0.075 0.055
item_ammo_357_ttt	-247.501205 429.951782 -703.647644	0.466 0.062 0.043
item_ammo_357_ttt	-258.824768 430.187500 -703.611816	0.469 0.058 0.030
item_ammo_357_ttt	-416.306335 223.905197 -703.639099	0.467 0.060 0.040
item_ammo_357_ttt	-429.440216 224.634995 -703.682251	0.462 0.075 0.055
item_ammo_357_ttt	-271.633545 877.345276 -703.606995	0.470 0.057 0.028
item_ammo_357_ttt	-263.459137 878.531006 -703.673279	0.463 0.070 0.052
item_ammo_357_ttt	-263.492889 865.660400 -703.647644	0.466 0.062 0.043
item_ammo_357_ttt	-270.455444 866.124878 -703.640747	0.466 0.062 0.040
item_ammo_357_ttt	-270.703644 853.752625 -703.658875	0.465 0.067 0.047
item_ammo_357_ttt	-263.701752 854.195801 -703.653137	0.465 0.064 0.045
item_ammo_357_ttt	-409.857117 876.111694 -703.603577	0.470 0.057 0.027
item_ammo_357_ttt	-418.694061 877.088562 -703.644165	0.466 0.062 0.042
item_ammo_357_ttt	-410.445801 865.091858 -703.694214	0.461 0.082 0.060
item_ammo_357_ttt	-419.270966 864.975830 -703.577332	0.473 0.056 0.017
item_ammo_357_ttt	-419.131989 852.389954 -703.613037	0.469 0.058 0.030
item_ammo_357_ttt	-410.987457 853.779419 -703.604675	0.470 0.057 0.027
item_ammo_357_ttt	-231.619888 -53.695335 -703.642456	0.466 0.062 0.041
item_ammo_357_ttt	-241.000610 -54.189621 -703.677673	0.463 0.070 0.054
item_ammo_357_ttt	-762.389160 -771.861572 176.385345	0.461 0.057 0.033
item_ammo_357_ttt	-777.654236 -772.499207 176.323959	0.449 0.070 0.057
item_ammo_357_ttt	-824.519104 464.580811 -175.636246	0.457 0.060 0.042
item_ammo_357_ttt	-814.797302 464.437714 -175.600555	0.464 0.056 0.028
item_ammo_357_ttt	714.880920 684.681702 128.385361	0.461 0.057 0.033
item_ammo_357_ttt	730.552795 683.494934 128.340622	0.453 0.066 0.051
item_ammo_357_ttt	598.577515 37.420330 -703.656921	0.465 0.064 0.046
item_ammo_357_ttt	579.504761 37.710735 -703.655029	0.465 0.064 0.046
item_ammo_357_ttt	566.891907 38.882607 -703.625183	0.468 0.059 0.035
item_ammo_357_ttt	597.025391 51.002472 -703.662842	0.464 0.066 0.048
item_ammo_357_ttt	581.564209 51.486286 -703.656921	0.465 0.064 0.046
item_ammo_357_ttt	569.166809 52.547623 -703.596130	0.471 0.056 0.024
item_ammo_357_ttt	588.423950 -145.183426 -703.660828	0.464 0.067 0.048
item_ammo_357_ttt	576.739014 -145.389206 -703.653137	0.465 0.064 0.045
item_ammo_357_ttt	561.922913 -145.401154 -703.656921	0.465 0.064 0.046
item_ammo_357_ttt	590.421204 -162.932587 -703.673279	0.463 0.070 0.052
item_ammo_357_ttt	577.319641 -163.069489 -703.619568	0.469 0.058 0.033
item_ammo_357_ttt	558.459961 -162.190704 -703.613037	0.469 0.058 0.030
item_ammo_357_ttt	684.309082 993.195068 -703.675476	0.463 0.070 0.053
item_ammo_357_ttt	672.731079 993.053284 -703.669006	0.464 0.070 0.051
item_ammo_357_ttt	660.763794 992.781311 -703.656921	0.465 0.064 0.046
item_ammo_357_ttt	661.161560 974.716553 -703.689331	0.461 0.075 0.058
item_ammo_357_ttt	672.917236 974.107788 -703.647644	0.466 0.062 0.043
item_ammo_357_ttt	684.922302 974.248840 -703.684570	0.462 0.075 0.056
item_ammo_357_ttt	820.294373 -888.461121 -255.657501	0.452 0.061 0.051
item_ammo_357_ttt	808.985718 -888.593811 -255.648193	0.454 0.059 0.047
item_ammo_357_ttt	820.755615 -901.729858 -255.566177	0.470 0.053 0.015
item_ammo_357_ttt	809.914246 -901.381042 -255.653702	0.453 0.061 0.050
item_ammo_357_ttt	578.713745 -454.694763 -31.579206	1.486 0.640 -0.017
item_ammo_357_ttt	608.142517 -425.240753 -31.612825	0.590 0.056 -0.019
item_ammo_357_ttt	684.770142 141.976013 128.314850	0.448 0.074 0.061
item_ammo_357_ttt	702.291992 142.492447 128.360489	0.456 0.060 0.043
item_ammo_357_ttt	206.488266 -918.932190 128.334610	0.451 0.066 0.053
item_ammo_357_ttt	205.668945 -902.971985 128.386627	0.461 0.057 0.033
item_ammo_357_ttt	219.545761 -902.638855 128.336655	0.452 0.066 0.052
item_ammo_357_ttt	219.984558 -919.208130 128.342575	0.453 0.064 0.050
item_ammo_357_ttt	-146.765930 944.546570 112.387886	0.462 0.057 0.032
item_ammo_357_ttt	-134.311295 942.794250 112.326164	0.450 0.070 0.057
item_ammo_revolver_ttt	-765.092834 466.207916 -703.669006	0.464 0.070 0.051
item_ammo_revolver_ttt	-755.800415 466.837555 -703.603577	0.470 0.057 0.027
item_ammo_revolver_ttt	-749.021362 467.144196 -703.622314	0.468 0.058 0.034
item_ammo_revolver_ttt	-765.415100 373.637543 -703.647644	0.466 0.062 0.043
item_ammo_revolver_ttt	-757.766846 373.313843 -703.625183	0.468 0.059 0.035
item_ammo_revolver_ttt	-750.259888 373.461151 -703.639099	0.467 0.060 0.040
item_ammo_revolver_ttt	-351.276367 548.044373 -703.616882	0.469 0.058 0.032
item_ammo_revolver_ttt	-359.532043 548.420349 -703.679932	0.462 0.075 0.055
item_ammo_revolver_ttt	-366.902863 548.350830 -703.639099	0.467 0.060 0.040
item_ammo_revolver_ttt	-375.992401 548.712830 -703.619568	0.469 0.058 0.033
item_ammo_revolver_ttt	-353.627655 621.652161 -703.614319	0.469 0.058 0.031
item_ammo_revolver_ttt	-361.793945 621.939148 -703.589355	0.505 -2.805 0.012
item_ammo_revolver_ttt	-368.130981 621.711548 -703.629028	0.607 -0.882 0.007
item_ammo_revolver_ttt	-375.060028 621.688477 -703.599243	0.471 0.056 0.025
item_ammo_revolver_ttt	-246.371979 413.064453 -703.655029	0.465 0.064 0.046
item_ammo_revolver_ttt	-258.885956 412.516052 -703.615601	0.469 0.058 0.031
item_ammo_revolver_ttt	-385.222107 228.007538 -703.581848	0.472 0.056 0.019
item_ammo_revolver_ttt	-399.284088 226.691833 -703.684570	0.462 0.075 0.056
item_ammo_revolver_ttt	-342.612518 879.780029 -703.647644	0.466 0.062 0.043
item_ammo_revolver_ttt	-342.041565 868.672852 -703.585144	0.472 0.056 0.020
item_ammo_revolver_ttt	-341.621063 858.407349 -703.673889	0.944 0.285 0.003
item_ammo_revolver_ttt	-335.287781 858.418152 -703.591614	0.528 0.117 -0.074
item_ammo_revolver_ttt	-334.780090 868.012695 -703.562988	0.327 -0.258 -0.338
item_ammo_revolver_ttt	-334.719757 878.444336 -703.598816	0.473 -0.311 -0.974
item_ammo_revolver_ttt	-442.267700 878.003418 -703.662842	0.464 0.066 0.048
item_ammo_revolver_ttt	-431.922272 877.793945 -703.651306	0.465 0.064 0.044
item_ammo_revolver_ttt	-432.239349 865.173279 -703.599243	0.471 0.056 0.025
item_ammo_revolver_ttt	-441.888947 865.682190 -703.671143	0.463 0.070 0.051
item_ammo_revolver_ttt	-442.880249 851.451355 -703.628113	0.468 0.059 0.036
item_ammo_revolver_ttt	-432.646301 851.769653 -703.669006	0.464 0.070 0.051
item_ammo_revolver_ttt	-231.579025 -41.709793 -703.655029	0.465 0.064 0.046
item_ammo_revolver_ttt	-241.559326 -41.422985 -703.631104	0.467 0.059 0.037
item_ammo_revolver_ttt	593.484497 -55.431694 -703.620972	0.468 0.058 0.033
item_ammo_revolver_ttt	594.669006 -72.938904 -703.651306	0.465 0.064 0.044
item_ammo_revolver_ttt	574.761597 -73.485641 -703.596130	0.471 0.056 0.024
item_ammo_revolver_ttt	572.999084 -55.090828 -703.637451	0.467 0.060 0.039
item_ammo_revolver_ttt	556.839661 -55.464844 -703.625183	0.468 0.059 0.035
item_ammo_revolver_ttt	556.760437 -73.928093 -703.587708	0.472 0.056 0.021
item_ammo_revolver_ttt	596.980896 103.693718 -703.645874	0.466 0.062 0.042
item_ammo_revolver_ttt	582.856750 103.913437 -703.651306	0.465 0.064 0.044
item_ammo_revolver_ttt	566.206848 104.123451 -703.653137	0.465 0.064 0.045
item_ammo_revolver_ttt	600.404480 261.062927 -703.644165	0.466 0.062 0.042
item_ammo_revolver_ttt	586.495483 261.258362 -703.605835	0.470 0.057 0.028
item_ammo_revolver_ttt	572.688049 261.753662 -703.673279	0.463 0.070 0.052
item_ammo_revolver_ttt	796.492004 847.968445 -703.673279	0.463 0.070 0.052
item_ammo_revolver_ttt	782.111816 848.020386 -703.602417	0.470 0.057 0.026
item_ammo_revolver_ttt	796.389648 832.900085 -703.629578	0.468 0.059 0.036
item_ammo_revolver_ttt	782.741394 833.311523 -703.660828	0.464 0.067 0.048
item_ammo_revolver_ttt	710.368530 993.437683 -703.637451	0.467 0.060 0.039
item_ammo_revolver_ttt	699.757080 993.162598 -703.629578	0.468 0.059 0.036
item_ammo_revolver_ttt	697.849854 972.407227 -703.622314	0.468 0.058 0.034
item_ammo_revolver_ttt	710.872498 973.239319 -703.655029	0.465 0.064 0.046
item_ammo_revolver_ttt	-795.064697 -647.107849 -703.660828	0.464 0.067 0.048
item_ammo_revolver_ttt	-779.138977 -648.420166 -703.642456	0.466 0.062 0.041
item_ammo_revolver_ttt	657.181152 -397.707581 -535.657410	0.453 0.064 0.050
item_ammo_revolver_ttt	645.744080 -407.966248 -535.653625	0.454 0.064 0.049
item_ammo_revolver_ttt	634.040955 -418.198761 -535.665405	0.451 0.066 0.053
item_ammo_revolver_ttt	206.908905 -998.747070 -535.651733	0.454 0.064 0.048
item_ammo_revolver_ttt	203.582260 -980.036926 -535.663330	0.452 0.066 0.053
item_ammo_revolver_ttt	819.604858 -853.389709 -255.606155	0.462 0.054 0.031
item_ammo_revolver_ttt	809.122742 -853.531555 -255.631577	0.457 0.056 0.041
item_ammo_revolver_ttt	819.333801 -867.058594 -255.600601	0.463 0.054 0.028
item_ammo_revolver_ttt	809.768921 -866.924377 -255.682907	0.447 0.072 0.061
item_ammo_revolver_ttt	506.741333 -527.814697 -31.649937	0.454 0.064 0.047
item_ammo_revolver_ttt	530.859802 -506.029419 -31.673838	0.450 0.070 0.057
item_ammo_revolver_ttt	553.363525 -483.431091 -31.615934	0.461 0.057 0.034
item_ammo_revolver_ttt	796.638428 -911.702393 128.348236	0.454 0.064 0.048
item_ammo_revolver_ttt	783.154236 -911.470642 128.372986	0.459 0.059 0.038
item_ammo_revolver_ttt	769.939697 -911.701965 128.332550	0.451 0.066 0.054
item_ammo_revolver_ttt	686.581360 -115.429512 128.310074	0.447 0.074 0.063
item_ammo_revolver_ttt	703.261597 -113.934494 128.351868	0.455 0.062 0.046
item_ammo_revolver_ttt	-686.170349 204.628906 -372.494476	0.475 -0.520 0.002
item_ammo_revolver_ttt	-674.663208 204.511169 -372.934906	0.454 -0.065 0.017
item_ammo_smg1_ttt	-768.296753 274.678772 -703.466309	0.084 -0.285 -0.147
item_ammo_smg1_ttt	-768.563599 299.812042 -703.565430	-0.951 0.000 0.625
item_ammo_smg1_ttt	-745.372803 298.994995 -703.478699	0.214 -0.014 -0.187
item_ammo_smg1_ttt	-745.482788 273.349762 -703.499451	0.826 -0.011 -0.616
item_ammo_smg1_ttt	-767.017761 390.910065 -703.488464	0.287 -0.012 -0.242
item_ammo_smg1_ttt	-766.706848 418.445007 -703.569397	-0.748 0.002 0.490
item_ammo_smg1_ttt	-745.045166 417.996796 -703.579834	-0.420 0.004 0.270
item_ammo_smg1_ttt	-746.005920 390.162628 -703.579834	-0.418 0.004 0.268
item_ammo_smg1_ttt	-767.605469 531.944031 -703.562927	-1.097 -0.002 0.723
item_ammo_smg1_ttt	-767.190002 558.300781 -703.588745	-0.268 0.005 0.168
item_ammo_smg1_ttt	-744.641357 556.850525 -703.517822	0.383 0.001 -0.369
item_ammo_smg1_ttt	-744.078918 531.047424 -703.610901	-0.097 0.005 0.053
item_ammo_smg1_ttt	-356.835358 675.661499 -703.613586	-0.088 0.005 0.046
item_ammo_smg1_ttt	-357.853638 651.973389 -703.522522	-0.548 0.084 0.243
item_ammo_smg1_ttt	-378.164825 653.231567 -703.493103	0.479 -0.011 -0.377
item_ammo_smg1_ttt	-378.779785 675.950195 -703.591064	-0.237 0.005 0.147
item_ammo_smg1_ttt	-355.571014 504.778381 -703.569397	-0.745 0.002 0.488
item_ammo_smg1_ttt	-356.228058 530.463928 -703.591064	-0.239 0.005 0.149
item_ammo_smg1_ttt	-374.629425 530.801147 -703.524231	-0.560 0.071 0.256
item_ammo_smg1_ttt	-374.596924 503.948853 -703.481995	0.231 -0.013 -0.202
item_ammo_smg1_ttt	-230.185089 480.967865 -703.573486	-0.598 0.003 0.389
item_ammo_smg1_ttt	-230.126755 458.434784 -703.546631	-0.621 0.001 0.401
item_ammo_smg1_ttt	-230.145004 436.776215 -703.570984	-0.084 0.007 0.032
item_ammo_smg1_ttt	-230.211227 413.395691 -703.455688	-0.798 0.249 0.502
item_ammo_smg1_ttt	-333.801025 242.169876 -703.525635	-0.569 0.014 0.260
item_ammo_smg1_ttt	-348.912842 243.726761 -703.610901	-0.098 0.005 0.053
item_ammo_smg1_ttt	-334.458679 266.769836 -703.498047	0.815 -0.011 -0.608
item_ammo_smg1_ttt	-351.002136 267.417664 -703.608276	-0.109 0.005 0.061
item_ammo_smg1_ttt	-415.741455 246.854172 -703.450623	0.059 0.246 -0.056
item_ammo_smg1_ttt	-432.112122 246.436905 -703.577698	-0.475 0.004 0.307
item_ammo_smg1_ttt	-432.192780 269.373993 -703.523682	-0.505 0.001 0.224
item_ammo_smg1_ttt	-415.850433 270.329773 -703.608276	-0.109 0.005 0.061
item_ammo_smg1_ttt	-498.973083 881.268860 -703.522888	-0.551 0.084 0.246
item_ammo_smg1_ttt	-485.107971 880.358459 -703.475037	0.190 -0.015 -0.163
item_ammo_smg1_ttt	-485.774933 858.267212 -703.498047	0.815 -0.011 -0.608
item_ammo_smg1_ttt	-498.950806 857.535461 -703.524414	-0.561 0.014 0.251
item_ammo_smg1_ttt	-370.545593 881.789612 -703.593445	-0.213 0.005 0.131
item_ammo_smg1_ttt	-355.649536 881.642273 -703.478699	0.214 -0.014 -0.187
item_ammo_smg1_ttt	-355.087891 860.783630 -703.498962	0.828 -0.011 -0.617
item_ammo_smg1_ttt	-369.700317 859.709229 -703.579834	-0.418 0.004 0.269
item_ammo_smg1_ttt	-236.536789 879.154297 -703.565430	-0.943 0.000 0.620
item_ammo_smg1_ttt	-237.773514 855.996887 -703.569397	-0.754 0.002 0.494
item_ammo_smg1_ttt	-251.326645 875.837585 -703.603210	-0.136 0.005 0.079
item_ammo_smg1_ttt	-250.678085 856.137878 -703.512085	-0.255 0.001 0.141
item_ammo_smg1_ttt	-234.344421 -0.428233 -703.575562	-0.526 0.004 0.341
item_ammo_smg1_ttt	-233.527328 -21.022335 -703.519287	0.368 0.001 -0.354
item_ammo_smg1_ttt	-249.517273 -10.732186 -703.619019	-0.071 0.005 0.035
item_ammo_smg1_ttt	-1011.674438 861.756958 -695.593445	0.214 -0.005 0.132
item_ammo_smg1_ttt	-996.642639 861.381165 -695.468445	-0.183 0.018 -0.158
item_ammo_smg1_ttt	-755.530823 -756.140869 -383.591095	0.238 -0.005 0.148
item_ammo_smg1_ttt	-736.583130 -756.306885 -383.562958	1.097 0.002 0.723
item_ammo_smg1_ttt	530.707092 -569.856506 -703.569397	0.745 -0.002 0.487
item_ammo_smg1_ttt	545.711853 -570.152344 -703.603210	0.135 -0.005 0.079
item_ammo_smg1_ttt	366.346710 -1013.914185 -535.588806	0.269 -0.005 0.169
item_ammo_smg1_ttt	347.369415 -1013.770020 -535.492004	-0.360 0.011 -0.294
item_ammo_smg1_ttt	589.851929 237.706299 -703.474487	-0.193 0.016 -0.169
item_ammo_smg1_ttt	590.823425 207.023361 -703.516968	-0.378 -0.001 -0.368
item_ammo_smg1_ttt	592.989014 175.144852 -703.605713	0.122 -0.005 0.070
item_ammo_smg1_ttt	571.354614 220.979691 -703.613586	0.088 -0.005 0.046
item_ammo_smg1_ttt	572.226501 189.793350 -703.497375	-0.801 0.013 -0.599
item_ammo_smg1_ttt	585.577087 20.847029 -703.588745	0.268 -0.005 0.168
item_ammo_smg1_ttt	585.761597 -4.794182 -703.603210	0.135 -0.005 0.079
item_ammo_smg1_ttt	584.901428 -31.792879 -703.577698	0.470 -0.004 0.304
item_ammo_smg1_ttt	570.271912 10.357115 -703.593445	0.211 -0.005 0.130
item_ammo_smg1_ttt	570.954773 -20.521326 -703.494873	-0.593 0.011 -0.457
item_ammo_smg1_ttt	583.475891 -250.637329 -703.567383	0.848 -0.001 0.556
item_ammo_smg1_ttt	584.766235 -222.541962 -703.461426	-0.129 0.017 -0.112
item_ammo_smg1_ttt	585.658142 -192.769287 -703.467651	-0.153 0.016 -0.131
item_ammo_smg1_ttt	566.085327 -207.866470 -703.575562	0.524 -0.004 0.340
item_ammo_smg1_ttt	567.519714 -232.070328 -703.467529	-0.173 0.017 -0.148
item_ammo_smg1_ttt	793.440186 910.443054 -703.565430	0.940 -0.000 0.618
item_ammo_smg1_ttt	774.421753 910.279968 -703.579834	0.420 -0.004 0.270
item_ammo_smg1_ttt	793.147278 888.400330 -703.605713	0.121 -0.005 0.069
item_ammo_smg1_ttt	777.961121 888.455261 -703.479370	-0.219 0.014 -0.191
item_ammo_smg1_ttt	746.752014 992.252808 -703.577698	-0.471 0.004 0.304
item_ammo_smg1_ttt	727.145203 993.291321 -703.586487	-0.297 0.005 0.188
item_ammo_smg1_ttt	727.208191 969.210632 -703.494019	0.532 -0.010 -0.416
item_ammo_smg1_ttt	748.533386 969.770569 -703.593445	-0.212 0.005 0.130
item_ammo_smg1_ttt	610.583130 995.407043 -703.605713	-0.122 0.005 0.069
item_ammo_smg1_ttt	624.667358 993.808289 -703.573486	-0.598 0.003 0.389
item_ammo_smg1_ttt	610.092590 968.338562 -703.478210	0.227 -0.015 -0.191
item_ammo_smg1_ttt	624.745422 968.873413 -703.577698	-0.475 0.004 0.307
item_ammo_smg1_ttt	798.102539 791.722351 -703.485962	-0.278 0.012 -0.239
item_ammo_smg1_ttt	798.270935 813.714905 -703.575562	0.534 -0.004 0.346
item_ammo_smg1_ttt	777.504517 814.232727 -703.497131	-0.803 0.013 -0.599
item_ammo_smg1_ttt	778.211792 791.606018 -703.477783	-0.215 0.015 -0.186
item_ammo_smg1_ttt	611.176758 239.549164 -639.470154	-0.175 0.017 -0.154
item_ammo_smg1_ttt	638.168823 239.934662 -639.588806	0.269 -0.005 0.169
item_ammo_smg1_ttt	358.499878 -681.617981 -535.602173	0.265 -0.005 0.139
item_ammo_smg1_ttt	376.994873 -663.129822 -535.478760	-0.167 0.028 -0.176
item_ammo_smg1_ttt	394.432892 -645.687561 -535.506958	-0.594 0.019 -0.395
item_ammo_smg1_ttt	336.807068 -703.309631 -535.563477	0.493 -0.002 0.318
item_ammo_smg1_ttt	824.590759 -790.023499 -255.060303	0.746 0.111 0.488
item_ammo_smg1_ttt	803.537231 -789.842468 -253.742157	0.400 1.654 0.320
item_ammo_smg1_ttt	825.580261 -811.959412 -255.577698	0.473 -0.004 0.306
item_ammo_smg1_ttt	804.845886 -811.399414 -254.989212	0.127 0.372 -0.402
item_ammo_smg1_ttt	824.975769 -1000.584778 -255.603226	0.136 -0.005 0.079
item_ammo_smg1_ttt	825.702271 -977.070007 -255.543304	-0.856 -0.073 -0.357
item_ammo_smg1_ttt	805.637695 -977.613647 -255.502472	-0.848 0.013 -0.629
item_ammo_smg1_ttt	806.577393 -1001.783752 -255.464233	-0.157 0.018 -0.136
item_ammo_smg1_ttt	210.445145 -971.031250 -255.474686	-0.221 0.017 -0.191
item_ammo_smg1_ttt	229.093460 -969.659668 -255.501602	-0.866 -0.012 -0.650
item_ammo_smg1_ttt	224.562225 -822.797424 -31.582039	0.379 -0.005 0.243
item_ammo_smg1_ttt	268.529175 -772.093201 -31.600723	0.152 -0.005 0.090
item_ammo_smg1_ttt	312.539764 -727.562988 -31.539019	-0.225 -0.019 -0.118
item_ammo_smg1_ttt	349.726532 -690.456970 -31.437351	0.136 0.208 0.086
item_ammo_smg1_ttt	685.304565 -96.313911 128.415741	0.336 -0.005 0.213
item_ammo_smg1_ttt	704.294800 -96.248306 128.480972	-0.088 -0.002 -0.174
item_ammo_smg1_ttt	203.337341 -846.948853 128.411209	0.265 -0.005 0.166
item_ammo_smg1_ttt	203.139954 -868.743286 128.532776	-0.160 0.017 -0.140
item_ammo_smg1_ttt	221.261703 -868.846130 128.520737	-0.224 0.015 -0.196
item_ammo_smg1_ttt	219.813522 -845.492371 128.399277	-0.153 0.005 0.091
item_ammo_smg1_ttt	129.328735 809.761597 -495.605774	0.122 -0.005 0.070
item_ammo_smg1_ttt	108.904480 812.266541 -495.586517	0.298 -0.005 0.188
item_ammo_smg1_ttt	-541.486755 878.914673 -543.483643	0.268 -0.014 -0.229
item_ammo_smg1_ttt	-508.131592 877.026184 -543.523254	-0.504 0.001 0.222
item_ammo_smg1_ttt	-1010.004700 -317.456421 289.407532	0.317 -1.340 18.733
item_ammo_smg1_ttt	-994.037781 -318.329773 289.121643	0.344 -1.361 18.686
item_ammo_smg1_ttt	789.390808 14.273233 -254.471954	0.000 0.017 0.000
item_ammo_smg1_ttt	804.955688 16.125425 -254.471985	0.000 0.013 0.000
item_ammo_pistol_ttt	-767.901367 324.889374 -703.563232	-0.054 -0.020 -0.016
item_ammo_pistol_ttt	-759.512573 324.307953 -703.639282	-0.121 -0.019 -0.036
item_ammo_pistol_ttt	-752.596497 324.341339 -703.679688	-0.156 -0.017 -0.047
item_ammo_pistol_ttt	-745.768372 323.844330 -703.565125	-0.056 -0.020 -0.017
item_ammo_pistol_ttt	-767.290894 510.968109 -703.639282	-0.121 -0.019 -0.036
item_ammo_pistol_ttt	-758.429626 511.344635 -703.549927	-0.043 -0.020 -0.013
item_ammo_pistol_ttt	-752.409424 511.292084 -703.654236	-0.188 -0.017 -0.052
item_ammo_pistol_ttt	-745.689148 510.859985 -703.664246	-0.142 -0.019 -0.043
item_ammo_pistol_ttt	-355.115326 604.807129 -703.608032	-0.093 -0.020 -0.028
item_ammo_pistol_ttt	-362.308044 604.812683 -703.574402	-0.064 -0.020 -0.019
item_ammo_pistol_ttt	-368.644745 605.182129 -703.656982	-0.136 -0.019 -0.041
item_ammo_pistol_ttt	-376.438232 604.993225 -703.661804	-0.140 -0.019 -0.042
item_ammo_pistol_ttt	-241.352020 480.059570 -703.666687	-0.145 -0.018 -0.044
item_ammo_pistol_ttt	-249.089981 480.405914 -703.650085	-0.130 -0.019 -0.039
item_ammo_pistol_ttt	-255.112488 479.535126 -703.562195	-0.415 0.031 -0.143
item_ammo_pistol_ttt	-262.096954 479.637268 -703.633179	-0.115 -0.019 -0.035
item_ammo_pistol_ttt	-363.664886 245.089294 -703.633179	-0.115 -0.019 -0.035
item_ammo_pistol_ttt	-363.583221 266.784546 -703.639282	-0.121 -0.019 -0.036
item_ammo_pistol_ttt	-372.486420 247.143417 -703.639282	-0.121 -0.019 -0.036
item_ammo_pistol_ttt	-373.030731 267.771057 -703.631165	-0.114 -0.019 -0.034
item_ammo_pistol_ttt	-298.208801 879.291382 -703.652344	-0.132 -0.019 -0.040
item_ammo_pistol_ttt	-290.368958 879.079468 -703.661804	-0.140 -0.019 -0.042
item_ammo_pistol_ttt	-290.262329 859.550537 -703.654663	-0.134 -0.019 -0.041
item_ammo_pistol_ttt	-297.785065 859.284912 -703.682434	-0.158 -0.017 -0.048
item_ammo_pistol_ttt	-282.559479 877.885437 -703.669250	-0.147 -0.018 -0.044
item_ammo_pistol_ttt	-282.171814 859.584839 -703.665466	-0.118 0.006 0.009
item_ammo_pistol_ttt	-473.170441 880.068604 -703.645691	-0.126 -0.019 -0.038
item_ammo_pistol_ttt	-464.888275 879.834290 -703.618164	-0.102 -0.020 -0.031
item_ammo_pistol_ttt	-464.614716 859.604431 -703.645691	-0.126 -0.019 -0.038
item_ammo_pistol_ttt	-473.227661 859.736633 -703.671814	-0.149 -0.018 -0.045
item_ammo_pistol_ttt	-456.613831 879.201477 -703.501282	0.000 -0.815 0.000
item_ammo_pistol_ttt	-456.355988 858.504822 -703.585083	-0.073 -0.020 -0.022
item_ammo_pistol_ttt	-232.470352 -116.117249 -703.567078	-0.058 -0.020 -0.017
item_ammo_pistol_ttt	-243.412506 -116.112556 -703.591675	-0.079 -0.020 -0.024
item_ammo_pistol_ttt	-233.212158 -97.434616 -703.608032	-0.093 -0.020 -0.028
item_ammo_pistol_ttt	-242.184158 -97.518234 -703.544434	-0.153 0.031 -0.073
item_ammo_pistol_ttt	593.853333 148.341263 -702.846924	-0.096 -1.612 -0.029
item_ammo_pistol_ttt	581.746338 148.429489 -703.080688	-0.066 0.094 -0.020
item_ammo_pistol_ttt	569.496765 149.636154 -702.678101	-0.053 0.798 -0.016
item_ammo_pistol_ttt	593.580444 127.770874 -703.322205	-0.107 -0.815 -0.032
item_ammo_pistol_ttt	581.592346 126.735237 -702.925537	-0.017 -0.174 -0.005
item_ammo_pistol_ttt	568.262939 127.946396 -703.079285	0.026 -2.594 0.009
item_ammo_pistol_ttt	588.967468 -95.203499 -703.580200	-0.069 -0.020 -0.021
item_ammo_pistol_ttt	588.720947 -117.976303 -703.600220	-0.087 -0.020 -0.026
item_ammo_pistol_ttt	575.756897 -96.492409 -703.603271	-0.089 -0.020 -0.027
item_ammo_pistol_ttt	575.231628 -118.368942 -703.625427	-0.109 -0.019 -0.033
item_ammo_pistol_ttt	560.442200 -117.248138 -703.595886	-0.083 -0.020 -0.025
item_ammo_pistol_ttt	560.354004 -96.180603 -703.576660	-0.066 -0.020 -0.020
item_ammo_pistol_ttt	800.052795 868.384460 -703.614685	-0.099 -0.020 -0.030
item_ammo_pistol_ttt	790.889038 868.821411 -703.631165	-0.114 -0.019 -0.034
item_ammo_pistol_ttt	783.397156 869.318237 -703.658142	-0.356 -0.010 -0.165
item_ammo_pistol_ttt	776.464233 869.319946 -703.598633	-0.269 -0.015 -0.122
item_ammo_pistol_ttt	638.353271 996.380127 -703.643494	-0.124 -0.019 -0.038
item_ammo_pistol_ttt	644.791321 995.743164 -703.635193	-0.117 -0.019 -0.035
item_ammo_pistol_ttt	645.421387 974.412109 -703.598755	-0.085 -0.020 -0.026
item_ammo_pistol_ttt	637.254089 971.576660 -703.619934	-0.104 -0.020 -0.031
item_ammo_pistol_ttt	-767.968201 -203.553726 -703.601746	-0.088 -0.020 -0.027
item_ammo_pistol_ttt	-746.622192 -204.441376 -703.629211	-0.112 -0.019 -0.034
item_ammo_pistol_ttt	688.819031 -393.552948 -535.541199	-0.271 0.032 -0.094
item_ammo_pistol_ttt	679.197144 -393.773865 -535.623596	-0.107 -0.019 -0.032
item_ammo_pistol_ttt	679.296692 -414.561371 -535.590332	-0.078 -0.020 -0.023
item_ammo_pistol_ttt	689.316650 -414.473145 -535.618164	-0.102 -0.020 -0.031
item_ammo_pistol_ttt	825.161682 -832.784058 -255.633179	-0.115 -0.019 -0.035
item_ammo_pistol_ttt	816.578186 -832.664429 -255.601761	-0.088 -0.020 -0.026
item_ammo_pistol_ttt	806.847412 -832.972595 -255.603302	-0.089 -0.020 -0.027
item_ammo_pistol_ttt	799.799683 -832.537415 -255.595871	-0.083 -0.020 -0.025
item_ammo_pistol_ttt	825.457703 -920.777771 -255.654694	-0.134 -0.019 -0.040
item_ammo_pistol_ttt	815.697327 -920.833801 -255.639297	-0.121 -0.019 -0.036
item_ammo_pistol_ttt	805.785339 -921.099854 -255.590317	-0.078 -0.020 -0.023
item_ammo_pistol_ttt	798.033081 -920.788086 -255.637222	-0.119 -0.019 -0.036
item_ammo_pistol_ttt	389.115021 -647.494568 -31.530773	1.052 0.189 0.149
item_ammo_pistol_ttt	418.544067 -618.083618 -31.578608	-0.130 0.192 -0.546
item_ammo_pistol_ttt	445.060516 -591.615356 -31.623205	-0.540 0.027 -0.256
item_ammo_pistol_ttt	478.892090 -557.772339 -31.577995	-0.337 0.035 -0.152
item_ammo_pistol_ttt	719.183411 349.301666 128.345306	-0.134 -0.019 -0.040
item_ammo_pistol_ttt	731.994995 349.134369 128.390350	-0.095 -0.020 -0.029
item_ammo_pistol_ttt	747.982910 348.879303 128.404129	-0.083 -0.020 -0.025
item_ammo_pistol_ttt	764.594910 348.770599 128.372665	-0.110 -0.019 -0.033
item_ammo_pistol_ttt	808.485962 -932.568481 128.408325	-0.079 -0.020 -0.024
item_ammo_pistol_ttt	793.481018 -932.857544 128.390350	-0.095 -0.020 -0.029
item_ammo_pistol_ttt	776.716187 -933.302246 128.376419	-0.107 -0.019 -0.032
item_ammo_pistol_ttt	764.517151 -933.630005 128.342972	-0.136 -0.019 -0.041
item_ammo_pistol_ttt	607.676819 -227.310089 137.364822	-0.117 -0.019 -0.035
item_ammo_pistol_ttt	618.597656 -227.376038 137.404129	-0.083 -0.020 -0.025
item_ammo_pistol_ttt	59.486996 804.997803 -495.616425	-0.101 -0.020 -0.030
item_ammo_pistol_ttt	49.133606 805.816956 -495.647888	-0.128 -0.019 -0.039
ttt_random_weapon	-339.565491 463.775848 -702.839661	2.265 5.679 -91.922
ttt_random_weapon	-338.724823 436.204315 -702.794922	1.791 5.713 -92.898
ttt_random_weapon	-337.781952 400.546143 -702.806702	1.916 5.709 -92.640
ttt_random_weapon	-337.006409 371.258789 -702.841003	2.279 5.682 -91.893
ttt_random_weapon	-336.250580 342.561157 -702.780518	1.637 5.720 -93.214
ttt_random_weapon	-335.071075 297.923584 -702.778442	1.615 5.721 -93.260
ttt_random_weapon	-391.500366 296.176788 -702.795593	1.798 5.714 -92.884
ttt_random_weapon	-393.323334 337.814941 -702.777222	1.602 5.720 -93.285
ttt_random_weapon	-395.115814 377.649323 -702.838318	2.251 5.678 -91.951
ttt_random_weapon	-396.304169 402.211914 -702.774719	1.575 5.722 -93.341
ttt_random_weapon	-397.957855 440.387451 -702.794250	1.784 5.716 -92.912
ttt_random_weapon	-398.913208 461.226501 -702.776489	1.594 5.721 -93.302
ttt_random_weapon	-408.778503 658.100647 -702.773010	1.557 5.723 -93.378
ttt_random_weapon	-407.401031 613.664124 -702.805908	1.907 5.708 -92.658
ttt_random_weapon	-405.985046 574.530212 -702.801208	1.858 5.714 -92.761
ttt_random_weapon	-404.208038 525.067139 -702.813782	1.991 5.709 -92.486
ttt_random_weapon	-403.379913 499.465790 -702.784668	1.682 5.718 -93.123
ttt_random_weapon	-708.826172 539.043945 -702.806702	1.916 5.709 -92.640
ttt_random_weapon	-706.268799 495.637299 -702.795593	1.798 5.714 -92.884
ttt_random_weapon	-703.330750 453.748596 -702.775024	1.579 5.722 -93.334
ttt_random_weapon	-703.840942 409.738647 -702.796265	1.805 5.714 -92.869
ttt_random_weapon	-703.192871 368.034515 -702.811035	1.962 5.706 -92.546
ttt_random_weapon	-701.687012 331.963593 -702.754150	1.258 4.911 -94.388
ttt_random_weapon	-699.112732 272.099243 -702.776123	1.590 5.721 -93.310
ttt_random_weapon	-697.192993 303.798615 -702.797607	1.819 5.715 -92.840
ttt_random_weapon	-253.110962 826.360352 -702.786682	1.703 5.717 -93.078
ttt_random_weapon	-309.095917 829.157898 -702.811951	1.972 5.707 -92.526
ttt_random_weapon	-371.367340 829.380554 -702.839661	2.265 5.679 -91.922
ttt_random_weapon	-427.530640 828.991211 -702.829590	2.159 5.699 -92.141
ttt_random_weapon	-490.230591 829.052368 -702.827271	2.134 5.695 -92.192
ttt_random_weapon	-554.121887 -86.821701 -702.842346	2.294 5.679 -91.864
ttt_random_weapon	-555.158508 -38.145176 -702.816650	2.022 5.704 -92.423
ttt_random_weapon	-556.381226 -5.491852 -702.784668	1.682 5.718 -93.123
ttt_random_weapon	-557.909424 32.167744 -702.790039	1.739 5.716 -93.006
ttt_random_weapon	541.461548 239.026123 -702.785156	1.687 5.718 -93.112
ttt_random_weapon	538.768555 199.495895 -702.835754	2.224 5.692 -92.008
ttt_random_weapon	534.747559 147.272842 -702.792419	1.764 5.715 -92.954
ttt_random_weapon	531.170349 105.786034 -702.781799	1.651 5.719 -93.185
ttt_random_weapon	528.150330 40.335369 -702.838318	2.251 5.678 -91.951
ttt_random_weapon	527.626526 -21.891792 -702.821777	2.076 5.700 -92.312
ttt_random_weapon	529.885437 -87.303352 -702.811951	1.972 5.707 -92.526
ttt_random_weapon	532.726990 -140.817352 -702.845154	2.323 5.662 -91.803
ttt_random_weapon	533.999512 -182.711807 -702.769531	1.520 5.724 -93.454
ttt_random_weapon	532.013794 -257.695618 -702.794922	1.791 5.713 -92.898
ttt_random_weapon	531.874573 -225.379501 -702.841003	2.279 5.682 -91.893
ttt_random_weapon	745.484802 922.707092 -702.843750	2.308 5.660 -91.833
ttt_random_weapon	746.695984 883.133423 -702.769287	1.517 5.723 -93.460
ttt_random_weapon	746.093750 847.160400 -702.795593	1.798 5.714 -92.884
ttt_random_weapon	742.555603 807.752136 -702.798950	1.838 5.721 -92.782
ttt_random_weapon	740.793518 771.190674 -702.794922	1.791 5.713 -92.898
ttt_random_weapon	600.351746 938.593689 -702.805054	1.899 5.713 -92.676
ttt_random_weapon	656.074219 939.883240 -702.810120	1.953 5.706 -92.566
ttt_random_weapon	713.903870 941.461304 -702.801208	1.858 5.714 -92.761
ttt_random_weapon	685.246155 -268.397369 -638.785950	1.717 4.769 -92.960
ttt_random_weapon	588.709900 -266.193848 -638.789185	1.753 4.772 -92.877
ttt_random_weapon	500.467529 -557.439697 -534.779419	1.643 4.764 -93.128
ttt_random_weapon	530.154419 -519.275330 -534.788574	1.747 4.771 -92.891
ttt_random_weapon	564.026306 -483.243286 -534.773193	1.573 4.759 -93.290
ttt_random_weapon	279.768585 -783.585876 -534.778198	1.629 4.763 -93.160
ttt_random_weapon	314.723389 -744.311035 -534.797974	1.852 4.778 -92.649
ttt_random_weapon	603.503479 -448.991730 -534.781616	1.668 4.766 -93.072
ttt_random_weapon	774.597412 -793.848145 -254.807129	1.955 4.720 -92.413
ttt_random_weapon	774.744812 -839.627441 -254.796570	1.837 4.714 -92.685
ttt_random_weapon	775.407288 -899.688049 -254.773834	1.580 4.687 -93.273
ttt_random_weapon	777.880005 -869.099976 -254.802322	1.901 4.718 -92.537
ttt_random_weapon	778.565796 -941.787659 -254.763901	1.467 4.670 -93.531
ttt_random_weapon	776.282410 -973.628967 -254.795227	1.822 4.712 -92.720
ttt_random_weapon	778.035522 -1003.747864 -254.792679	1.793 4.710 -92.786
ttt_random_weapon	777.063965 -751.246399 -254.789703	1.759 4.707 -92.862
ttt_random_weapon	765.727783 -445.751740 -30.782051	1.673 4.766 -93.061
ttt_random_weapon	717.338257 -444.837982 -30.799381	1.868 4.779 -92.613
ttt_random_weapon	673.183228 -444.902740 -30.786448	1.722 4.769 -92.947
ttt_random_weapon	671.539429 -410.946655 -30.789732	1.759 4.772 -92.862
ttt_random_weapon	722.599609 -414.075928 -30.766512	1.497 4.753 -93.463
ttt_random_weapon	772.693604 -411.687622 -30.792093	1.786 4.774 -92.801
ttt_random_weapon	551.243225 -698.841064 129.180038	1.986 5.333 -92.213
ttt_random_weapon	549.434570 -755.745728 129.237122	1.456 4.749 -93.557
ttt_random_weapon	550.738159 -800.740417 129.227112	1.569 4.759 -93.298
ttt_random_weapon	732.126709 -558.936768 129.231110	1.524 4.755 -93.401
ttt_random_weapon	801.815430 -418.395813 129.209106	1.773 4.773 -92.832
ttt_random_weapon	804.527649 -474.935852 129.234756	1.483 4.752 -93.496
ttt_random_weapon	729.636292 16.871500 129.206665	1.800 4.775 -92.769
ttt_random_weapon	729.392090 97.849243 129.206940	1.693 5.319 -92.895
ttt_random_weapon	729.280579 -47.125839 129.192062	1.935 5.028 -92.426
ttt_random_weapon	428.911194 -984.304504 129.232346	1.510 4.754 -93.433
weapon_ttt_g3sg1	-818.951233 436.446228 -174.662918	-0.820 2.080 -88.123
weapon_ttt_sg550	720.654114 659.938293 129.549469	0.368 -12.638 -89.788
weapon_ttt_m16	-757.077942 -221.874084 -703.176880	2.289 -6.206 84.198
weapon_zm_sledge	253.847275 -997.339539 -706.268005	12.345 0.609 2.612
weapon_ttt_mp5	623.896667 215.968185 -640.500854	-7.498 1.030 -1.880
weapon_ttt_galil	-1002.797363 -333.128967 284.483276	-3.744 6.616 105.427
weapon_ttt_revolver	-665.193787 204.248596 -370.700623	8.332 22.493 76.329
weapon_zm_molotov	-172.660385 -0.373238 -703.867798	-1.048 -1.284 -0.611
weapon_zm_molotov	-169.914276 24.825546 -703.797302	-0.298 -1.369 -0.173
weapon_zm_molotov	545.416321 -979.918274 -95.855423	-0.916 -1.307 -0.534
weapon_zm_molotov	563.329285 -972.989868 -95.807976	-0.411 -1.363 -0.239
weapon_zm_molotov	-758.310425 277.109100 -112.354828	2.822 -4.733 -0.889
weapon_zm_molotov	-744.403687 275.271179 -112.151268	-0.010 -3.685 -0.006
weapon_zm_rifle	-765.493469 -780.838806 175.094666	3.686 12.652 64.997
weapon_zm_rifle	-143.496140 936.628052 111.089851	3.698 12.651 64.974
weapon_zm_mac10	112.910812 832.761902 -494.725616	-0.491 -53.908 -88.359
weapon_zm_mac10	-524.417236 857.343994 -542.726196	-0.497 -53.908 -88.361
weapon_ttt_p228	76.530685 810.200378 -495.817627	36.341 0.384 0.131
weapon_zm_pistol	618.596863 -208.208328 137.919067	0.535 -37.230 -89.228
weapon_ttt_dual_elites	-129.295059 4.080025 -704.041138	1.935 0.156 -0.053
weapon_ttt_tmp	525.731995 -598.201721 -702.685242	0.129 -23.411 -89.248
weapon_ttt_tmp	762.497559 -2.716294 -253.665115	0.111 -25.651 -89.745
weapon_ttt_confgrenade	-767.793518 -101.436623 -701.860779	-37.442 -49.151 -91.317
weapon_ttt_confgrenade	-768.505554 -109.164192 -701.993042	-36.379 -50.815 -88.444
weapon_ttt_confgrenade	-1075.060547 872.629150 -693.853882	-36.603 -55.161 -91.219
weapon_ttt_confgrenade	-1060.409546 871.656250 -693.870850	-36.355 -55.406 -90.816
weapon_ttt_confgrenade	-144.626160 1013.485352 114.066254	-35.435 -56.238 -89.365
weapon_ttt_confgrenade	-128.747299 1016.899536 114.109833	-36.073 -55.669 -90.364
weapon_ttt_confgrenade	693.343689 -17.797098 130.099213	-35.917 -55.815 -90.118
weapon_ttt_confgrenade	690.449890 67.212379 130.150070	-36.661 -55.105 -91.312
weapon_ttt_confgrenade	-828.880676 -897.699768 -653.785522	-37.600 -54.117 -92.884
weapon_ttt_confgrenade	-830.123779 -874.759094 -653.940247	-35.337 -56.333 -89.217
weapon_ttt_confgrenade	207.029984 -873.023499 -253.909042	-35.674 -56.793 -89.898
weapon_ttt_confgrenade	207.215927 -888.143555 -253.880051	-36.117 -56.369 -90.573
weapon_zm_shotgun	-737.334229 -85.047546 -702.915222	-0.325 -8.952 -84.021
weapon_zm_shotgun	-635.283936 177.249435 -275.496643	-0.380 -9.143 -83.259
weapon_ttt_famas	-1001.082153 849.195374 -694.833130	0.014 15.429 89.888
weapon_zm_revolver	-789.661865 -665.734070 -703.029541	1.873 -19.163 -86.016
weapon_ttt_aug	224.518372 -985.512939 -255.463516	0.075 9.564 86.774
weapon_ttt_sg552	362.142883 -995.630066 -534.951172	2.157 1.595 -84.624
