# Trouble in Terrorist Town weapon/ammo placement overrides
# For map: ttt_lego
# Exported by: dduudu
setting:	replacespawns 1
ttt_playerspawn	1334.398804 90.626007 10.535753	-0.078 0.000 0.077
ttt_playerspawn	1336.063965 -10.639626 10.536714	-0.076 -0.000 0.077
ttt_playerspawn	1338.908447 -113.235321 10.536714	-0.077 0.000 0.076
ttt_playerspawn	1229.209351 -107.952637 10.542181	-0.070 -0.000 0.070
ttt_playerspawn	1224.131592 -9.414198 10.534780	-0.079 -0.000 0.079
ttt_playerspawn	1224.130737 92.715195 10.562053	-0.046 -0.000 0.045
ttt_playerspawn	1119.653198 99.122581 10.538590	-0.074 -0.000 0.074
ttt_playerspawn	1122.114746 -12.866674 10.560475	0.063 0.000 -0.063
ttt_playerspawn	1126.528564 -96.365471 10.539511	-0.073 -0.000 0.073
ttt_playerspawn	-1390.518555 75.407791 10.543037	-0.068 -0.000 0.069
ttt_playerspawn	-1388.067871 -16.970100 10.558476	-0.050 -0.000 0.051
ttt_playerspawn	-1385.867676 -110.545547 10.530727	-0.084 -0.000 0.084
ttt_playerspawn	-1491.249634 76.989929 10.543042	-0.069 0.000 0.069
ttt_playerspawn	-1495.235352 -15.943625 10.540414	-0.072 -0.000 0.072
ttt_playerspawn	-1496.830444 -110.432220 10.553867	-0.056 0.000 0.055
ttt_playerspawn	-1610.130127 74.906601 10.536704	0.076 0.000 0.077
ttt_playerspawn	-1610.341675 -15.579437 10.529674	-0.085 -0.000 0.085
ttt_playerspawn	-1608.943848 -111.862480 10.540414	-0.072 0.000 0.072
ttt_playerspawn	-97.883995 1938.382568 10.536714	-0.077 -0.000 0.076
ttt_playerspawn	3.170402 1943.335693 10.555906	-0.054 0.000 0.053
ttt_playerspawn	93.431915 1945.541748 10.529674	-0.085 -0.000 0.085
ttt_playerspawn	93.806053 1834.157715 10.550259	-0.060 -0.000 0.060
ttt_playerspawn	0.181859 1838.943726 10.541306	-0.071 -0.000 0.071
ttt_playerspawn	-98.467918 1840.172729 10.525304	-0.090 -0.000 0.090
ttt_playerspawn	-97.764343 1739.452759 10.548742	-0.062 -0.000 0.062
ttt_playerspawn	-0.514089 1736.060181 10.553168	-0.057 0.000 0.056
ttt_playerspawn	87.382034 1733.622070 10.537659	-0.075 -0.000 0.075
ttt_playerspawn	932.156494 -1051.471558 10.406761	-0.082 -0.000 0.082
ttt_playerspawn	1089.719849 -1056.082153 10.418041	-0.069 -0.000 0.069
ttt_playerspawn	-1073.099365 -1790.919434 10.532783	-0.081 -0.000 0.081
ttt_playerspawn	-947.248596 -1790.381714 10.530727	-0.084 -0.000 0.084
ttt_playerspawn	-829.060547 -1790.603149 10.568311	-0.039 0.000 0.037
item_box_buckshot_ttt	278.789001 410.273987 1.293880	0.000 0.000 0.000
item_box_buckshot_ttt	259.062988 441.170990 1.293890	0.000 0.000 0.000
item_box_buckshot_ttt	258.859985 539.262024 1.293880	0.000 0.000 0.000
item_box_buckshot_ttt	224.173004 466.791992 1.293880	0.000 0.000 0.000
item_box_buckshot_ttt	172.809998 -1180.069946 9.293880	0.000 0.000 0.000
item_box_buckshot_ttt	223.464996 -1180.839966 9.293880	0.000 0.000 0.000
item_box_buckshot_ttt	236.188004 -1207.459961 9.293880	0.000 0.000 0.000
item_box_buckshot_ttt	225.147995 -1134.739990 9.293880	0.000 0.000 0.000
item_box_buckshot_ttt	-910.112976 -1560.479980 9.293880	0.000 0.000 0.000
item_box_buckshot_ttt	-937.023987 -1646.680054 9.293880	0.000 0.000 0.000
item_box_buckshot_ttt	-912.461975 -1617.020020 9.293880	0.000 0.000 0.000
item_box_buckshot_ttt	-957.635010 -1558.890015 9.293880	0.000 0.000 0.000
item_box_buckshot_ttt	-1217.319946 -290.635986 1.293880	0.000 0.000 0.000
item_box_buckshot_ttt	-1254.430054 -335.817993 1.293880	0.000 0.000 0.000
item_box_buckshot_ttt	-1264.319946 -362.059998 1.293870	0.000 0.000 0.000
item_box_buckshot_ttt	-1297.280029 -289.130005 1.293880	0.000 0.000 0.000
item_box_buckshot_ttt	278.789001 410.273987 1.293880	0.000 0.000 0.000
item_box_buckshot_ttt	259.062988 441.170990 1.293890	0.000 0.000 0.000
item_box_buckshot_ttt	258.859985 539.262024 1.293880	0.000 0.000 0.000
item_box_buckshot_ttt	224.173004 466.791992 1.293880	0.000 0.000 0.000
item_box_buckshot_ttt	172.809998 -1180.069946 9.293880	0.000 0.000 0.000
item_box_buckshot_ttt	223.464996 -1180.839966 9.293880	0.000 0.000 0.000
item_box_buckshot_ttt	236.188004 -1207.459961 9.293880	0.000 0.000 0.000
item_box_buckshot_ttt	225.147995 -1134.739990 9.293880	0.000 0.000 0.000
item_box_buckshot_ttt	-910.112976 -1560.479980 9.293880	0.000 0.000 0.000
item_box_buckshot_ttt	-937.023987 -1646.680054 9.293880	0.000 0.000 0.000
item_box_buckshot_ttt	-912.461975 -1617.020020 9.293880	0.000 0.000 0.000
item_box_buckshot_ttt	-957.635010 -1558.890015 9.293880	0.000 0.000 0.000
item_box_buckshot_ttt	-1217.319946 -290.635986 1.293880	0.000 0.000 0.000
item_box_buckshot_ttt	-1254.430054 -335.817993 1.293880	0.000 0.000 0.000
item_box_buckshot_ttt	-1264.319946 -362.059998 1.293870	0.000 0.000 0.000
item_box_buckshot_ttt	-1297.280029 -289.130005 1.293880	0.000 0.000 0.000
item_box_buckshot_ttt	278.789001 410.273987 1.293880	0.000 0.000 0.000
item_box_buckshot_ttt	259.062988 441.170990 1.293890	0.000 0.000 0.000
item_box_buckshot_ttt	258.859985 539.262024 1.293880	0.000 0.000 0.000
item_box_buckshot_ttt	224.173004 466.791992 1.293880	0.000 0.000 0.000
item_box_buckshot_ttt	172.809998 -1180.069946 9.293880	0.000 0.000 0.000
item_box_buckshot_ttt	223.464996 -1180.839966 9.293880	0.000 0.000 0.000
item_box_buckshot_ttt	236.188004 -1207.459961 9.293880	0.000 0.000 0.000
item_box_buckshot_ttt	225.147995 -1134.739990 9.293880	0.000 0.000 0.000
item_box_buckshot_ttt	-910.112976 -1560.479980 9.293880	0.000 0.000 0.000
item_box_buckshot_ttt	-937.023987 -1646.680054 9.293880	0.000 0.000 0.000
item_box_buckshot_ttt	-912.461975 -1617.020020 9.293880	0.000 0.000 0.000
item_box_buckshot_ttt	-957.635010 -1558.890015 9.293880	0.000 0.000 0.000
item_box_buckshot_ttt	-1217.319946 -290.635986 1.293880	0.000 0.000 0.000
item_box_buckshot_ttt	-1254.430054 -335.817993 1.293880	0.000 0.000 0.000
item_box_buckshot_ttt	-1264.319946 -362.059998 1.293870	0.000 0.000 0.000
item_box_buckshot_ttt	-1297.280029 -289.130005 1.293880	0.000 0.000 0.000
item_ammo_357_ttt	-1438.199951 -1516.079956 1.275810	0.000 0.000 0.000
item_ammo_357_ttt	-1551.170044 -1545.180054 1.275790	0.000 0.000 0.000
item_ammo_357_ttt	-1493.839966 -1481.420044 1.275800	0.000 0.000 0.000
item_ammo_357_ttt	652.206970 1048.270020 1.275810	0.000 0.000 0.000
item_ammo_357_ttt	604.263000 1072.930054 1.275810	0.000 0.000 0.000
item_ammo_357_ttt	618.057007 1104.989990 1.275800	0.000 0.000 0.000
item_ammo_357_ttt	-1438.199951 -1516.079956 1.275810	0.000 0.000 0.000
item_ammo_357_ttt	-1551.170044 -1545.180054 1.275790	0.000 0.000 0.000
item_ammo_357_ttt	-1493.839966 -1481.420044 1.275800	0.000 0.000 0.000
item_ammo_357_ttt	652.206970 1048.270020 1.275810	0.000 0.000 0.000
item_ammo_357_ttt	604.263000 1072.930054 1.275810	0.000 0.000 0.000
item_ammo_357_ttt	618.057007 1104.989990 1.275800	0.000 0.000 0.000
item_ammo_357_ttt	-1438.199951 -1516.079956 1.275810	0.000 0.000 0.000
item_ammo_357_ttt	-1551.170044 -1545.180054 1.275790	0.000 0.000 0.000
item_ammo_357_ttt	-1493.839966 -1481.420044 1.275800	0.000 0.000 0.000
item_ammo_357_ttt	652.206970 1048.270020 1.275810	0.000 0.000 0.000
item_ammo_357_ttt	604.263000 1072.930054 1.275810	0.000 0.000 0.000
item_ammo_357_ttt	618.057007 1104.989990 1.275800	0.000 0.000 0.000
item_ammo_357_ttt	-1521.583740 -1827.439941 120.317070	0.447 0.005 0.062
item_ammo_357_ttt	-1531.124878 -1827.232178 120.444740	0.483 -0.204 0.318
item_ammo_smg1_ttt	-90.106598 149.039993 9.344720	0.000 0.000 0.000
item_ammo_smg1_ttt	-138.384003 142.244995 9.344760	0.000 0.000 0.000
item_ammo_smg1_ttt	-170.919006 85.025703 9.344720	0.000 0.000 0.000
item_ammo_smg1_ttt	-106.206001 93.531998 9.344760	0.000 0.000 0.000
item_ammo_smg1_ttt	221.190002 -127.431999 9.344720	0.000 0.000 0.000
item_ammo_smg1_ttt	183.526001 -143.432007 9.344720	0.000 0.000 0.000
item_ammo_smg1_ttt	103.697998 -192.529999 9.344720	0.000 0.000 0.000
item_ammo_smg1_ttt	187.533005 -198.593002 1.344720	0.000 0.000 0.000
item_ammo_smg1_ttt	-1520.489990 -1507.400024 1.344710	0.000 0.000 0.000
item_ammo_smg1_ttt	-1464.510010 -1500.339966 1.344720	0.000 0.000 0.000
item_ammo_smg1_ttt	-1437.650024 -1547.040039 1.344720	0.000 0.000 0.000
item_ammo_smg1_ttt	644.445984 1099.969971 1.344720	0.000 0.000 0.000
item_ammo_smg1_ttt	627.908020 1036.510010 1.344720	0.000 0.000 0.000
item_ammo_smg1_ttt	582.056030 1092.910034 1.344720	0.000 0.000 0.000
item_ammo_smg1_ttt	-1544.560059 1623.420044 1.344740	0.000 0.000 0.000
item_ammo_smg1_ttt	-1523.319946 1572.780029 1.344720	0.000 0.000 0.000
item_ammo_smg1_ttt	-1498.069946 1613.229980 1.344720	0.000 0.000 0.000
item_ammo_smg1_ttt	-90.106598 149.039993 9.344720	0.000 0.000 0.000
item_ammo_smg1_ttt	-138.384003 142.244995 9.344760	0.000 0.000 0.000
item_ammo_smg1_ttt	-170.919006 85.025703 9.344720	0.000 0.000 0.000
item_ammo_smg1_ttt	-106.206001 93.531998 9.344760	0.000 0.000 0.000
item_ammo_smg1_ttt	221.190002 -127.431999 9.344720	0.000 0.000 0.000
item_ammo_smg1_ttt	183.526001 -143.432007 9.344720	0.000 0.000 0.000
item_ammo_smg1_ttt	103.697998 -192.529999 9.344720	0.000 0.000 0.000
item_ammo_smg1_ttt	187.533005 -198.593002 1.344720	0.000 0.000 0.000
item_ammo_smg1_ttt	-1520.489990 -1507.400024 1.344710	0.000 0.000 0.000
item_ammo_smg1_ttt	-1464.510010 -1500.339966 1.344720	0.000 0.000 0.000
item_ammo_smg1_ttt	-1437.650024 -1547.040039 1.344720	0.000 0.000 0.000
item_ammo_smg1_ttt	644.445984 1099.969971 1.344720	0.000 0.000 0.000
item_ammo_smg1_ttt	627.908020 1036.510010 1.344720	0.000 0.000 0.000
item_ammo_smg1_ttt	582.056030 1092.910034 1.344720	0.000 0.000 0.000
item_ammo_smg1_ttt	-1544.560059 1623.420044 1.344740	0.000 0.000 0.000
item_ammo_smg1_ttt	-1523.319946 1572.780029 1.344720	0.000 0.000 0.000
item_ammo_smg1_ttt	-1498.069946 1613.229980 1.344720	0.000 0.000 0.000
item_ammo_smg1_ttt	-90.106598 149.039993 9.344720	0.000 0.000 0.000
item_ammo_smg1_ttt	-138.384003 142.244995 9.344760	0.000 0.000 0.000
item_ammo_smg1_ttt	-170.919006 85.025703 9.344720	0.000 0.000 0.000
item_ammo_smg1_ttt	-106.206001 93.531998 9.344760	0.000 0.000 0.000
item_ammo_smg1_ttt	221.190002 -127.431999 9.344720	0.000 0.000 0.000
item_ammo_smg1_ttt	183.526001 -143.432007 9.344720	0.000 0.000 0.000
item_ammo_smg1_ttt	103.697998 -192.529999 9.344720	0.000 0.000 0.000
item_ammo_smg1_ttt	187.533005 -198.593002 1.344720	0.000 0.000 0.000
item_ammo_smg1_ttt	-1520.489990 -1507.400024 1.344710	0.000 0.000 0.000
item_ammo_smg1_ttt	-1464.510010 -1500.339966 1.344720	0.000 0.000 0.000
item_ammo_smg1_ttt	-1437.650024 -1547.040039 1.344720	0.000 0.000 0.000
item_ammo_smg1_ttt	644.445984 1099.969971 1.344720	0.000 0.000 0.000
item_ammo_smg1_ttt	627.908020 1036.510010 1.344720	0.000 0.000 0.000
item_ammo_smg1_ttt	582.056030 1092.910034 1.344720	0.000 0.000 0.000
item_ammo_smg1_ttt	-1544.560059 1623.420044 1.344740	0.000 0.000 0.000
item_ammo_smg1_ttt	-1523.319946 1572.780029 1.344720	0.000 0.000 0.000
item_ammo_smg1_ttt	-1498.069946 1613.229980 1.344720	0.000 0.000 0.000
item_ammo_pistol_ttt	1044.270020 1283.050049 1.280140	0.000 0.000 0.000
item_ammo_pistol_ttt	991.715027 1294.650024 1.280140	0.000 0.000 0.000
item_ammo_pistol_ttt	1047.420044 1219.880005 1.280140	0.000 0.000 0.000
item_ammo_pistol_ttt	1024.989990 1226.760010 1.280140	0.000 0.000 0.000
item_ammo_pistol_ttt	-1249.520020 1225.780029 1.280140	0.000 0.000 0.000
item_ammo_pistol_ttt	-1286.390015 1266.540039 1.280110	0.000 0.000 0.000
item_ammo_pistol_ttt	-1314.189941 1213.660034 1.280110	0.000 0.000 0.000
item_ammo_pistol_ttt	-1319.479980 1255.599976 1.280110	0.000 0.000 0.000
item_ammo_pistol_ttt	1017.270020 212.843002 1.280140	0.000 0.000 0.000
item_ammo_pistol_ttt	946.557983 250.981995 1.280140	0.000 0.000 0.000
item_ammo_pistol_ttt	992.435974 279.196991 1.280140	0.000 0.000 0.000
item_ammo_pistol_ttt	944.338989 220.750000 1.280120	0.000 0.000 0.000
item_ammo_pistol_ttt	1211.949951 -933.625977 9.155140	0.000 0.000 0.000
item_ammo_pistol_ttt	1212.920044 -971.745972 9.155140	0.000 0.000 0.000
item_ammo_pistol_ttt	1246.280029 -938.330994 9.155140	0.000 0.000 0.000
item_ammo_pistol_ttt	1239.560059 -882.484985 9.155140	0.000 0.000 0.000
item_ammo_pistol_ttt	-826.280029 -435.468994 1.280140	0.000 0.000 0.000
item_ammo_pistol_ttt	-865.070984 -397.950989 1.280140	0.000 0.000 0.000
item_ammo_pistol_ttt	-858.328979 -469.398987 1.280140	0.000 0.000 0.000
item_ammo_pistol_ttt	-873.859985 -454.911011 1.280140	0.000 0.000 0.000
item_ammo_pistol_ttt	-1295.869995 -1663.530029 1.280160	0.000 0.000 0.000
item_ammo_pistol_ttt	-1256.410034 -1684.619995 1.280140	0.000 0.000 0.000
item_ammo_pistol_ttt	-1261.140015 -1641.969971 1.280140	0.000 0.000 0.000
item_ammo_pistol_ttt	-1233.609985 537.744019 1.280140	0.000 0.000 0.000
item_ammo_pistol_ttt	-1267.959961 508.658997 1.280130	0.000 0.000 0.000
item_ammo_pistol_ttt	-1260.469971 488.377991 1.280140	0.000 0.000 0.000
item_ammo_pistol_ttt	-823.133972 1181.010010 1.280140	0.000 0.000 0.000
item_ammo_pistol_ttt	-845.372009 1171.229980 1.280140	0.000 0.000 0.000
item_ammo_pistol_ttt	-864.549011 1186.640015 1.280140	0.000 0.000 0.000
item_ammo_pistol_ttt	-850.963989 1203.459961 1.280140	0.000 0.000 0.000
item_ammo_pistol_ttt	-841.974976 1216.189941 1.280140	0.000 0.000 0.000
item_ammo_pistol_ttt	-870.739990 1238.469971 1.280140	0.000 0.000 0.000
item_ammo_pistol_ttt	-817.919983 1225.209961 1.280140	0.000 0.000 0.000
item_ammo_pistol_ttt	896.000000 848.000000 1.280140	0.000 0.000 0.000
item_ammo_pistol_ttt	800.000000 848.000000 1.280140	0.000 0.000 0.000
item_ammo_pistol_ttt	444.848999 -720.664978 1.280130	0.000 0.000 0.000
item_ammo_pistol_ttt	483.886993 -716.681030 1.280130	0.000 0.000 0.000
item_ammo_pistol_ttt	386.720001 -715.307983 1.280140	0.000 0.000 0.000
item_ammo_pistol_ttt	1044.270020 1283.050049 1.280140	0.000 0.000 0.000
item_ammo_pistol_ttt	991.715027 1294.650024 1.280140	0.000 0.000 0.000
item_ammo_pistol_ttt	1047.420044 1219.880005 1.280140	0.000 0.000 0.000
item_ammo_pistol_ttt	1024.989990 1226.760010 1.280140	0.000 0.000 0.000
item_ammo_pistol_ttt	-1249.520020 1225.780029 1.280140	0.000 0.000 0.000
item_ammo_pistol_ttt	-1286.390015 1266.540039 1.280110	0.000 0.000 0.000
item_ammo_pistol_ttt	-1314.189941 1213.660034 1.280110	0.000 0.000 0.000
item_ammo_pistol_ttt	-1319.479980 1255.599976 1.280110	0.000 0.000 0.000
item_ammo_pistol_ttt	1017.270020 212.843002 1.280140	0.000 0.000 0.000
item_ammo_pistol_ttt	946.557983 250.981995 1.280140	0.000 0.000 0.000
item_ammo_pistol_ttt	992.435974 279.196991 1.280140	0.000 0.000 0.000
item_ammo_pistol_ttt	944.338989 220.750000 1.280120	0.000 0.000 0.000
item_ammo_pistol_ttt	1211.949951 -933.625977 9.155140	0.000 0.000 0.000
item_ammo_pistol_ttt	1212.920044 -971.745972 9.155140	0.000 0.000 0.000
item_ammo_pistol_ttt	1246.280029 -938.330994 9.155140	0.000 0.000 0.000
item_ammo_pistol_ttt	1239.560059 -882.484985 9.155140	0.000 0.000 0.000
item_ammo_pistol_ttt	-826.280029 -435.468994 1.280140	0.000 0.000 0.000
item_ammo_pistol_ttt	-865.070984 -397.950989 1.280140	0.000 0.000 0.000
item_ammo_pistol_ttt	-858.328979 -469.398987 1.280140	0.000 0.000 0.000
item_ammo_pistol_ttt	-873.859985 -454.911011 1.280140	0.000 0.000 0.000
item_ammo_pistol_ttt	-1295.869995 -1663.530029 1.280160	0.000 0.000 0.000
item_ammo_pistol_ttt	-1256.410034 -1684.619995 1.280140	0.000 0.000 0.000
item_ammo_pistol_ttt	-1261.140015 -1641.969971 1.280140	0.000 0.000 0.000
item_ammo_pistol_ttt	-1233.609985 537.744019 1.280140	0.000 0.000 0.000
item_ammo_pistol_ttt	-1267.959961 508.658997 1.280130	0.000 0.000 0.000
item_ammo_pistol_ttt	-1260.469971 488.377991 1.280140	0.000 0.000 0.000
item_ammo_pistol_ttt	-823.133972 1181.010010 1.280140	0.000 0.000 0.000
item_ammo_pistol_ttt	-845.372009 1171.229980 1.280140	0.000 0.000 0.000
item_ammo_pistol_ttt	-864.549011 1186.640015 1.280140	0.000 0.000 0.000
item_ammo_pistol_ttt	-850.963989 1203.459961 1.280140	0.000 0.000 0.000
item_ammo_pistol_ttt	-841.974976 1216.189941 1.280140	0.000 0.000 0.000
item_ammo_pistol_ttt	-870.739990 1238.469971 1.280140	0.000 0.000 0.000
item_ammo_pistol_ttt	-817.919983 1225.209961 1.280140	0.000 0.000 0.000
item_ammo_pistol_ttt	896.000000 848.000000 1.280140	0.000 0.000 0.000
item_ammo_pistol_ttt	800.000000 848.000000 1.280140	0.000 0.000 0.000
item_ammo_pistol_ttt	444.848999 -720.664978 1.280130	0.000 0.000 0.000
item_ammo_pistol_ttt	483.886993 -716.681030 1.280130	0.000 0.000 0.000
item_ammo_pistol_ttt	386.720001 -715.307983 1.280140	0.000 0.000 0.000
item_ammo_pistol_ttt	1044.270020 1283.050049 1.280140	0.000 0.000 0.000
item_ammo_pistol_ttt	991.715027 1294.650024 1.280140	0.000 0.000 0.000
item_ammo_pistol_ttt	1047.420044 1219.880005 1.280140	0.000 0.000 0.000
item_ammo_pistol_ttt	1024.989990 1226.760010 1.280140	0.000 0.000 0.000
item_ammo_pistol_ttt	-1249.520020 1225.780029 1.280140	0.000 0.000 0.000
item_ammo_pistol_ttt	-1286.390015 1266.540039 1.280110	0.000 0.000 0.000
item_ammo_pistol_ttt	-1314.189941 1213.660034 1.280110	0.000 0.000 0.000
item_ammo_pistol_ttt	-1319.479980 1255.599976 1.280110	0.000 0.000 0.000
item_ammo_pistol_ttt	1017.270020 212.843002 1.280140	0.000 0.000 0.000
item_ammo_pistol_ttt	946.557983 250.981995 1.280140	0.000 0.000 0.000
item_ammo_pistol_ttt	992.435974 279.196991 1.280140	0.000 0.000 0.000
item_ammo_pistol_ttt	944.338989 220.750000 1.280120	0.000 0.000 0.000
item_ammo_pistol_ttt	1211.949951 -933.625977 9.155140	0.000 0.000 0.000
item_ammo_pistol_ttt	1212.920044 -971.745972 9.155140	0.000 0.000 0.000
item_ammo_pistol_ttt	1246.280029 -938.330994 9.155140	0.000 0.000 0.000
item_ammo_pistol_ttt	1239.560059 -882.484985 9.155140	0.000 0.000 0.000
item_ammo_pistol_ttt	-826.280029 -435.468994 1.280140	0.000 0.000 0.000
item_ammo_pistol_ttt	-865.070984 -397.950989 1.280140	0.000 0.000 0.000
item_ammo_pistol_ttt	-858.328979 -469.398987 1.280140	0.000 0.000 0.000
item_ammo_pistol_ttt	-873.859985 -454.911011 1.280140	0.000 0.000 0.000
item_ammo_pistol_ttt	-1295.869995 -1663.530029 1.280160	0.000 0.000 0.000
item_ammo_pistol_ttt	-1256.410034 -1684.619995 1.280140	0.000 0.000 0.000
item_ammo_pistol_ttt	-1261.140015 -1641.969971 1.280140	0.000 0.000 0.000
item_ammo_pistol_ttt	-1233.609985 537.744019 1.280140	0.000 0.000 0.000
item_ammo_pistol_ttt	-1267.959961 508.658997 1.280130	0.000 0.000 0.000
item_ammo_pistol_ttt	-1260.469971 488.377991 1.280140	0.000 0.000 0.000
item_ammo_pistol_ttt	-823.133972 1181.010010 1.280140	0.000 0.000 0.000
item_ammo_pistol_ttt	-845.372009 1171.229980 1.280140	0.000 0.000 0.000
item_ammo_pistol_ttt	-864.549011 1186.640015 1.280140	0.000 0.000 0.000
item_ammo_pistol_ttt	-850.963989 1203.459961 1.280140	0.000 0.000 0.000
item_ammo_pistol_ttt	-841.974976 1216.189941 1.280140	0.000 0.000 0.000
item_ammo_pistol_ttt	-870.739990 1238.469971 1.280140	0.000 0.000 0.000
item_ammo_pistol_ttt	-817.919983 1225.209961 1.280140	0.000 0.000 0.000
item_ammo_pistol_ttt	896.000000 848.000000 1.280140	0.000 0.000 0.000
item_ammo_pistol_ttt	800.000000 848.000000 1.280140	0.000 0.000 0.000
item_ammo_pistol_ttt	444.848999 -720.664978 1.280130	0.000 0.000 0.000
item_ammo_pistol_ttt	483.886993 -716.681030 1.280130	0.000 0.000 0.000
item_ammo_pistol_ttt	386.720001 -715.307983 1.280140	0.000 0.000 0.000
weapon_ttt_g3sg1	1963.796265 -1470.069458 1.078744	-0.679 -175.106 87.368
weapon_ttt_g3sg1	-1330.430664 525.240967 1.132981	-0.342 -179.155 88.006
weapon_ttt_g3sg1	-1533.440186 -1793.244629 121.248756	-0.022 93.355 89.467
ttt_random_weapon	1872.609985 102.347000 18.372900	0.000 0.000 0.000
ttt_random_weapon	1899.709961 -21.499901 18.372900	0.000 0.000 0.000
ttt_random_weapon	1925.959961 -93.038597 18.372900	0.000 0.000 0.000
ttt_random_weapon	1772.160034 -89.530800 18.372900	0.000 0.000 0.000
ttt_random_weapon	1712.670044 -17.225201 18.372900	0.000 0.000 0.000
ttt_random_weapon	-83.240402 -266.240997 18.372900	0.000 0.000 0.000
ttt_random_weapon	-201.856995 -227.705002 10.372900	0.000 0.000 0.000
ttt_random_weapon	-188.714005 -116.880997 18.372900	0.000 0.000 0.000
ttt_random_weapon	-123.665001 -200.315994 18.372900	0.000 0.000 0.000
ttt_random_weapon	-100.708000 -140.669006 18.372900	0.000 0.000 0.000
ttt_random_weapon	133.899002 116.202003 18.372900	0.000 0.000 0.000
ttt_random_weapon	213.664993 146.994995 18.372900	0.000 0.000 0.000
ttt_random_weapon	259.640015 134.712997 18.372900	0.000 0.000 0.000
ttt_random_weapon	-96.120499 323.612000 18.372900	0.000 0.000 0.000
ttt_random_weapon	-124.223999 396.424011 18.372900	0.000 0.000 0.000
ttt_random_weapon	-246.487000 1362.680054 18.372900	0.000 0.000 0.000
ttt_random_weapon	-302.427002 1481.109985 18.372900	0.000 0.000 0.000
ttt_random_weapon	-195.681000 1447.140015 18.372900	0.000 0.000 0.000
ttt_random_weapon	-267.105011 1438.969971 18.372900	0.000 0.000 0.000
ttt_random_weapon	-169.725998 1342.650024 7.149810	0.000 0.000 0.000
ttt_random_weapon	-1266.699951 563.585999 10.372900	0.000 0.000 0.000
ttt_random_weapon	-1304.849976 507.683014 10.372900	0.000 0.000 0.000
ttt_random_weapon	-1308.130005 451.835999 10.372900	0.000 0.000 0.000
ttt_random_weapon	-1253.989990 425.510986 10.372900	0.000 0.000 0.000
ttt_random_weapon	-1313.290039 554.818970 10.372900	0.000 0.000 0.000
ttt_random_weapon	-1206.369995 -1462.540039 10.372900	0.000 0.000 0.000
ttt_random_weapon	-1224.310059 -1543.550049 10.372900	0.000 0.000 0.000
ttt_random_weapon	-1332.140015 -1548.369995 10.372900	0.000 0.000 0.000
ttt_random_weapon	-1348.400024 -1497.369995 10.372900	0.000 0.000 0.000
ttt_random_weapon	-1310.280029 -1442.079956 10.372900	0.000 0.000 0.000
ttt_random_weapon	-1414.689941 -1467.880005 10.372900	0.000 0.000 0.000
ttt_random_weapon	97.362503 -1581.410034 10.372900	0.000 0.000 0.000
ttt_random_weapon	-11.989900 -1565.760010 10.372900	0.000 0.000 0.000
ttt_random_weapon	50.897301 -1515.949951 10.372900	0.000 0.000 0.000
ttt_random_weapon	112.408997 -1519.949951 10.372900	0.000 0.000 0.000
ttt_random_weapon	-24.143101 -1516.910034 10.372900	0.000 0.000 0.000
ttt_random_weapon	-83.927299 -1516.849976 10.372900	0.000 0.000 0.000
ttt_random_weapon	1439.589966 -436.842987 10.372900	0.000 0.000 0.000
ttt_random_weapon	1420.219971 -523.112976 10.372900	0.000 0.000 0.000
ttt_random_weapon	1494.770020 -543.366028 10.372900	0.000 0.000 0.000
ttt_random_weapon	1537.890015 -551.325012 10.372900	0.000 0.000 0.000
ttt_random_weapon	1469.630005 -472.756012 10.372900	0.000 0.000 0.000
ttt_random_weapon	1492.430054 -412.411987 10.372900	0.000 0.000 0.000
ttt_random_weapon	1364.150024 1791.609985 10.372900	0.000 0.000 0.000
ttt_random_weapon	1290.630005 1744.229980 10.372900	0.000 0.000 0.000
ttt_random_weapon	1228.560059 1764.839966 10.372900	0.000 0.000 0.000
ttt_random_weapon	1289.280029 1806.229980 10.372900	0.000 0.000 0.000
ttt_random_weapon	1309.260010 1776.599976 10.372900	0.000 0.000 0.000
ttt_random_weapon	1386.380005 1753.800049 10.372900	0.000 0.000 0.000
ttt_random_weapon	1236.079956 1732.260010 10.372900	0.000 0.000 0.000
ttt_random_weapon	1853.829956 -1484.160034 16.000000	0.000 0.000 0.000
ttt_random_weapon	1865.140015 -1546.420044 16.000000	0.000 0.000 0.000
ttt_random_weapon	1866.959961 -1584.510010 16.000000	0.000 0.000 0.000
ttt_random_weapon	1964.890015 -1523.829956 16.000000	0.000 0.000 0.000
ttt_random_weapon	1936.540039 -1586.770020 16.000000	0.000 0.000 0.000
ttt_random_weapon	1898.829956 -1632.000000 16.000000	0.000 0.000 0.000
ttt_random_weapon	1816.150024 -1630.390015 16.000000	0.000 0.000 0.000
ttt_random_weapon	1847.959961 -1565.760010 16.000000	0.000 0.000 0.000
ttt_random_weapon	1872.609985 102.347000 18.372900	0.000 0.000 0.000
ttt_random_weapon	1899.709961 -21.499901 18.372900	0.000 0.000 0.000
ttt_random_weapon	1925.959961 -93.038597 18.372900	0.000 0.000 0.000
ttt_random_weapon	1772.160034 -89.530800 18.372900	0.000 0.000 0.000
ttt_random_weapon	1712.670044 -17.225201 18.372900	0.000 0.000 0.000
ttt_random_weapon	-83.240402 -266.240997 18.372900	0.000 0.000 0.000
ttt_random_weapon	-201.856995 -227.705002 10.372900	0.000 0.000 0.000
ttt_random_weapon	-188.714005 -116.880997 18.372900	0.000 0.000 0.000
ttt_random_weapon	-123.665001 -200.315994 18.372900	0.000 0.000 0.000
ttt_random_weapon	-100.708000 -140.669006 18.372900	0.000 0.000 0.000
ttt_random_weapon	133.899002 116.202003 18.372900	0.000 0.000 0.000
ttt_random_weapon	213.664993 146.994995 18.372900	0.000 0.000 0.000
ttt_random_weapon	259.640015 134.712997 18.372900	0.000 0.000 0.000
ttt_random_weapon	-96.120499 323.612000 18.372900	0.000 0.000 0.000
ttt_random_weapon	-124.223999 396.424011 18.372900	0.000 0.000 0.000
ttt_random_weapon	-246.487000 1362.680054 18.372900	0.000 0.000 0.000
ttt_random_weapon	-302.427002 1481.109985 18.372900	0.000 0.000 0.000
ttt_random_weapon	-195.681000 1447.140015 18.372900	0.000 0.000 0.000
ttt_random_weapon	-267.105011 1438.969971 18.372900	0.000 0.000 0.000
ttt_random_weapon	-169.725998 1342.650024 7.149810	0.000 0.000 0.000
ttt_random_weapon	-1266.699951 563.585999 10.372900	0.000 0.000 0.000
ttt_random_weapon	-1304.849976 507.683014 10.372900	0.000 0.000 0.000
ttt_random_weapon	-1308.130005 451.835999 10.372900	0.000 0.000 0.000
ttt_random_weapon	-1253.989990 425.510986 10.372900	0.000 0.000 0.000
ttt_random_weapon	-1313.290039 554.818970 10.372900	0.000 0.000 0.000
ttt_random_weapon	-1206.369995 -1462.540039 10.372900	0.000 0.000 0.000
ttt_random_weapon	-1224.310059 -1543.550049 10.372900	0.000 0.000 0.000
ttt_random_weapon	-1332.140015 -1548.369995 10.372900	0.000 0.000 0.000
ttt_random_weapon	-1348.400024 -1497.369995 10.372900	0.000 0.000 0.000
ttt_random_weapon	-1310.280029 -1442.079956 10.372900	0.000 0.000 0.000
ttt_random_weapon	-1414.689941 -1467.880005 10.372900	0.000 0.000 0.000
ttt_random_weapon	97.362503 -1581.410034 10.372900	0.000 0.000 0.000
ttt_random_weapon	-11.989900 -1565.760010 10.372900	0.000 0.000 0.000
ttt_random_weapon	50.897301 -1515.949951 10.372900	0.000 0.000 0.000
ttt_random_weapon	112.408997 -1519.949951 10.372900	0.000 0.000 0.000
ttt_random_weapon	-24.143101 -1516.910034 10.372900	0.000 0.000 0.000
ttt_random_weapon	-83.927299 -1516.849976 10.372900	0.000 0.000 0.000
ttt_random_weapon	1439.589966 -436.842987 10.372900	0.000 0.000 0.000
ttt_random_weapon	1420.219971 -523.112976 10.372900	0.000 0.000 0.000
ttt_random_weapon	1494.770020 -543.366028 10.372900	0.000 0.000 0.000
ttt_random_weapon	1537.890015 -551.325012 10.372900	0.000 0.000 0.000
ttt_random_weapon	1469.630005 -472.756012 10.372900	0.000 0.000 0.000
ttt_random_weapon	1492.430054 -412.411987 10.372900	0.000 0.000 0.000
ttt_random_weapon	1364.150024 1791.609985 10.372900	0.000 0.000 0.000
ttt_random_weapon	1290.630005 1744.229980 10.372900	0.000 0.000 0.000
ttt_random_weapon	1228.560059 1764.839966 10.372900	0.000 0.000 0.000
ttt_random_weapon	1289.280029 1806.229980 10.372900	0.000 0.000 0.000
ttt_random_weapon	1309.260010 1776.599976 10.372900	0.000 0.000 0.000
ttt_random_weapon	1386.380005 1753.800049 10.372900	0.000 0.000 0.000
ttt_random_weapon	1236.079956 1732.260010 10.372900	0.000 0.000 0.000
ttt_random_weapon	1853.829956 -1484.160034 16.000000	0.000 0.000 0.000
ttt_random_weapon	1865.140015 -1546.420044 16.000000	0.000 0.000 0.000
ttt_random_weapon	1866.959961 -1584.510010 16.000000	0.000 0.000 0.000
ttt_random_weapon	1964.890015 -1523.829956 16.000000	0.000 0.000 0.000
ttt_random_weapon	1936.540039 -1586.770020 16.000000	0.000 0.000 0.000
ttt_random_weapon	1898.829956 -1632.000000 16.000000	0.000 0.000 0.000
ttt_random_weapon	1816.150024 -1630.390015 16.000000	0.000 0.000 0.000
ttt_random_weapon	1847.959961 -1565.760010 16.000000	0.000 0.000 0.000
ttt_random_weapon	1872.609985 102.347000 18.372900	0.000 0.000 0.000
ttt_random_weapon	1899.709961 -21.499901 18.372900	0.000 0.000 0.000
ttt_random_weapon	1925.959961 -93.038597 18.372900	0.000 0.000 0.000
ttt_random_weapon	1772.160034 -89.530800 18.372900	0.000 0.000 0.000
ttt_random_weapon	1712.670044 -17.225201 18.372900	0.000 0.000 0.000
ttt_random_weapon	-83.240402 -266.240997 18.372900	0.000 0.000 0.000
ttt_random_weapon	-201.856995 -227.705002 10.372900	0.000 0.000 0.000
ttt_random_weapon	-188.714005 -116.880997 18.372900	0.000 0.000 0.000
ttt_random_weapon	-123.665001 -200.315994 18.372900	0.000 0.000 0.000
ttt_random_weapon	-100.708000 -140.669006 18.372900	0.000 0.000 0.000
ttt_random_weapon	133.899002 116.202003 18.372900	0.000 0.000 0.000
ttt_random_weapon	213.664993 146.994995 18.372900	0.000 0.000 0.000
ttt_random_weapon	259.640015 134.712997 18.372900	0.000 0.000 0.000
ttt_random_weapon	-96.120499 323.612000 18.372900	0.000 0.000 0.000
ttt_random_weapon	-124.223999 396.424011 18.372900	0.000 0.000 0.000
ttt_random_weapon	-246.487000 1362.680054 18.372900	0.000 0.000 0.000
ttt_random_weapon	-302.427002 1481.109985 18.372900	0.000 0.000 0.000
ttt_random_weapon	-195.681000 1447.140015 18.372900	0.000 0.000 0.000
ttt_random_weapon	-267.105011 1438.969971 18.372900	0.000 0.000 0.000
ttt_random_weapon	-169.725998 1342.650024 7.149810	0.000 0.000 0.000
ttt_random_weapon	-1266.699951 563.585999 10.372900	0.000 0.000 0.000
ttt_random_weapon	-1304.849976 507.683014 10.372900	0.000 0.000 0.000
ttt_random_weapon	-1308.130005 451.835999 10.372900	0.000 0.000 0.000
ttt_random_weapon	-1253.989990 425.510986 10.372900	0.000 0.000 0.000
ttt_random_weapon	-1313.290039 554.818970 10.372900	0.000 0.000 0.000
ttt_random_weapon	-1206.369995 -1462.540039 10.372900	0.000 0.000 0.000
ttt_random_weapon	-1224.310059 -1543.550049 10.372900	0.000 0.000 0.000
ttt_random_weapon	-1332.140015 -1548.369995 10.372900	0.000 0.000 0.000
ttt_random_weapon	-1348.400024 -1497.369995 10.372900	0.000 0.000 0.000
ttt_random_weapon	-1310.280029 -1442.079956 10.372900	0.000 0.000 0.000
ttt_random_weapon	-1414.689941 -1467.880005 10.372900	0.000 0.000 0.000
ttt_random_weapon	97.362503 -1581.410034 10.372900	0.000 0.000 0.000
ttt_random_weapon	-11.989900 -1565.760010 10.372900	0.000 0.000 0.000
ttt_random_weapon	50.897301 -1515.949951 10.372900	0.000 0.000 0.000
ttt_random_weapon	112.408997 -1519.949951 10.372900	0.000 0.000 0.000
ttt_random_weapon	-24.143101 -1516.910034 10.372900	0.000 0.000 0.000
ttt_random_weapon	-83.927299 -1516.849976 10.372900	0.000 0.000 0.000
ttt_random_weapon	1439.589966 -436.842987 10.372900	0.000 0.000 0.000
ttt_random_weapon	1420.219971 -523.112976 10.372900	0.000 0.000 0.000
ttt_random_weapon	1494.609863 -546.215454 1.711569	-1.914 -13.713 84.756
ttt_random_weapon	1537.890015 -551.325012 10.372900	0.000 0.000 0.000
ttt_random_weapon	1469.630005 -472.756012 10.372900	0.000 0.000 0.000
ttt_random_weapon	1492.430054 -412.411987 10.372900	0.000 0.000 0.000
ttt_random_weapon	1364.150024 1791.609985 10.372900	0.000 0.000 0.000
ttt_random_weapon	1290.630005 1744.229980 10.372900	0.000 0.000 0.000
ttt_random_weapon	1228.560059 1764.839966 10.372900	0.000 0.000 0.000
ttt_random_weapon	1289.280029 1806.229980 10.372900	0.000 0.000 0.000
ttt_random_weapon	1309.260010 1776.599976 10.372900	0.000 0.000 0.000
ttt_random_weapon	1386.380005 1753.800049 10.372900	0.000 0.000 0.000
ttt_random_weapon	1236.079956 1732.260010 10.372900	0.000 0.000 0.000
ttt_random_weapon	1853.829956 -1484.160034 16.000000	0.000 0.000 0.000
ttt_random_weapon	1865.140015 -1546.420044 16.000000	0.000 0.000 0.000
ttt_random_weapon	1866.959961 -1584.510010 16.000000	0.000 0.000 0.000
ttt_random_weapon	1964.890015 -1523.829956 16.000000	0.000 0.000 0.000
ttt_random_weapon	1936.540039 -1586.770020 16.000000	0.000 0.000 0.000
ttt_random_weapon	1898.829956 -1632.000000 16.000000	0.000 0.000 0.000
ttt_random_weapon	1816.150024 -1630.390015 16.000000	0.000 0.000 0.000
ttt_random_weapon	1847.959961 -1565.760010 16.000000	0.000 0.000 0.000
weapon_zm_sledge	-1527.260010 1616.500000 4.857780	0.000 0.000 0.000
weapon_zm_sledge	-1527.260010 1616.500000 4.857780	0.000 0.000 0.000
weapon_zm_sledge	-1527.260010 1616.500000 4.857780	0.000 0.000 0.000
weapon_ttt_m16	-98.804802 162.432999 13.682800	0.000 0.000 0.000
weapon_ttt_m16	-151.556000 112.824997 13.682800	0.000 0.000 0.000
weapon_ttt_m16	192.378998 -81.378799 13.682800	0.000 0.000 0.000
weapon_ttt_m16	114.933998 -153.328003 13.682800	0.000 0.000 0.000
weapon_ttt_m16	1785.530029 104.242996 13.682800	0.000 0.000 0.000
weapon_ttt_m16	1837.310059 45.139301 13.682800	0.000 0.000 0.000
weapon_ttt_m16	1665.660034 -30.739799 13.682800	0.000 0.000 0.000
weapon_ttt_m16	1829.569946 -27.918600 13.682800	0.000 0.000 0.000
weapon_ttt_m16	-98.804802 162.432999 13.682800	0.000 0.000 0.000
weapon_ttt_m16	-151.556000 112.824997 13.682800	0.000 0.000 0.000
weapon_ttt_m16	192.378998 -81.378799 13.682800	0.000 0.000 0.000
weapon_ttt_m16	114.933998 -153.328003 13.682800	0.000 0.000 0.000
weapon_ttt_m16	1785.530029 104.242996 13.682800	0.000 0.000 0.000
weapon_ttt_m16	1837.310059 45.139301 13.682800	0.000 0.000 0.000
weapon_ttt_m16	1665.660034 -30.739799 13.682800	0.000 0.000 0.000
weapon_ttt_m16	1829.569946 -27.918600 13.682800	0.000 0.000 0.000
weapon_ttt_m16	-98.804802 162.432999 13.682800	0.000 0.000 0.000
weapon_ttt_m16	-151.556000 112.824997 13.682800	0.000 0.000 0.000
weapon_ttt_m16	192.378998 -81.378799 13.682800	0.000 0.000 0.000
weapon_ttt_m16	114.933998 -153.328003 13.682800	0.000 0.000 0.000
weapon_ttt_m16	1785.530029 104.242996 13.682800	0.000 0.000 0.000
weapon_ttt_m16	1837.310059 45.139301 13.682800	0.000 0.000 0.000
weapon_ttt_m16	1665.660034 -30.739799 13.682800	0.000 0.000 0.000
weapon_ttt_m16	1829.569946 -27.918600 13.682800	0.000 0.000 0.000
weapon_ttt_tmp	1689.507446 37.988155 9.518638	-0.327 -0.097 -91.258
weapon_ttt_tmp	218.934769 103.535820 9.374696	-2.843 -179.451 88.836
weapon_ttt_tmp	1433.079834 -553.788086 1.373348	-2.845 -168.290 88.826
weapon_ttt_tmp	1966.539795 -1637.065918 1.408885	-2.364 -177.104 88.621
weapon_ttt_tmp	-91.557266 -1566.149536 1.416771	-2.369 -177.528 88.689
weapon_ttt_tmp	-1351.172974 -1465.178833 1.431865	-0.090 176.587 -90.048
ttt_random_ammo	1723.930054 97.172096 9.000600	0.000 0.000 0.000
ttt_random_ammo	1759.439941 11.241600 9.000600	0.000 0.000 0.000
ttt_random_ammo	1817.699951 16.507401 9.000600	0.000 0.000 0.000
ttt_random_ammo	1924.709961 93.971397 9.000600	0.000 0.000 0.000
ttt_random_ammo	1902.510010 17.568501 9.000600	0.000 0.000 0.000
ttt_random_ammo	1896.099976 -43.540199 9.000600	0.000 0.000 0.000
ttt_random_ammo	1850.239990 -121.500999 9.000600	0.000 0.000 0.000
ttt_random_ammo	1764.069946 -108.302002 9.000600	0.000 0.000 0.000
ttt_random_ammo	1799.890015 -48.915298 9.000600	0.000 0.000 0.000
ttt_random_ammo	1838.670044 -77.477402 9.000600	0.000 0.000 0.000
ttt_random_ammo	1934.589966 -58.854099 9.000600	0.000 0.000 0.000
ttt_random_ammo	1935.369995 -1.738190 9.000600	0.000 0.000 0.000
ttt_random_ammo	1954.130005 55.092800 9.000600	0.000 0.000 0.000
ttt_random_ammo	-93.729599 301.559998 9.000600	0.000 0.000 0.000
ttt_random_ammo	-77.215897 353.834991 9.000600	0.000 0.000 0.000
ttt_random_ammo	-23.167601 313.463013 9.000600	0.000 0.000 0.000
ttt_random_ammo	-92.386703 224.302994 9.000600	0.000 0.000 0.000
ttt_random_ammo	-131.845001 269.917999 9.000600	0.000 0.000 0.000
ttt_random_ammo	-141.334000 317.084015 9.000600	0.000 0.000 0.000
ttt_random_ammo	-195.406998 363.898987 1.000600	0.000 0.000 0.000
ttt_random_ammo	199.039993 66.083702 9.000600	0.000 0.000 0.000
ttt_random_ammo	202.813995 130.584000 9.000600	0.000 0.000 0.000
ttt_random_ammo	254.753006 117.646004 9.000600	0.000 0.000 0.000
ttt_random_ammo	190.600006 152.860992 9.000600	0.000 0.000 0.000
ttt_random_ammo	174.759003 134.072006 9.000600	0.000 0.000 0.000
ttt_random_ammo	189.472000 81.747704 9.000600	0.000 0.000 0.000
ttt_random_ammo	111.356003 -128.231995 9.000600	0.000 0.000 0.000
ttt_random_ammo	138.080002 -96.584297 9.000600	0.000 0.000 0.000
ttt_random_ammo	164.600998 -102.735001 9.000630	0.000 0.000 0.000
ttt_random_ammo	-212.139999 -281.002014 1.000600	0.000 0.000 0.000
ttt_random_ammo	-229.679001 -218.774994 1.000600	0.000 0.000 0.000
ttt_random_ammo	-157.367996 -193.378998 9.000600	0.000 0.000 0.000
ttt_random_ammo	-135.927994 -249.220001 9.000600	0.000 0.000 0.000
ttt_random_ammo	-192.606995 -239.595993 1.000600	0.000 0.000 0.000
ttt_random_ammo	-163.725998 -218.867996 9.000600	0.000 0.000 0.000
ttt_random_ammo	-220.914993 -164.925995 1.000600	0.000 0.000 0.000
ttt_random_ammo	-114.120003 -184.358002 9.000600	0.000 0.000 0.000
ttt_random_ammo	-227.511002 1493.810059 9.000600	0.000 0.000 0.000
ttt_random_ammo	-209.070999 1423.119995 9.000600	0.000 0.000 0.000
ttt_random_ammo	-214.201996 1454.130005 9.000630	0.000 0.000 0.000
ttt_random_ammo	-237.561996 1421.229980 9.000600	0.000 0.000 0.000
ttt_random_ammo	-222.403000 1384.239990 9.000600	0.000 0.000 0.000
ttt_random_ammo	-187.270004 1369.270020 9.000570	0.000 0.000 0.000
ttt_random_ammo	-171.356003 1400.630005 9.000600	0.000 0.000 0.000
ttt_random_ammo	-184.744995 1415.849976 9.000630	0.000 0.000 0.000
ttt_random_ammo	-206.244003 1387.430054 9.000600	0.000 0.000 0.000
ttt_random_ammo	-267.161987 1389.199951 9.000600	0.000 0.000 0.000
ttt_random_ammo	-1333.479980 498.431000 1.000620	0.000 0.000 0.000
ttt_random_ammo	-1358.199951 426.225006 1.000600	0.000 0.000 0.000
ttt_random_ammo	-1308.530029 403.571991 1.000600	0.000 0.000 0.000
ttt_random_ammo	-1245.819946 404.916992 1.000600	0.000 0.000 0.000
ttt_random_ammo	-1293.489990 431.028992 1.000600	0.000 0.000 0.000
ttt_random_ammo	-1333.310059 465.743011 1.000620	0.000 0.000 0.000
ttt_random_ammo	-1305.170044 484.596008 1.000600	0.000 0.000 0.000
ttt_random_ammo	-1291.199951 576.166992 1.000620	0.000 0.000 0.000
ttt_random_ammo	-1278.180054 621.030029 1.000600	0.000 0.000 0.000
ttt_random_ammo	-1232.119995 600.362000 1.000600	0.000 0.000 0.000
ttt_random_ammo	-1219.160034 -1498.280029 1.000600	0.000 0.000 0.000
ttt_random_ammo	-1264.089966 -1523.290039 1.000600	0.000 0.000 0.000
ttt_random_ammo	-1279.109985 -1491.920044 1.000630	0.000 0.000 0.000
ttt_random_ammo	-1251.199951 -1466.640015 1.000600	0.000 0.000 0.000
ttt_random_ammo	-1282.000000 -1481.439941 1.000600	0.000 0.000 0.000
ttt_random_ammo	-1322.930054 -1471.219971 1.000600	0.000 0.000 0.000
ttt_random_ammo	-1310.630005 -1498.930054 1.000600	0.000 0.000 0.000
ttt_random_ammo	-1297.750000 -1513.969971 1.000600	0.000 0.000 0.000
ttt_random_ammo	-1239.030029 -1436.020020 1.000600	0.000 0.000 0.000
ttt_random_ammo	-1284.369995 -1449.400024 1.000600	0.000 0.000 0.000
ttt_random_ammo	54.477600 -1481.329956 1.000580	0.000 0.000 0.000
ttt_random_ammo	5.151310 -1508.900024 1.000580	0.000 0.000 0.000
ttt_random_ammo	-78.737602 -1499.079956 1.000580	0.000 0.000 0.000
ttt_random_ammo	-102.174004 -1593.239990 1.000600	0.000 0.000 0.000
ttt_random_ammo	19.473101 -1577.170044 1.000600	0.000 0.000 0.000
ttt_random_ammo	49.036201 -1547.390015 1.000600	0.000 0.000 0.000
ttt_random_ammo	108.714996 -1542.969971 1.000600	0.000 0.000 0.000
ttt_random_ammo	112.845001 -1498.260010 1.000600	0.000 0.000 0.000
ttt_random_ammo	-5.010180 -1478.680054 1.000580	0.000 0.000 0.000
ttt_random_ammo	-64.847000 -1472.020020 1.000580	0.000 0.000 0.000
ttt_random_ammo	91.702103 -1479.359985 1.000600	0.000 0.000 0.000
ttt_random_ammo	155.869995 -1509.530029 1.000620	0.000 0.000 0.000
ttt_random_ammo	128.014008 -1576.750000 1.000600	0.000 0.000 0.000
ttt_random_ammo	45.331799 -1571.319946 1.000620	0.000 0.000 0.000
ttt_random_ammo	-47.891998 -1566.010010 1.000600	0.000 0.000 0.000
ttt_random_ammo	-96.270798 -1550.390015 1.000600	0.000 0.000 0.000
ttt_random_ammo	1453.959961 -419.000000 1.000600	0.000 0.000 0.000
ttt_random_ammo	1488.930054 -457.335999 1.000600	0.000 0.000 0.000
ttt_random_ammo	1470.130005 -499.592010 1.000580	0.000 0.000 0.000
ttt_random_ammo	1405.290039 -461.520996 1.000600	0.000 0.000 0.000
ttt_random_ammo	1379.780029 -414.237000 1.000600	0.000 0.000 0.000
ttt_random_ammo	1423.239990 -493.364990 1.000580	0.000 0.000 0.000
ttt_random_ammo	1445.869995 -511.571014 1.000580	0.000 0.000 0.000
ttt_random_ammo	1493.619995 -532.836975 1.000600	0.000 0.000 0.000
ttt_random_ammo	1546.560059 -517.872009 1.000580	0.000 0.000 0.000
ttt_random_ammo	1520.479980 -486.614990 1.000580	0.000 0.000 0.000
ttt_random_ammo	1469.219971 -450.459015 1.000620	0.000 0.000 0.000
ttt_random_ammo	1483.479980 -400.881989 1.000600	0.000 0.000 0.000
ttt_random_ammo	1188.280029 1777.489990 1.000600	0.000 0.000 0.000
ttt_random_ammo	1174.949951 1688.280029 1.000600	0.000 0.000 0.000
ttt_random_ammo	1277.569946 1696.910034 1.000600	0.000 0.000 0.000
ttt_random_ammo	1359.339966 1699.339966 1.000630	0.000 0.000 0.000
ttt_random_ammo	1359.750000 1733.780029 1.000600	0.000 0.000 0.000
ttt_random_ammo	1311.310059 1724.439941 1.000570	0.000 0.000 0.000
ttt_random_ammo	1303.489990 1768.329956 1.000600	0.000 0.000 0.000
ttt_random_ammo	1268.579956 1780.689941 1.000600	0.000 0.000 0.000
ttt_random_ammo	1257.050049 1817.160034 1.000570	0.000 0.000 0.000
ttt_random_ammo	1347.329956 1833.449951 1.000630	0.000 0.000 0.000
ttt_random_ammo	1351.699951 1809.410034 1.000630	0.000 0.000 0.000
ttt_random_ammo	1353.150024 1772.300049 1.000630	0.000 0.000 0.000
ttt_random_ammo	1411.719971 1786.949951 1.000630	0.000 0.000 0.000
ttt_random_ammo	1396.469971 1729.180054 1.000600	0.000 0.000 0.000
ttt_random_ammo	1827.810059 -1480.150024 6.627700	0.000 0.000 0.000
ttt_random_ammo	1878.219971 -1513.989990 6.627700	0.000 0.000 0.000
ttt_random_ammo	1917.099976 -1462.280029 6.627700	0.000 0.000 0.000
ttt_random_ammo	1927.900024 -1524.079956 6.627700	0.000 0.000 0.000
ttt_random_ammo	1922.619995 -1572.310059 6.627700	0.000 0.000 0.000
ttt_random_ammo	1888.540039 -1603.099976 6.627700	0.000 0.000 0.000
ttt_random_ammo	1836.280029 -1583.609985 6.627700	0.000 0.000 0.000
ttt_random_ammo	1844.579956 -1619.199951 6.627700	0.000 0.000 0.000
ttt_random_ammo	1935.530029 -1625.359985 6.627700	0.000 0.000 0.000
ttt_random_ammo	1973.829956 -1588.589966 6.627700	0.000 0.000 0.000
ttt_random_ammo	1984.000000 -1541.369995 6.627700	0.000 0.000 0.000
ttt_random_ammo	1909.060059 -1549.500000 6.627700	0.000 0.000 0.000
ttt_random_ammo	1830.010010 -1527.099976 6.627700	0.000 0.000 0.000
ttt_random_ammo	1817.569946 -1572.619995 6.627700	0.000 0.000 0.000
ttt_random_ammo	1979.250000 -1488.969971 6.627700	0.000 0.000 0.000
ttt_random_ammo	1933.439941 -1474.650024 6.627700	0.000 0.000 0.000
ttt_random_ammo	1723.930054 97.172096 9.000600	0.000 0.000 0.000
ttt_random_ammo	1759.439941 11.241600 9.000600	0.000 0.000 0.000
ttt_random_ammo	1817.699951 16.507401 9.000600	0.000 0.000 0.000
ttt_random_ammo	1924.709961 93.971397 9.000600	0.000 0.000 0.000
ttt_random_ammo	1902.510010 17.568501 9.000600	0.000 0.000 0.000
ttt_random_ammo	1896.099976 -43.540199 9.000600	0.000 0.000 0.000
ttt_random_ammo	1850.239990 -121.500999 9.000600	0.000 0.000 0.000
ttt_random_ammo	1764.069946 -108.302002 9.000600	0.000 0.000 0.000
ttt_random_ammo	1799.890015 -48.915298 9.000600	0.000 0.000 0.000
ttt_random_ammo	1838.670044 -77.477402 9.000600	0.000 0.000 0.000
ttt_random_ammo	1934.589966 -58.854099 9.000600	0.000 0.000 0.000
ttt_random_ammo	1935.369995 -1.738190 9.000600	0.000 0.000 0.000
ttt_random_ammo	1954.130005 55.092800 9.000600	0.000 0.000 0.000
ttt_random_ammo	-93.729599 301.559998 9.000600	0.000 0.000 0.000
ttt_random_ammo	-77.215897 353.834991 9.000600	0.000 0.000 0.000
ttt_random_ammo	-23.167601 313.463013 9.000600	0.000 0.000 0.000
ttt_random_ammo	-92.386703 224.302994 9.000600	0.000 0.000 0.000
ttt_random_ammo	-131.845001 269.917999 9.000600	0.000 0.000 0.000
ttt_random_ammo	-141.334000 317.084015 9.000600	0.000 0.000 0.000
ttt_random_ammo	-195.406998 363.898987 1.000600	0.000 0.000 0.000
ttt_random_ammo	199.039993 66.083702 9.000600	0.000 0.000 0.000
ttt_random_ammo	202.813995 130.584000 9.000600	0.000 0.000 0.000
ttt_random_ammo	254.753006 117.646004 9.000600	0.000 0.000 0.000
ttt_random_ammo	190.600006 152.860992 9.000600	0.000 0.000 0.000
ttt_random_ammo	174.759003 134.072006 9.000600	0.000 0.000 0.000
ttt_random_ammo	189.472000 81.747704 9.000600	0.000 0.000 0.000
ttt_random_ammo	111.356003 -128.231995 9.000600	0.000 0.000 0.000
ttt_random_ammo	138.080002 -96.584297 9.000600	0.000 0.000 0.000
ttt_random_ammo	164.600998 -102.735001 9.000630	0.000 0.000 0.000
ttt_random_ammo	-212.139999 -281.002014 1.000600	0.000 0.000 0.000
ttt_random_ammo	-229.679001 -218.774994 1.000600	0.000 0.000 0.000
ttt_random_ammo	-157.367996 -193.378998 9.000600	0.000 0.000 0.000
ttt_random_ammo	-135.927994 -249.220001 9.000600	0.000 0.000 0.000
ttt_random_ammo	-192.606995 -239.595993 1.000600	0.000 0.000 0.000
ttt_random_ammo	-163.725998 -218.867996 9.000600	0.000 0.000 0.000
ttt_random_ammo	-220.914993 -164.925995 1.000600	0.000 0.000 0.000
ttt_random_ammo	-114.120003 -184.358002 9.000600	0.000 0.000 0.000
ttt_random_ammo	-227.511002 1493.810059 9.000600	0.000 0.000 0.000
ttt_random_ammo	-209.070999 1423.119995 9.000600	0.000 0.000 0.000
ttt_random_ammo	-214.201996 1454.130005 9.000630	0.000 0.000 0.000
ttt_random_ammo	-237.561996 1421.229980 9.000600	0.000 0.000 0.000
ttt_random_ammo	-222.403000 1384.239990 9.000600	0.000 0.000 0.000
ttt_random_ammo	-187.270004 1369.270020 9.000570	0.000 0.000 0.000
ttt_random_ammo	-171.356003 1400.630005 9.000600	0.000 0.000 0.000
ttt_random_ammo	-184.744995 1415.849976 9.000630	0.000 0.000 0.000
ttt_random_ammo	-206.244003 1387.430054 9.000600	0.000 0.000 0.000
ttt_random_ammo	-267.161987 1389.199951 9.000600	0.000 0.000 0.000
ttt_random_ammo	-1333.479980 498.431000 1.000620	0.000 0.000 0.000
ttt_random_ammo	-1358.199951 426.225006 1.000600	0.000 0.000 0.000
ttt_random_ammo	-1308.530029 403.571991 1.000600	0.000 0.000 0.000
ttt_random_ammo	-1245.819946 404.916992 1.000600	0.000 0.000 0.000
ttt_random_ammo	-1293.489990 431.028992 1.000600	0.000 0.000 0.000
ttt_random_ammo	-1333.310059 465.743011 1.000620	0.000 0.000 0.000
ttt_random_ammo	-1305.170044 484.596008 1.000600	0.000 0.000 0.000
ttt_random_ammo	-1291.199951 576.166992 1.000620	0.000 0.000 0.000
ttt_random_ammo	-1278.180054 621.030029 1.000600	0.000 0.000 0.000
ttt_random_ammo	-1232.119995 600.362000 1.000600	0.000 0.000 0.000
ttt_random_ammo	-1219.160034 -1498.280029 1.000600	0.000 0.000 0.000
ttt_random_ammo	-1264.089966 -1523.290039 1.000600	0.000 0.000 0.000
ttt_random_ammo	-1279.109985 -1491.920044 1.000630	0.000 0.000 0.000
ttt_random_ammo	-1251.199951 -1466.640015 1.000600	0.000 0.000 0.000
ttt_random_ammo	-1282.000000 -1481.439941 1.000600	0.000 0.000 0.000
ttt_random_ammo	-1322.930054 -1471.219971 1.000600	0.000 0.000 0.000
ttt_random_ammo	-1310.630005 -1498.930054 1.000600	0.000 0.000 0.000
ttt_random_ammo	-1297.750000 -1513.969971 1.000600	0.000 0.000 0.000
ttt_random_ammo	-1239.030029 -1436.020020 1.000600	0.000 0.000 0.000
ttt_random_ammo	-1284.369995 -1449.400024 1.000600	0.000 0.000 0.000
ttt_random_ammo	54.477600 -1481.329956 1.000580	0.000 0.000 0.000
ttt_random_ammo	5.151310 -1508.900024 1.000580	0.000 0.000 0.000
ttt_random_ammo	-78.737602 -1499.079956 1.000580	0.000 0.000 0.000
ttt_random_ammo	-102.174004 -1593.239990 1.000600	0.000 0.000 0.000
ttt_random_ammo	19.473101 -1577.170044 1.000600	0.000 0.000 0.000
ttt_random_ammo	49.036201 -1547.390015 1.000600	0.000 0.000 0.000
ttt_random_ammo	108.714996 -1542.969971 1.000600	0.000 0.000 0.000
ttt_random_ammo	112.845001 -1498.260010 1.000600	0.000 0.000 0.000
ttt_random_ammo	-5.010180 -1478.680054 1.000580	0.000 0.000 0.000
ttt_random_ammo	-64.847000 -1472.020020 1.000580	0.000 0.000 0.000
ttt_random_ammo	91.702103 -1479.359985 1.000600	0.000 0.000 0.000
ttt_random_ammo	155.869995 -1509.530029 1.000620	0.000 0.000 0.000
ttt_random_ammo	128.014008 -1576.750000 1.000600	0.000 0.000 0.000
ttt_random_ammo	45.331799 -1571.319946 1.000620	0.000 0.000 0.000
ttt_random_ammo	-47.891998 -1566.010010 1.000600	0.000 0.000 0.000
ttt_random_ammo	-96.270798 -1550.390015 1.000600	0.000 0.000 0.000
ttt_random_ammo	1453.959961 -419.000000 1.000600	0.000 0.000 0.000
ttt_random_ammo	1488.930054 -457.335999 1.000600	0.000 0.000 0.000
ttt_random_ammo	1470.130005 -499.592010 1.000580	0.000 0.000 0.000
ttt_random_ammo	1405.290039 -461.520996 1.000600	0.000 0.000 0.000
ttt_random_ammo	1379.780029 -414.237000 1.000600	0.000 0.000 0.000
ttt_random_ammo	1423.239990 -493.364990 1.000580	0.000 0.000 0.000
ttt_random_ammo	1445.869995 -511.571014 1.000580	0.000 0.000 0.000
ttt_random_ammo	1493.619995 -532.836975 1.000600	0.000 0.000 0.000
ttt_random_ammo	1546.560059 -517.872009 1.000580	0.000 0.000 0.000
ttt_random_ammo	1520.479980 -486.614990 1.000580	0.000 0.000 0.000
ttt_random_ammo	1469.219971 -450.459015 1.000620	0.000 0.000 0.000
ttt_random_ammo	1483.479980 -400.881989 1.000600	0.000 0.000 0.000
ttt_random_ammo	1188.280029 1777.489990 1.000600	0.000 0.000 0.000
ttt_random_ammo	1174.949951 1688.280029 1.000600	0.000 0.000 0.000
ttt_random_ammo	1277.569946 1696.910034 1.000600	0.000 0.000 0.000
ttt_random_ammo	1359.339966 1699.339966 1.000630	0.000 0.000 0.000
ttt_random_ammo	1359.750000 1733.780029 1.000600	0.000 0.000 0.000
ttt_random_ammo	1311.310059 1724.439941 1.000570	0.000 0.000 0.000
ttt_random_ammo	1303.489990 1768.329956 1.000600	0.000 0.000 0.000
ttt_random_ammo	1268.579956 1780.689941 1.000600	0.000 0.000 0.000
ttt_random_ammo	1257.050049 1817.160034 1.000570	0.000 0.000 0.000
ttt_random_ammo	1347.329956 1833.449951 1.000630	0.000 0.000 0.000
ttt_random_ammo	1351.699951 1809.410034 1.000630	0.000 0.000 0.000
ttt_random_ammo	1353.150024 1772.300049 1.000630	0.000 0.000 0.000
ttt_random_ammo	1411.719971 1786.949951 1.000630	0.000 0.000 0.000
ttt_random_ammo	1396.469971 1729.180054 1.000600	0.000 0.000 0.000
ttt_random_ammo	1827.810059 -1480.150024 6.627700	0.000 0.000 0.000
ttt_random_ammo	1878.219971 -1513.989990 6.627700	0.000 0.000 0.000
ttt_random_ammo	1917.099976 -1462.280029 6.627700	0.000 0.000 0.000
ttt_random_ammo	1927.900024 -1524.079956 6.627700	0.000 0.000 0.000
ttt_random_ammo	1922.619995 -1572.310059 6.627700	0.000 0.000 0.000
ttt_random_ammo	1888.540039 -1603.099976 6.627700	0.000 0.000 0.000
ttt_random_ammo	1836.280029 -1583.609985 6.627700	0.000 0.000 0.000
ttt_random_ammo	1844.579956 -1619.199951 6.627700	0.000 0.000 0.000
ttt_random_ammo	1935.530029 -1625.359985 6.627700	0.000 0.000 0.000
ttt_random_ammo	1973.829956 -1588.589966 6.627700	0.000 0.000 0.000
ttt_random_ammo	1984.000000 -1541.369995 6.627700	0.000 0.000 0.000
ttt_random_ammo	1909.060059 -1549.500000 6.627700	0.000 0.000 0.000
ttt_random_ammo	1830.010010 -1527.099976 6.627700	0.000 0.000 0.000
ttt_random_ammo	1817.569946 -1572.619995 6.627700	0.000 0.000 0.000
ttt_random_ammo	1979.250000 -1488.969971 6.627700	0.000 0.000 0.000
ttt_random_ammo	1933.439941 -1474.650024 6.627700	0.000 0.000 0.000
ttt_random_ammo	1723.930054 97.172096 9.000600	0.000 0.000 0.000
ttt_random_ammo	1759.439941 11.241600 9.000600	0.000 0.000 0.000
ttt_random_ammo	1817.699951 16.507401 9.000600	0.000 0.000 0.000
ttt_random_ammo	1924.709961 93.971397 9.000600	0.000 0.000 0.000
ttt_random_ammo	1902.510010 17.568501 9.000600	0.000 0.000 0.000
ttt_random_ammo	1896.099976 -43.540199 9.000600	0.000 0.000 0.000
ttt_random_ammo	1850.239990 -121.500999 9.000600	0.000 0.000 0.000
ttt_random_ammo	1764.069946 -108.302002 9.000600	0.000 0.000 0.000
ttt_random_ammo	1799.890015 -48.915298 9.000600	0.000 0.000 0.000
ttt_random_ammo	1838.670044 -77.477402 9.000600	0.000 0.000 0.000
ttt_random_ammo	1934.589966 -58.854099 9.000600	0.000 0.000 0.000
ttt_random_ammo	1935.369995 -1.738190 9.000600	0.000 0.000 0.000
ttt_random_ammo	1954.130005 55.092800 9.000600	0.000 0.000 0.000
ttt_random_ammo	-93.729599 301.559998 9.000600	0.000 0.000 0.000
ttt_random_ammo	-77.215897 353.834991 9.000600	0.000 0.000 0.000
ttt_random_ammo	-23.167601 313.463013 9.000600	0.000 0.000 0.000
ttt_random_ammo	-92.386703 224.302994 9.000600	0.000 0.000 0.000
ttt_random_ammo	-131.845001 269.917999 9.000600	0.000 0.000 0.000
ttt_random_ammo	-141.334000 317.084015 9.000600	0.000 0.000 0.000
ttt_random_ammo	-195.406998 363.898987 1.000600	0.000 0.000 0.000
ttt_random_ammo	199.039993 66.083702 9.000600	0.000 0.000 0.000
ttt_random_ammo	202.813995 130.584000 9.000600	0.000 0.000 0.000
ttt_random_ammo	254.753006 117.646004 9.000600	0.000 0.000 0.000
ttt_random_ammo	190.600006 152.860992 9.000600	0.000 0.000 0.000
ttt_random_ammo	174.759003 134.072006 9.000600	0.000 0.000 0.000
ttt_random_ammo	189.472000 81.747704 9.000600	0.000 0.000 0.000
ttt_random_ammo	111.356003 -128.231995 9.000600	0.000 0.000 0.000
ttt_random_ammo	138.080002 -96.584297 9.000600	0.000 0.000 0.000
ttt_random_ammo	164.600998 -102.735001 9.000630	0.000 0.000 0.000
ttt_random_ammo	-212.139999 -281.002014 1.000600	0.000 0.000 0.000
ttt_random_ammo	-229.679001 -218.774994 1.000600	0.000 0.000 0.000
ttt_random_ammo	-157.367996 -193.378998 9.000600	0.000 0.000 0.000
ttt_random_ammo	-135.927994 -249.220001 9.000600	0.000 0.000 0.000
ttt_random_ammo	-192.606995 -239.595993 1.000600	0.000 0.000 0.000
ttt_random_ammo	-163.725998 -218.867996 9.000600	0.000 0.000 0.000
ttt_random_ammo	-220.914993 -164.925995 1.000600	0.000 0.000 0.000
ttt_random_ammo	-114.120003 -184.358002 9.000600	0.000 0.000 0.000
ttt_random_ammo	-227.511002 1493.810059 9.000600	0.000 0.000 0.000
ttt_random_ammo	-209.070999 1423.119995 9.000600	0.000 0.000 0.000
ttt_random_ammo	-214.201996 1454.130005 9.000630	0.000 0.000 0.000
ttt_random_ammo	-237.561996 1421.229980 9.000600	0.000 0.000 0.000
ttt_random_ammo	-222.403000 1384.239990 9.000600	0.000 0.000 0.000
ttt_random_ammo	-187.270004 1369.270020 9.000570	0.000 0.000 0.000
ttt_random_ammo	-171.356003 1400.630005 9.000600	0.000 0.000 0.000
ttt_random_ammo	-184.744995 1415.849976 9.000630	0.000 0.000 0.000
ttt_random_ammo	-206.244003 1387.430054 9.000600	0.000 0.000 0.000
ttt_random_ammo	-267.161987 1389.199951 9.000600	0.000 0.000 0.000
ttt_random_ammo	-1333.479980 498.431000 1.000620	0.000 0.000 0.000
ttt_random_ammo	-1358.199951 426.225006 1.000600	0.000 0.000 0.000
ttt_random_ammo	-1308.530029 403.571991 1.000600	0.000 0.000 0.000
ttt_random_ammo	-1245.819946 404.916992 1.000600	0.000 0.000 0.000
ttt_random_ammo	-1293.489990 431.028992 1.000600	0.000 0.000 0.000
ttt_random_ammo	-1333.310059 465.743011 1.000620	0.000 0.000 0.000
ttt_random_ammo	-1305.170044 484.596008 1.000600	0.000 0.000 0.000
ttt_random_ammo	-1291.199951 576.166992 1.000620	0.000 0.000 0.000
ttt_random_ammo	-1278.180054 621.030029 1.000600	0.000 0.000 0.000
ttt_random_ammo	-1232.119995 600.362000 1.000600	0.000 0.000 0.000
ttt_random_ammo	-1219.160034 -1498.280029 1.000600	0.000 0.000 0.000
ttt_random_ammo	-1264.089966 -1523.290039 1.000600	0.000 0.000 0.000
ttt_random_ammo	-1279.109985 -1491.920044 1.000630	0.000 0.000 0.000
ttt_random_ammo	-1251.199951 -1466.640015 1.000600	0.000 0.000 0.000
ttt_random_ammo	-1282.000000 -1481.439941 1.000600	0.000 0.000 0.000
ttt_random_ammo	-1322.930054 -1471.219971 1.000600	0.000 0.000 0.000
ttt_random_ammo	-1310.630005 -1498.930054 1.000600	0.000 0.000 0.000
ttt_random_ammo	-1297.750000 -1513.969971 1.000600	0.000 0.000 0.000
ttt_random_ammo	-1239.030029 -1436.020020 1.000600	0.000 0.000 0.000
ttt_random_ammo	-1284.369995 -1449.400024 1.000600	0.000 0.000 0.000
ttt_random_ammo	54.477600 -1481.329956 1.000580	0.000 0.000 0.000
ttt_random_ammo	5.151310 -1508.900024 1.000580	0.000 0.000 0.000
ttt_random_ammo	-78.737602 -1499.079956 1.000580	0.000 0.000 0.000
ttt_random_ammo	-102.174004 -1593.239990 1.000600	0.000 0.000 0.000
ttt_random_ammo	19.473101 -1577.170044 1.000600	0.000 0.000 0.000
ttt_random_ammo	49.036201 -1547.390015 1.000600	0.000 0.000 0.000
ttt_random_ammo	108.714996 -1542.969971 1.000600	0.000 0.000 0.000
ttt_random_ammo	112.845001 -1498.260010 1.000600	0.000 0.000 0.000
ttt_random_ammo	-5.010180 -1478.680054 1.000580	0.000 0.000 0.000
ttt_random_ammo	-64.847000 -1472.020020 1.000580	0.000 0.000 0.000
ttt_random_ammo	91.702103 -1479.359985 1.000600	0.000 0.000 0.000
ttt_random_ammo	155.869995 -1509.530029 1.000620	0.000 0.000 0.000
ttt_random_ammo	128.014008 -1576.750000 1.000600	0.000 0.000 0.000
ttt_random_ammo	45.331799 -1571.319946 1.000620	0.000 0.000 0.000
ttt_random_ammo	-47.891998 -1566.010010 1.000600	0.000 0.000 0.000
ttt_random_ammo	-96.270798 -1550.390015 1.000600	0.000 0.000 0.000
ttt_random_ammo	1453.959961 -419.000000 1.000600	0.000 0.000 0.000
ttt_random_ammo	1488.930054 -457.335999 1.000600	0.000 0.000 0.000
ttt_random_ammo	1470.130005 -499.592010 1.000580	0.000 0.000 0.000
ttt_random_ammo	1405.290039 -461.520996 1.000600	0.000 0.000 0.000
ttt_random_ammo	1379.780029 -414.237000 1.000600	0.000 0.000 0.000
ttt_random_ammo	1423.239990 -493.364990 1.000580	0.000 0.000 0.000
ttt_random_ammo	1445.869995 -511.571014 1.000580	0.000 0.000 0.000
ttt_random_ammo	1493.619995 -532.836975 1.000600	0.000 0.000 0.000
ttt_random_ammo	1546.560059 -517.872009 1.000580	0.000 0.000 0.000
ttt_random_ammo	1520.479980 -486.614990 1.000580	0.000 0.000 0.000
ttt_random_ammo	1469.219971 -450.459015 1.000620	0.000 0.000 0.000
ttt_random_ammo	1483.479980 -400.881989 1.000600	0.000 0.000 0.000
ttt_random_ammo	1188.280029 1777.489990 1.000600	0.000 0.000 0.000
ttt_random_ammo	1174.949951 1688.280029 1.000600	0.000 0.000 0.000
ttt_random_ammo	1277.569946 1696.910034 1.000600	0.000 0.000 0.000
ttt_random_ammo	1359.339966 1699.339966 1.000630	0.000 0.000 0.000
ttt_random_ammo	1359.750000 1733.780029 1.000600	0.000 0.000 0.000
ttt_random_ammo	1311.310059 1724.439941 1.000570	0.000 0.000 0.000
ttt_random_ammo	1303.489990 1768.329956 1.000600	0.000 0.000 0.000
ttt_random_ammo	1268.579956 1780.689941 1.000600	0.000 0.000 0.000
ttt_random_ammo	1257.050049 1817.160034 1.000570	0.000 0.000 0.000
ttt_random_ammo	1347.329956 1833.449951 1.000630	0.000 0.000 0.000
ttt_random_ammo	1351.699951 1809.410034 1.000630	0.000 0.000 0.000
ttt_random_ammo	1353.150024 1772.300049 1.000630	0.000 0.000 0.000
ttt_random_ammo	1411.719971 1786.949951 1.000630	0.000 0.000 0.000
ttt_random_ammo	1396.469971 1729.180054 1.000600	0.000 0.000 0.000
ttt_random_ammo	1827.810059 -1480.150024 6.627700	0.000 0.000 0.000
ttt_random_ammo	1878.219971 -1513.989990 6.627700	0.000 0.000 0.000
ttt_random_ammo	1917.099976 -1462.280029 6.627700	0.000 0.000 0.000
ttt_random_ammo	1927.900024 -1524.079956 6.627700	0.000 0.000 0.000
ttt_random_ammo	1922.619995 -1572.310059 6.627700	0.000 0.000 0.000
ttt_random_ammo	1888.540039 -1603.099976 6.627700	0.000 0.000 0.000
ttt_random_ammo	1836.280029 -1583.609985 6.627700	0.000 0.000 0.000
ttt_random_ammo	1844.579956 -1619.199951 6.627700	0.000 0.000 0.000
ttt_random_ammo	1935.530029 -1625.359985 6.627700	0.000 0.000 0.000
ttt_random_ammo	1973.829956 -1588.589966 6.627700	0.000 0.000 0.000
ttt_random_ammo	1984.000000 -1541.369995 6.627700	0.000 0.000 0.000
ttt_random_ammo	1909.060059 -1549.500000 6.627700	0.000 0.000 0.000
ttt_random_ammo	1830.010010 -1527.099976 6.627700	0.000 0.000 0.000
ttt_random_ammo	1817.569946 -1572.619995 6.627700	0.000 0.000 0.000
ttt_random_ammo	1979.250000 -1488.969971 6.627700	0.000 0.000 0.000
ttt_random_ammo	1933.439941 -1474.650024 6.627700	0.000 0.000 0.000
weapon_zm_rifle	630.169983 1083.530029 2.957510	0.000 0.000 0.000
weapon_zm_rifle	-1504.420044 -1535.640015 2.957490	0.000 0.000 0.000
weapon_zm_rifle	630.169983 1083.530029 2.957510	0.000 0.000 0.000
weapon_zm_rifle	-1504.420044 -1535.640015 2.957490	0.000 0.000 0.000
weapon_zm_rifle	630.169983 1083.530029 2.957510	0.000 0.000 0.000
weapon_zm_rifle	-1504.420044 -1535.640015 2.957490	0.000 0.000 0.000
weapon_ttt_glock	-26.032700 -1141.430054 10.931700	0.000 0.000 0.000
weapon_ttt_glock	-101.977997 -1396.219971 10.931700	0.000 0.000 0.000
weapon_ttt_glock	95.382500 -1378.089966 10.931700	0.000 0.000 0.000
weapon_ttt_glock	848.926025 -963.226013 10.806700	0.000 0.000 0.000
weapon_ttt_glock	756.187988 -1012.270020 10.806700	0.000 0.000 0.000
weapon_ttt_glock	825.388977 -1057.910034 10.806700	0.000 0.000 0.000
weapon_ttt_glock	1467.500000 346.830994 2.931700	0.000 0.000 0.000
weapon_ttt_glock	1525.060059 320.773987 2.931700	0.000 0.000 0.000
weapon_ttt_glock	1498.250000 279.292999 2.931700	0.000 0.000 0.000
weapon_ttt_glock	861.705017 1720.790039 2.931700	0.000 0.000 0.000
weapon_ttt_glock	857.284973 1778.099976 2.931670	0.000 0.000 0.000
weapon_ttt_glock	912.703979 1735.579956 2.931670	0.000 0.000 0.000
weapon_ttt_glock	-198.906998 1681.520020 2.931700	0.000 0.000 0.000
weapon_ttt_glock	-195.009003 1750.849976 2.931700	0.000 0.000 0.000
weapon_ttt_glock	-222.386002 1704.790039 2.931700	0.000 0.000 0.000
weapon_ttt_glock	-1471.359985 1448.030029 2.931670	0.000 0.000 0.000
weapon_ttt_glock	-1482.729980 1180.180054 2.931700	0.000 0.000 0.000
weapon_ttt_glock	-1752.979980 1437.540039 2.931700	0.000 0.000 0.000
weapon_ttt_glock	-1227.359985 437.635986 2.931700	0.000 0.000 0.000
weapon_ttt_glock	-1238.030029 476.502991 2.931700	0.000 0.000 0.000
weapon_ttt_glock	-1259.869995 434.683990 2.931700	0.000 0.000 0.000
weapon_ttt_glock	-26.032700 -1141.430054 10.931700	0.000 0.000 0.000
weapon_ttt_glock	-101.977997 -1396.219971 10.931700	0.000 0.000 0.000
weapon_ttt_glock	95.382500 -1378.089966 10.931700	0.000 0.000 0.000
weapon_ttt_glock	848.926025 -963.226013 10.806700	0.000 0.000 0.000
weapon_ttt_glock	756.187988 -1012.270020 10.806700	0.000 0.000 0.000
weapon_ttt_glock	825.388977 -1057.910034 10.806700	0.000 0.000 0.000
weapon_ttt_glock	1467.500000 346.830994 2.931700	0.000 0.000 0.000
weapon_ttt_glock	1525.060059 320.773987 2.931700	0.000 0.000 0.000
weapon_ttt_glock	1498.250000 279.292999 2.931700	0.000 0.000 0.000
weapon_ttt_glock	861.705017 1720.790039 2.931700	0.000 0.000 0.000
weapon_ttt_glock	857.284973 1778.099976 2.931670	0.000 0.000 0.000
weapon_ttt_glock	912.703979 1735.579956 2.931670	0.000 0.000 0.000
weapon_ttt_glock	-198.906998 1681.520020 2.931700	0.000 0.000 0.000
weapon_ttt_glock	-195.009003 1750.849976 2.931700	0.000 0.000 0.000
weapon_ttt_glock	-222.386002 1704.790039 2.931700	0.000 0.000 0.000
weapon_ttt_glock	-1471.359985 1448.030029 2.931670	0.000 0.000 0.000
weapon_ttt_glock	-1482.729980 1180.180054 2.931700	0.000 0.000 0.000
weapon_ttt_glock	-1752.979980 1437.540039 2.931700	0.000 0.000 0.000
weapon_ttt_glock	-1227.359985 437.635986 2.931700	0.000 0.000 0.000
weapon_ttt_glock	-1238.030029 476.502991 2.931700	0.000 0.000 0.000
weapon_ttt_glock	-1259.869995 434.683990 2.931700	0.000 0.000 0.000
weapon_ttt_glock	-26.032700 -1141.430054 10.931700	0.000 0.000 0.000
weapon_ttt_glock	-101.977997 -1396.219971 10.931700	0.000 0.000 0.000
weapon_ttt_glock	95.382500 -1378.089966 10.931700	0.000 0.000 0.000
weapon_ttt_glock	848.926025 -963.226013 10.806700	0.000 0.000 0.000
weapon_ttt_glock	756.187988 -1012.270020 10.806700	0.000 0.000 0.000
weapon_ttt_glock	825.388977 -1057.910034 10.806700	0.000 0.000 0.000
weapon_ttt_glock	1467.500000 346.830994 2.931700	0.000 0.000 0.000
weapon_ttt_glock	1525.060059 320.773987 2.931700	0.000 0.000 0.000
weapon_ttt_glock	1498.250000 279.292999 2.931700	0.000 0.000 0.000
weapon_ttt_glock	861.705017 1720.790039 2.931700	0.000 0.000 0.000
weapon_ttt_glock	857.284973 1778.099976 2.931670	0.000 0.000 0.000
weapon_ttt_glock	912.703979 1735.579956 2.931670	0.000 0.000 0.000
weapon_ttt_glock	-198.906998 1681.520020 2.931700	0.000 0.000 0.000
weapon_ttt_glock	-195.009003 1750.849976 2.931700	0.000 0.000 0.000
weapon_ttt_glock	-222.386002 1704.790039 2.931700	0.000 0.000 0.000
weapon_ttt_glock	-1471.359985 1448.030029 2.931670	0.000 0.000 0.000
weapon_ttt_glock	-1482.729980 1180.180054 2.931700	0.000 0.000 0.000
weapon_ttt_glock	-1752.979980 1437.540039 2.931700	0.000 0.000 0.000
weapon_ttt_glock	-1227.359985 437.635986 2.931700	0.000 0.000 0.000
weapon_ttt_glock	-1238.030029 476.502991 2.931700	0.000 0.000 0.000
weapon_ttt_glock	-1259.869995 434.683990 2.931700	0.000 0.000 0.000
weapon_zm_mac10	1033.619995 1252.469971 5.471190	0.000 0.000 0.000
weapon_zm_mac10	1004.630005 1276.979980 5.471190	0.000 0.000 0.000
weapon_zm_mac10	1033.619995 1252.469971 5.471190	0.000 0.000 0.000
weapon_zm_mac10	1004.630005 1276.979980 5.471190	0.000 0.000 0.000
weapon_zm_mac10	1033.619995 1252.469971 5.471190	0.000 0.000 0.000
weapon_zm_mac10	1004.630005 1276.979980 5.471190	0.000 0.000 0.000
weapon_zm_pistol	-1279.660034 1239.250000 2.723160	0.000 0.000 0.000
weapon_zm_pistol	-1247.290039 1272.739990 2.723130	0.000 0.000 0.000
weapon_zm_pistol	973.234985 209.888000 2.723160	0.000 0.000 0.000
weapon_zm_pistol	1004.890015 268.578003 2.723160	0.000 0.000 0.000
weapon_zm_pistol	1207.069946 -885.693970 10.598200	0.000 0.000 0.000
weapon_zm_pistol	1223.010010 -913.825012 10.598200	0.000 0.000 0.000
weapon_zm_pistol	-857.388977 -409.351013 2.723160	0.000 0.000 0.000
weapon_zm_pistol	-877.843018 -432.306000 2.723160	0.000 0.000 0.000
weapon_zm_pistol	-1279.660034 1239.250000 2.723160	0.000 0.000 0.000
weapon_zm_pistol	-1247.290039 1272.739990 2.723130	0.000 0.000 0.000
weapon_zm_pistol	973.234985 209.888000 2.723160	0.000 0.000 0.000
weapon_zm_pistol	1004.890015 268.578003 2.723160	0.000 0.000 0.000
weapon_zm_pistol	1207.069946 -885.693970 10.598200	0.000 0.000 0.000
weapon_zm_pistol	1223.010010 -913.825012 10.598200	0.000 0.000 0.000
weapon_zm_pistol	-857.388977 -409.351013 2.723160	0.000 0.000 0.000
weapon_zm_pistol	-877.843018 -432.306000 2.723160	0.000 0.000 0.000
weapon_zm_pistol	-1279.660034 1239.250000 2.723160	0.000 0.000 0.000
weapon_zm_pistol	-1247.290039 1272.739990 2.723130	0.000 0.000 0.000
weapon_zm_pistol	973.234985 209.888000 2.723160	0.000 0.000 0.000
weapon_zm_pistol	1004.890015 268.578003 2.723160	0.000 0.000 0.000
weapon_zm_pistol	1207.069946 -885.693970 10.598200	0.000 0.000 0.000
weapon_zm_pistol	1223.010010 -913.825012 10.598200	0.000 0.000 0.000
weapon_zm_pistol	-857.388977 -409.351013 2.723160	0.000 0.000 0.000
weapon_zm_pistol	-877.843018 -432.306000 2.723160	0.000 0.000 0.000
weapon_zm_shotgun	303.869995 441.572998 3.488650	0.000 0.000 0.000
weapon_zm_shotgun	220.639008 511.334015 3.488650	0.000 0.000 0.000
weapon_zm_shotgun	197.110001 -1189.729980 11.488600	0.000 0.000 0.000
weapon_zm_shotgun	265.037994 -1151.479980 11.488600	0.000 0.000 0.000
weapon_zm_shotgun	-903.791992 -1644.040039 11.488700	0.000 0.000 0.000
weapon_zm_shotgun	-962.991028 -1588.969971 11.488600	0.000 0.000 0.000
weapon_zm_shotgun	-1257.949951 -308.807007 3.488650	0.000 0.000 0.000
weapon_zm_shotgun	-1286.560059 -333.667999 3.488640	0.000 0.000 0.000
weapon_zm_shotgun	303.869995 441.572998 3.488650	0.000 0.000 0.000
weapon_zm_shotgun	220.639008 511.334015 3.488650	0.000 0.000 0.000
weapon_zm_shotgun	197.110001 -1189.729980 11.488600	0.000 0.000 0.000
weapon_zm_shotgun	265.037994 -1151.479980 11.488600	0.000 0.000 0.000
weapon_zm_shotgun	-903.791992 -1644.040039 11.488700	0.000 0.000 0.000
weapon_zm_shotgun	-962.991028 -1588.969971 11.488600	0.000 0.000 0.000
weapon_zm_shotgun	-1257.949951 -308.807007 3.488650	0.000 0.000 0.000
weapon_zm_shotgun	-1286.560059 -333.667999 3.488640	0.000 0.000 0.000
weapon_zm_shotgun	303.869995 441.572998 3.488650	0.000 0.000 0.000
weapon_zm_shotgun	220.639008 511.334015 3.488650	0.000 0.000 0.000
weapon_zm_shotgun	197.110001 -1189.729980 11.488600	0.000 0.000 0.000
weapon_zm_shotgun	265.037994 -1151.479980 11.488600	0.000 0.000 0.000
weapon_zm_shotgun	-903.791992 -1644.040039 11.488700	0.000 0.000 0.000
weapon_zm_shotgun	-962.991028 -1588.969971 11.488600	0.000 0.000 0.000
weapon_zm_shotgun	-1257.949951 -308.807007 3.488650	0.000 0.000 0.000
weapon_zm_shotgun	-1286.560059 -333.667999 3.488640	0.000 0.000 0.000
