# Trouble in Terrorist Town weapon/ammo placement overrides
# For map: ttt_amsterville_2015
# Exported by: dduudu
setting:	replacespawns 1
ttt_playerspawn	416.375214 2341.690674 128.541534	-0.057 -0.000 0.057
ttt_playerspawn	562.227783 2333.622070 128.518555	-0.080 -0.000 0.080
ttt_playerspawn	714.482056 2333.824707 128.537903	-0.061 -0.000 0.061
ttt_playerspawn	870.481873 2334.027832 128.558640	-0.040 -0.000 0.040
ttt_playerspawn	1005.481995 2334.203613 128.535019	-0.063 -0.000 0.063
ttt_playerspawn	1005.572815 2546.375732 128.536957	-0.061 -0.000 0.062
ttt_playerspawn	874.263733 2544.510986 128.519775	-0.078 -0.000 0.078
ttt_playerspawn	719.776978 2543.043213 128.535019	-0.063 -0.000 0.064
ttt_playerspawn	554.037048 2541.455322 128.526703	-0.071 -0.000 0.072
ttt_playerspawn	414.542267 2540.113281 128.535019	-0.063 -0.000 0.064
ttt_playerspawn	1177.302246 2381.100830 128.571335	0.041 -0.000 -0.041
ttt_playerspawn	1176.475098 2506.259033 128.538834	-0.060 -0.000 0.060
ttt_playerspawn	1799.641479 2606.864746 112.556099	-0.042 -0.000 0.044
ttt_playerspawn	1917.156006 2460.327148 112.512238	-0.086 -0.000 0.086
ttt_playerspawn	1795.045410 2300.171387 112.518608	-0.080 -0.000 0.080
ttt_playerspawn	2650.275879 446.746857 -71.478989	-0.077 -0.000 0.077
ttt_playerspawn	2706.576172 302.234955 -71.421761	-0.105 0.005 0.122
ttt_playerspawn	2871.435547 229.425415 -69.272430	-1.146 0.196 0.180
ttt_playerspawn	3105.540283 420.835938 -71.472153	-0.071 -0.000 0.070
ttt_playerspawn	2883.669922 683.165405 -71.487549	-0.052 -0.032 -0.215
ttt_playerspawn	2734.649658 611.130188 -71.471077	-0.070 -0.000 0.069
ttt_playerspawn	3037.623535 605.930115 -71.429260	-0.033 -0.000 0.024
ttt_playerspawn	3047.985596 272.558533 -71.443596	0.097 -0.005 0.108
ttt_playerspawn	563.075684 864.636047 128.544113	-0.055 -0.000 0.054
ttt_playerspawn	559.840027 975.640076 128.548950	0.050 0.000 0.050
ttt_playerspawn	554.647827 1091.545410 128.565674	-0.049 0.000 -0.049
ttt_playerspawn	650.747864 1092.525635 128.530991	-0.067 -0.000 0.067
ttt_playerspawn	645.952576 973.077087 128.568893	-0.031 0.000 0.030
ttt_playerspawn	644.850769 858.216980 128.541534	-0.057 -0.000 0.057
ttt_playerspawn	726.547852 849.088684 128.519775	-0.078 -0.000 0.078
ttt_playerspawn	723.195190 984.292175 128.541534	-0.057 -0.000 0.057
ttt_playerspawn	721.916870 1093.683594 128.529953	-0.068 -0.000 0.068
ttt_playerspawn	-1417.450806 268.058655 0.532063	-0.066 -0.000 0.066
ttt_playerspawn	-1416.170898 183.391586 0.557407	-0.041 -0.000 0.042
ttt_playerspawn	-1412.892334 90.850853 0.552671	-0.046 -0.000 0.046
ttt_playerspawn	-1312.089966 285.980011 0.543301	-0.055 -0.000 0.055
ttt_playerspawn	-1309.580566 190.571152 0.514825	-0.083 -0.000 0.083
ttt_playerspawn	-1304.267822 109.499901 0.523357	-0.075 -0.000 0.075
ttt_playerspawn	-1179.100708 195.948547 0.524502	-0.074 -0.000 0.074
ttt_playerspawn	-1169.716797 105.212143 0.525633	-0.073 -0.000 0.073
ttt_playerspawn	-1055.279175 203.645737 0.533081	-0.065 -0.000 0.065
ttt_playerspawn	-1057.985229 97.294998 0.526745	-0.072 -0.000 0.072
ttt_playerspawn	2568.684814 1252.742188 -71.448776	-0.048 -0.000 0.047
ttt_playerspawn	2758.199951 1254.665161 -71.478989	-0.077 -0.000 0.077
ttt_playerspawn	2935.196289 1257.571167 -71.454193	-0.053 -0.000 0.053
ttt_playerspawn	2568.395508 1426.217041 -71.466919	-0.066 -0.000 0.065
ttt_playerspawn	2759.643066 1421.186523 -71.447327	-0.047 -0.000 0.046
ttt_playerspawn	2944.138672 1422.768311 -71.455009	-0.054 -0.000 0.053
ttt_playerspawn	2566.250732 1090.243896 -71.449516	-0.049 -0.000 0.048
ttt_playerspawn	2757.562744 1083.800049 -71.467934	-0.067 -0.000 0.066
ttt_playerspawn	2981.472412 2362.901611 -71.458435	-0.057 -0.000 0.057
ttt_playerspawn	2979.437500 2496.107910 -71.460213	-0.059 -0.000 0.059
ttt_playerspawn	2978.524658 2620.811768 -71.467934	-0.066 -0.000 0.066
ttt_playerspawn	2979.049316 2739.087402 -71.443893	0.043 0.000 0.043
ttt_playerspawn	3275.250488 2251.488770 -71.464928	-0.064 -0.000 0.063
ttt_playerspawn	3269.201904 2162.173340 -71.449516	-0.049 -0.000 0.048
weapon_ttt_ak47	1857.802979 2524.489502 152.106873	0.093 -13.247 87.743
item_box_buckshot_ttt	632.700012 359.231995 35.293900	0.000 0.000 0.000
item_box_buckshot_ttt	621.908997 352.177002 35.293900	0.000 0.000 0.000
item_box_buckshot_ttt	588.942017 354.115997 35.293900	0.000 0.000 0.000
item_box_buckshot_ttt	1.999990 3065.000000 131.000000	0.000 267.500 0.000
item_box_buckshot_ttt	-7.000000 3040.649902 139.000000	-79.000 0.000 0.000
item_box_buckshot_ttt	1887.530029 2371.929932 112.293999	0.000 0.000 0.000
item_box_buckshot_ttt	1893.800049 2387.610107 112.293999	0.000 0.000 0.000
item_box_buckshot_ttt	1720.819946 1973.020020 152.294006	0.000 0.000 0.000
item_box_buckshot_ttt	559.901001 1933.239990 139.294006	0.000 0.000 0.000
item_box_buckshot_ttt	521.645996 1764.949951 187.294006	0.000 0.000 0.000
item_box_buckshot_ttt	484.177002 1762.400024 187.294006	0.000 0.000 0.000
item_box_buckshot_ttt	1000.000000 3020.000000 291.273987	0.000 0.000 0.000
item_box_buckshot_ttt	923.531006 3017.510010 291.273987	0.000 0.000 0.000
item_box_buckshot_ttt	2274.659912 2346.510010 269.294006	0.000 0.000 0.000
item_box_buckshot_ttt	2248.750000 2344.790039 269.294006	0.000 0.000 0.000
item_box_buckshot_ttt	2542.000000 2149.810059 -6.706120	0.000 0.000 0.000
item_box_buckshot_ttt	2523.189941 2149.429932 -6.706120	0.000 0.000 0.000
item_box_buckshot_ttt	2529.399902 2165.899902 -38.706100	0.000 0.000 0.000
item_box_buckshot_ttt	3400.449951 -532.940979 1.293880	0.000 0.000 0.000
item_box_buckshot_ttt	3400.360107 -516.330994 1.293880	0.000 0.000 0.000
item_box_buckshot_ttt	3037.459961 -628.601990 45.293900	0.000 0.000 0.000
item_box_buckshot_ttt	3036.629883 -650.409973 45.293900	0.000 0.000 0.000
item_box_buckshot_ttt	967.000000 -913.000000 19.000000	0.000 0.000 0.000
item_box_buckshot_ttt	3993.000000 2737.139893 99.273598	0.000 0.000 0.000
item_box_buckshot_ttt	3978.780029 2728.639893 99.273598	0.000 0.000 0.000
item_box_buckshot_ttt	3985.459961 2321.290039 228.294006	0.000 0.000 0.000
item_box_buckshot_ttt	3533.439941 1176.219971 -62.706100	0.000 0.000 0.000
item_box_buckshot_ttt	3496.860107 1178.500000 -62.706100	0.000 0.000 0.000
item_box_buckshot_ttt	1945.880005 3238.340088 133.294006	0.000 0.000 0.000
item_box_buckshot_ttt	1929.229980 3231.310059 133.294006	0.000 0.000 0.000
item_box_buckshot_ttt	1928.319946 3220.040039 133.294006	0.000 0.000 0.000
item_box_buckshot_ttt	3572.100098 2242.659912 -61.706100	0.000 0.000 0.000
item_box_buckshot_ttt	3584.739990 2244.260010 -61.706100	0.000 0.000 0.000
item_box_buckshot_ttt	3577.879883 2218.750000 -61.706100	0.000 0.000 0.000
weapon_ttt_smokegrenade	522.416016 3148.729980 137.735001	0.000 0.000 0.000
weapon_ttt_smokegrenade	548.872986 3046.969971 167.735001	0.000 0.000 0.000
weapon_ttt_smokegrenade	1828.310059 1836.550049 117.735001	0.000 0.000 0.000
weapon_ttt_smokegrenade	1325.910034 1700.619995 109.735001	0.000 0.000 0.000
weapon_ttt_smokegrenade	1329.420044 1715.510010 109.735001	0.000 0.000 0.000
weapon_ttt_smokegrenade	1327.839966 1774.699951 109.735001	0.000 0.000 0.000
weapon_ttt_smokegrenade	1323.709961 1761.119995 109.735001	0.000 0.000 0.000
weapon_ttt_smokegrenade	1191.109985 1604.660034 149.735001	0.000 0.000 0.000
weapon_ttt_smokegrenade	-152.136002 2539.739990 142.735001	0.000 0.000 0.000
weapon_ttt_smokegrenade	2361.679932 2502.860107 149.735001	0.000 0.000 0.000
weapon_ttt_smokegrenade	2284.000000 2544.000000 282.000000	0.000 0.000 0.000
weapon_ttt_smokegrenade	3814.669922 1064.000000 23.000000	0.000 0.000 0.000
weapon_ttt_smokegrenade	3815.780029 1030.339966 23.000000	0.000 0.000 0.000
weapon_ttt_smokegrenade	3489.000000 -1073.000000 155.000000	0.000 0.000 0.000
weapon_ttt_smokegrenade	1947.479980 347.843994 -0.264890	0.000 0.000 0.000
weapon_ttt_smokegrenade	451.679993 605.989014 181.735001	0.000 0.000 0.000
weapon_ttt_smokegrenade	1726.540039 3125.649902 139.735001	0.000 0.000 0.000
weapon_ttt_smokegrenade	1831.319946 3065.530029 109.735001	0.000 0.000 0.000
weapon_ttt_smokegrenade	3220.959961 -1051.000000 160.130005	0.000 0.000 0.000
weapon_ttt_smokegrenade	3232.000000 -1050.359985 160.130005	0.000 0.000 0.000
item_ammo_357_ttt	-1836.540039 -309.416992 201.276001	0.000 0.000 0.000
item_ammo_357_ttt	-1842.199951 -327.484009 201.276001	0.000 0.000 0.000
item_ammo_357_ttt	-1853.349976 -324.358002 201.276001	0.000 0.000 0.000
item_ammo_357_ttt	412.684998 1870.849976 139.276001	0.000 0.000 0.000
item_ammo_357_ttt	421.692993 1830.239990 139.276001	0.000 0.000 0.000
item_ammo_357_ttt	-184.600998 2450.229980 149.276001	0.000 0.000 0.000
item_ammo_357_ttt	-140.869003 2448.649902 149.276001	0.000 0.000 0.000
item_ammo_357_ttt	2267.840088 2510.739990 140.276001	0.000 0.000 0.000
item_ammo_357_ttt	2264.020020 2494.330078 140.276001	0.000 0.000 0.000
item_ammo_357_ttt	-61.280899 2377.409912 241.276001	0.000 0.000 0.000
item_ammo_357_ttt	-39.000000 2363.000000 241.276001	0.000 0.000 0.000
item_ammo_357_ttt	2088.139893 1444.680054 99.275803	0.000 0.000 0.000
item_ammo_357_ttt	2102.239990 1438.760010 99.275803	0.000 0.000 0.000
item_ammo_357_ttt	2102.820068 1458.489990 99.275803	0.000 0.000 0.000
item_ammo_357_ttt	-206.097000 274.411987 449.276001	0.000 0.000 0.000
item_ammo_357_ttt	-78.069000 273.208008 417.276001	0.000 0.000 0.000
item_ammo_357_ttt	3536.590088 1132.380005 -62.724201	0.000 0.000 0.000
item_ammo_357_ttt	3534.479980 1107.479980 -62.724201	0.000 0.000 0.000
item_ammo_357_ttt	-382.661011 -1626.760010 -102.723999	0.000 0.000 0.000
item_ammo_357_ttt	-386.454010 -1678.219971 -102.723999	0.000 0.000 0.000
item_ammo_357_ttt	1004.039978 1165.719971 401.276001	0.000 0.000 0.000
item_ammo_357_ttt	1007.820007 1186.619995 401.276001	0.000 0.000 0.000
item_ammo_357_ttt	3639.310059 -328.431000 292.276001	0.000 0.000 0.000
item_ammo_357_ttt	3647.489990 -344.181000 292.276001	0.000 0.000 0.000
item_ammo_357_ttt	3643.100098 -276.971008 292.276001	0.000 0.000 0.000
item_ammo_357_ttt	3637.899902 -1107.510010 210.119995	0.000 0.000 0.000
item_ammo_357_ttt	3651.679932 -1107.420044 210.119995	0.000 0.000 0.000
item_ammo_357_ttt	3669.659912 -1107.099976 210.119995	0.000 0.000 0.000
item_ammo_357_ttt	3541.179932 -352.747986 479.276001	0.000 0.000 0.000
item_ammo_357_ttt	3537.389893 -404.208008 479.276001	0.000 0.000 0.000
item_ammo_357_ttt	3545.570068 -419.958008 479.276001	0.000 0.000 0.000
item_ammo_357_ttt	3517.860107 -411.972992 479.276001	0.000 0.000 0.000
item_ammo_357_ttt	2626.550049 1815.449951 96.275803	0.000 0.000 0.000
item_ammo_357_ttt	2639.780029 1814.959961 96.275803	0.000 0.000 0.000
item_ammo_357_ttt	875.412048 1818.554565 352.363678	0.457 0.043 0.043
item_ammo_357_ttt	867.159119 1818.543823 352.334534	0.451 0.028 0.054
item_ammo_357_ttt	3394.836914 -266.773346 160.314911	0.448 0.075 0.061
item_ammo_357_ttt	3403.423584 -267.064880 160.357162	0.456 0.062 0.045
item_ammo_revolver_ttt	-996.056030 361.113007 33.275799	0.000 0.000 0.000
item_ammo_revolver_ttt	-1008.909973 344.654999 33.275799	0.000 0.000 0.000
item_ammo_revolver_ttt	-998.046021 332.132996 33.275799	0.000 0.000 0.000
item_ammo_revolver_ttt	1070.109985 1845.650024 139.276001	0.000 0.000 0.000
item_ammo_revolver_ttt	1059.050049 1844.119995 139.276001	0.000 0.000 0.000
item_ammo_revolver_ttt	1028.000000 1846.989990 139.276001	0.000 0.000 0.000
item_ammo_revolver_ttt	-295.587006 2653.320068 149.276001	0.000 0.000 0.000
item_ammo_revolver_ttt	-288.928986 2643.689941 149.276001	0.000 0.000 0.000
item_ammo_revolver_ttt	2163.939941 2420.159912 143.276001	0.000 0.000 0.000
item_ammo_revolver_ttt	2163.530029 2381.610107 143.276001	0.000 0.000 0.000
item_ammo_revolver_ttt	1141.030029 1941.000000 256.278015	0.000 0.000 0.000
item_ammo_revolver_ttt	1133.630005 1939.979980 256.278015	0.000 0.000 0.000
item_ammo_revolver_ttt	2565.149902 1822.359985 -6.724190	0.000 0.000 0.000
item_ammo_revolver_ttt	2591.959961 1843.829956 -14.724200	0.000 0.000 0.000
item_ammo_revolver_ttt	3377.199951 -524.306030 1.275810	0.000 0.000 0.000
item_ammo_revolver_ttt	2402.860107 -605.611023 52.000000	0.000 0.000 0.000
item_ammo_revolver_ttt	2409.000000 -594.000000 52.000000	0.000 0.000 0.000
item_ammo_revolver_ttt	-118.422997 72.444801 37.540699	0.000 0.000 0.000
item_ammo_revolver_ttt	3867.229980 2874.590088 65.275803	0.000 0.000 0.000
item_ammo_revolver_ttt	3888.959961 2859.909912 65.275803	0.000 0.000 0.000
item_ammo_revolver_ttt	3657.429932 -314.223999 167.000000	0.000 0.000 0.000
item_ammo_revolver_ttt	3663.570068 -302.613007 167.000000	0.000 0.000 0.000
item_ammo_revolver_ttt	1974.170044 3174.149902 97.275803	0.000 0.000 0.000
item_ammo_revolver_ttt	1984.310059 3150.860107 97.275803	0.000 0.000 0.000
item_ammo_revolver_ttt	1977.369995 3139.330078 96.275803	0.000 0.000 0.000
item_ammo_revolver_ttt	1094.427002 2252.713379 144.575592	0.064 90.115 0.666
item_ammo_revolver_ttt	1093.868164 2260.894775 144.636185	0.606 90.541 -0.187
item_ammo_revolver_ttt	1076.213135 2633.840332 144.593246	-0.803 -90.955 -0.138
item_ammo_revolver_ttt	1076.567505 2646.369141 144.653351	0.505 -91.445 0.213
item_ammo_smg1_ttt	-936.231018 -92.416000 33.344700	0.000 0.000 0.000
item_ammo_smg1_ttt	-916.419006 -103.024002 33.344700	0.000 0.000 0.000
item_ammo_smg1_ttt	753.827026 413.992004 129.345001	0.000 0.000 0.000
item_ammo_smg1_ttt	738.083984 414.657013 129.345001	0.000 0.000 0.000
item_ammo_smg1_ttt	-25.000000 3073.000000 140.000000	0.000 102.000 0.000
item_ammo_smg1_ttt	789.848022 1788.890015 137.345001	0.000 0.000 0.000
item_ammo_smg1_ttt	796.041992 1816.599976 137.345001	0.000 0.000 0.000
item_ammo_smg1_ttt	797.028992 1906.589966 225.345001	0.000 0.000 0.000
item_ammo_smg1_ttt	812.478027 1907.609985 225.345001	0.000 0.000 0.000
item_ammo_smg1_ttt	3652.629883 1159.430054 91.344704	0.000 0.000 0.000
item_ammo_smg1_ttt	3634.189941 1160.839966 91.344704	0.000 0.000 0.000
item_ammo_smg1_ttt	2946.560059 -794.830994 26.000000	0.000 0.000 0.000
item_ammo_smg1_ttt	2930.000000 -793.721985 26.000000	0.000 0.000 0.000
item_ammo_smg1_ttt	-293.411987 360.878998 1.344720	0.000 0.000 0.000
item_ammo_smg1_ttt	3665.000000 2371.000000 274.000000	0.000 0.000 0.000
item_ammo_smg1_ttt	3477.290039 1177.599976 -62.655300	0.000 0.000 0.000
item_ammo_smg1_ttt	2195.189941 332.390015 -55.655300	0.000 0.000 0.000
item_ammo_smg1_ttt	3107.530029 -875.919006 129.345001	0.000 0.000 0.000
item_ammo_smg1_ttt	3135.030029 -876.495972 129.345001	0.000 0.000 0.000
item_ammo_smg1_ttt	-359.437988 498.401001 40.887901	0.000 0.000 0.000
item_ammo_smg1_ttt	-345.289001 499.729004 40.887901	0.000 0.000 0.000
item_ammo_smg1_ttt	2708.934082 1980.466187 -47.291508	-0.677 0.009 -0.272
item_ammo_smg1_ttt	1658.021118 2269.011475 112.474098	0.571 -0.014 0.262
item_ammo_smg1_ttt	1676.095093 2268.642578 112.422310	0.470 -0.004 0.303
item_ammo_smg1_ttt	1656.703369 2624.097168 112.513542	-0.291 0.014 -0.253
item_ammo_smg1_ttt	1674.846436 2624.179932 112.536339	-0.135 0.017 -0.116
item_ammo_smg1_ttt	-117.423683 2706.409424 112.415771	-0.334 0.005 0.213
item_ammo_smg1_ttt	867.156067 3128.254639 96.534767	-0.126 -0.465 -0.088
item_ammo_smg1_ttt	866.452698 3107.622803 96.484734	-0.795 -0.003 0.643
item_ammo_smg1_ttt	282.321716 3038.533936 139.386322	0.555 -1.255 0.077
item_ammo_smg1_ttt	1444.199341 2018.366943 256.383728	0.078 -0.005 0.040
item_ammo_smg1_ttt	1425.878296 2018.383423 256.515533	-0.376 0.297 -0.074
item_ammo_pistol_ttt	1057.280029 2925.290039 97.280098	0.000 0.000 0.000
item_ammo_pistol_ttt	1045.969971 2919.590088 97.280098	0.000 0.000 0.000
item_ammo_pistol_ttt	1032.920044 2921.580078 97.280098	0.000 0.000 0.000
item_ammo_pistol_ttt	1560.459961 2046.170044 144.279999	0.000 0.000 0.000
item_ammo_pistol_ttt	1574.239990 2010.890015 148.279999	0.000 0.000 0.000
item_ammo_pistol_ttt	1117.000000 1846.969971 139.279999	0.000 0.000 0.000
item_ammo_pistol_ttt	1134.569946 1845.339966 139.279999	0.000 0.000 0.000
item_ammo_pistol_ttt	1151.319946 1845.400024 109.279999	0.000 0.000 0.000
item_ammo_pistol_ttt	453.169006 1967.290039 139.279999	0.000 0.000 0.000
item_ammo_pistol_ttt	934.461975 2979.000000 273.279999	0.000 0.000 0.000
item_ammo_pistol_ttt	958.882019 2964.320068 273.279999	0.000 0.000 0.000
item_ammo_pistol_ttt	726.195984 1824.750000 353.279999	0.000 0.000 0.000
item_ammo_pistol_ttt	711.127991 1823.660034 353.279999	0.000 0.000 0.000
item_ammo_pistol_ttt	837.854004 1825.489990 353.279999	0.000 0.000 0.000
item_ammo_pistol_ttt	3696.409912 499.846985 37.547100	0.000 0.000 0.000
item_ammo_pistol_ttt	3679.889893 501.000000 37.547100	0.000 0.000 0.000
item_ammo_pistol_ttt	3429.030029 -1117.300049 289.279999	0.000 0.000 0.000
item_ammo_pistol_ttt	3414.840088 -1107.680054 289.279999	0.000 0.000 0.000
item_ammo_pistol_ttt	1093.020020 -231.621994 81.280098	0.000 0.000 0.000
item_ammo_pistol_ttt	1080.729980 -232.481003 81.280098	0.000 0.000 0.000
item_ammo_pistol_ttt	1060.550049 -231.007996 81.280098	0.000 0.000 0.000
item_ammo_pistol_ttt	310.635986 484.200012 129.279999	0.000 0.000 0.000
item_ammo_pistol_ttt	320.184998 488.510010 129.279999	0.000 0.000 0.000
item_ammo_pistol_ttt	306.381012 510.177002 129.279999	0.000 0.000 0.000
item_ammo_pistol_ttt	-317.927002 383.868988 51.280102	0.000 0.000 0.000
item_ammo_pistol_ttt	-349.717987 383.265015 51.280102	0.000 0.000 0.000
item_ammo_pistol_ttt	308.936005 2404.729980 129.279999	0.000 0.000 0.000
item_ammo_pistol_ttt	316.850006 2419.669922 129.279999	0.000 0.000 0.000
item_ammo_pistol_ttt	4000.820068 2338.370117 193.279999	0.000 0.000 0.000
item_ammo_pistol_ttt	3515.290039 1175.420044 -62.719898	0.000 0.000 0.000
item_ammo_pistol_ttt	1886.239990 -5.198220 -54.719898	0.000 0.000 0.000
item_ammo_pistol_ttt	1881.069946 15.417700 -54.719898	0.000 0.000 0.000
item_ammo_pistol_ttt	102.830002 590.081970 40.823299	0.000 0.000 0.000
item_ammo_pistol_ttt	2705.040527 2018.250610 -47.422245	0.026 0.043 -0.007
item_ammo_pistol_ttt	2712.821289 2017.623413 -47.431503	0.756 0.009 -0.069
item_ammo_pistol_ttt	568.171631 2166.189941 112.639717	-0.178 0.395 -0.435
item_ammo_pistol_ttt	576.953491 2166.310791 112.642456	0.425 0.346 -0.222
item_ammo_pistol_ttt	207.433014 1956.142822 240.993515	-0.339 -0.851 5.330
item_ammo_pistol_ttt	196.901642 1956.075073 241.022919	-0.497 -0.057 5.231
ttt_random_weapon	273.000000 3058.870117 146.000000	0.000 0.000 0.000
ttt_random_weapon	2605.000000 1949.000000 -3.000000	0.000 0.000 0.000
ttt_random_weapon	999.283997 -908.289001 10.372900	0.000 0.000 0.000
ttt_random_weapon	-1835.880005 -129.164993 66.000000	0.000 0.000 0.000
ttt_random_weapon	3875.949951 2848.030029 74.372902	0.000 0.000 0.000
ttt_random_weapon	3487.189941 1063.040039 -8.959350	68.836 332.797 -77.610
ttt_random_weapon	1569.989990 3119.000000 141.373001	0.000 0.000 0.000
ttt_random_weapon	1734.229980 3124.540039 114.373001	0.000 0.000 0.000
ttt_random_weapon	1684.790039 2894.989990 114.373001	0.000 0.000 0.000
ttt_random_weapon	1799.119995 2887.830078 114.373001	0.000 0.000 0.000
ttt_random_weapon	1777.839966 2911.750000 114.373001	0.000 0.000 0.000
ttt_random_weapon	-99.708061 2855.014160 113.226723	1.573 4.167 -93.288
ttt_random_weapon	2589.088867 -492.685272 1.264246	1.443 3.871 -94.477
ttt_random_weapon	2414.555176 -494.346100 1.216995	1.684 4.185 -93.036
ttt_random_weapon	2850.428223 -496.945038 1.207245	1.794 4.198 -92.784
ttt_random_weapon	3045.454590 -496.685791 1.217908	1.673 4.182 -93.059
ttt_random_weapon	3486.122070 -396.926727 49.236313	1.465 5.886 -93.537
ttt_random_weapon	3511.573730 -272.577087 161.229858	1.538 5.899 -93.369
ttt_random_weapon	3244.687744 -272.279114 161.227539	1.564 5.901 -93.309
weapon_zm_sledge	1381.000000 1916.000000 148.718002	-80.383 81.609 9.015
weapon_zm_sledge	-265.000000 2642.000000 152.718002	0.000 0.000 0.000
weapon_zm_sledge	2206.209961 2370.179932 240.718002	0.000 0.000 0.000
weapon_zm_sledge	3422.739990 -400.033997 52.717899	0.000 0.000 0.000
weapon_zm_sledge	2444.260010 -883.531982 156.718002	0.000 0.000 0.000
weapon_zm_sledge	-402.933990 856.762024 -111.281998	0.000 0.000 0.000
weapon_zm_sledge	2540.759521 3037.407715 -50.191551	18.634 -0.126 2.992
weapon_ttt_smg	2713.510498 2039.905151 -47.583679	1.541 1.935 89.877
weapon_ttt_smg	234.973846 1955.296387 241.627243	0.340 3.936 94.221
weapon_ttt_m16	-135.000000 162.000000 55.000000	68.836 332.797 -77.610
weapon_ttt_m16	-161.904007 2546.370117 161.733002	0.000 0.000 0.000
weapon_ttt_m16	770.000000 1822.000000 383.000000	0.000 0.000 0.000
weapon_ttt_m16	3639.000000 500.173004 42.000000	0.000 0.000 0.000
weapon_ttt_m16	3505.000000 -1089.000000 322.000000	0.000 0.000 0.000
weapon_ttt_m16	1062.719971 -183.535995 85.733002	0.000 0.000 0.000
weapon_ttt_m16	-286.183990 385.050995 55.733002	0.000 0.000 0.000
weapon_ttt_m16	991.606995 2018.420044 151.041000	68.836 332.797 -77.610
weapon_ttt_m16	1942.790039 9.296980 -50.266998	0.000 0.000 0.000
weapon_ttt_tmp	1431.974854 1995.071045 257.571289	0.118 -1.606 -92.163
weapon_ttt_mp5	280.901123 2973.973145 113.102547	0.201 6.511 -87.372
weapon_ttt_galil	558.819641 2733.551025 156.714462	52.775 116.881 -103.261
weapon_zm_molotov	401.635010 3174.169922 137.735001	0.000 0.000 0.000
weapon_zm_molotov	1328.930054 1647.760010 109.735001	0.000 0.000 0.000
weapon_zm_molotov	1328.369995 1842.079956 109.735001	0.000 0.000 0.000
weapon_zm_molotov	415.000000 1724.000000 141.735001	0.000 0.000 0.000
weapon_zm_molotov	1317.910034 3029.989990 309.734985	0.000 0.000 0.000
weapon_zm_molotov	2393.649902 2231.260010 265.734985	0.000 0.000 0.000
weapon_zm_molotov	2332.020020 2232.800049 265.734985	0.000 0.000 0.000
weapon_zm_molotov	1252.540039 1909.069946 405.734985	0.000 0.000 0.000
weapon_zm_molotov	3817.000000 896.895020 23.000000	0.000 0.000 0.000
weapon_zm_molotov	3778.500000 632.770020 37.735100	0.000 0.000 0.000
weapon_zm_molotov	3505.659912 -1061.420044 155.000000	0.000 0.000 0.000
weapon_zm_molotov	3007.580078 -637.320984 141.735001	0.000 0.000 0.000
weapon_zm_molotov	-201.009003 134.000000 42.000000	0.000 0.000 0.000
weapon_zm_molotov	3669.040039 2270.040039 -58.265400	0.000 0.000 0.000
weapon_zm_molotov	3671.909912 2314.010010 196.735001	0.000 0.000 0.000
weapon_zm_molotov	2666.909912 2976.669922 166.735001	0.000 0.000 0.000
weapon_zm_molotov	1790.130005 2861.560059 174.735001	0.000 0.000 0.000
weapon_zm_molotov	1944.619995 3156.260010 136.735001	0.000 0.000 0.000
weapon_zm_molotov	1626.479980 3131.719971 135.735001	0.000 0.000 0.000
weapon_ttt_sg550	907.286804 1826.285522 352.657013	0.293 2.598 84.897
ttt_random_ammo	-151.195007 2841.169922 113.000999	0.000 0.000 0.000
ttt_random_ammo	-162.764999 2448.020020 149.001007	0.000 0.000 0.000
ttt_random_ammo	-55.792301 2459.639893 113.000999	0.000 0.000 0.000
ttt_random_ammo	3778.879883 405.856995 49.000599	0.000 0.000 0.000
ttt_random_ammo	3185.040039 -1057.310059 322.001007	0.000 0.000 0.000
ttt_random_ammo	3104.969971 -998.267029 307.001007	0.000 0.000 0.000
ttt_random_ammo	3271.239990 -1111.270020 312.000000	0.000 0.000 0.000
ttt_random_ammo	3272.000000 -1095.000000 312.000000	0.000 0.000 0.000
ttt_random_ammo	2715.000000 -579.682983 18.000000	0.000 0.000 0.000
ttt_random_ammo	2695.909912 -573.161987 18.000000	0.000 0.000 0.000
ttt_random_ammo	2669.979980 -583.077026 18.000000	0.000 0.000 0.000
ttt_random_ammo	2646.300049 -570.000000 18.000000	0.000 0.000 0.000
ttt_random_ammo	2086.510010 1683.020020 -2.999400	0.000 0.000 0.000
ttt_random_ammo	1844.560059 1538.089966 -13.999400	0.000 0.000 0.000
ttt_random_ammo	1849.489990 1423.979980 -46.999401	0.000 0.000 0.000
ttt_random_ammo	1946.560059 1421.790039 -46.999401	0.000 0.000 0.000
ttt_random_ammo	900.085999 -912.447021 18.706699	0.000 0.000 0.000
ttt_random_ammo	926.171997 -909.057007 18.706699	0.000 0.000 0.000
ttt_random_ammo	-581.135986 855.835022 -114.999001	0.000 0.000 0.000
ttt_random_ammo	-1847.310059 -110.277000 56.627701	0.000 0.000 0.000
ttt_random_ammo	-1831.000000 -100.359001 56.627701	0.000 0.000 0.000
ttt_random_ammo	-1838.189941 -145.000000 56.627701	0.000 0.000 0.000
ttt_random_ammo	3930.919922 2862.270020 65.000603	0.000 0.000 0.000
ttt_random_ammo	3922.979980 2835.250000 65.000603	0.000 0.000 0.000
ttt_random_ammo	3915.800049 2850.489990 65.000603	0.000 0.000 0.000
ttt_random_ammo	3989.479980 2301.429932 229.001007	0.000 0.000 0.000
ttt_random_ammo	4002.060059 2310.580078 229.001007	0.000 0.000 0.000
ttt_random_ammo	-789.189026 -90.066002 -60.883900	0.000 0.000 0.000
ttt_random_ammo	-837.000000 -102.226997 -60.130100	0.000 0.000 0.000
ttt_random_ammo	-761.879028 -95.641899 -62.219398	0.000 0.000 0.000
ttt_random_ammo	1808.589966 2858.669922 133.001007	0.000 0.000 0.000
ttt_random_ammo	1906.829956 2842.949951 133.001007	0.000 0.000 0.000
ttt_random_ammo	1883.199951 2860.080078 171.001007	0.000 0.000 0.000
ttt_random_ammo	1821.469971 2864.399902 171.001007	0.000 0.000 0.000
ttt_random_ammo	1728.079956 2858.580078 171.001007	0.000 0.000 0.000
ttt_random_ammo	1682.979980 2865.899902 171.001007	0.000 0.000 0.000
ttt_random_ammo	1823.939941 3091.090088 133.001007	0.000 0.000 0.000
ttt_random_ammo	1735.619995 3121.219971 157.001007	0.000 0.000 0.000
weapon_zm_rifle	-1821.760010 -325.609009 204.925995	0.000 0.000 0.000
weapon_zm_rifle	-53.592800 2349.550049 244.925995	0.000 0.000 0.000
weapon_zm_rifle	2069.790039 1419.089966 102.926003	0.000 0.000 0.000
weapon_zm_rifle	-259.838989 272.960999 484.925995	0.000 0.000 0.000
weapon_zm_rifle	203.000000 2323.000000 159.000000	79.000 0.000 0.000
weapon_zm_rifle	-383.696014 -1651.569946 -99.074501	0.000 0.000 0.000
weapon_zm_rifle	1043.000000 1176.750000 404.925995	0.000 0.000 0.000
weapon_zm_rifle	3642.070068 -301.781006 295.924988	0.000 0.000 0.000
weapon_zm_rifle	3649.000000 -956.000000 131.000000	0.000 65.000 101.000
weapon_zm_rifle	3540.149902 -377.558014 482.924988	0.000 0.000 0.000
weapon_zm_rifle	2629.310059 1842.099976 99.924797	0.000 0.000 0.000
weapon_zm_rifle	3364.704590 -270.827423 159.251556	3.309 -179.437 65.751
weapon_ttt_glock	547.871338 2169.162109 113.185417	-0.189 24.438 90.736
weapon_zm_mac10	-914.000000 -77.000000 62.000000	-2.917 283.518 -90.701
weapon_zm_mac10	744.078979 434.437988 134.630005	0.000 0.000 0.000
weapon_zm_mac10	461.000000 3002.000000 138.630005	0.000 0.000 0.000
weapon_zm_mac10	1194.359985 1787.640015 153.630005	0.000 0.000 0.000
weapon_zm_mac10	844.000000 1874.000000 146.000000	0.000 270.000 0.000
weapon_zm_mac10	949.583008 1915.609985 231.630005	0.000 0.000 0.000
weapon_zm_mac10	3782.010010 1184.270020 7.630350	0.000 0.000 0.000
weapon_zm_mac10	1922.000000 270.940002 -6.369650	0.000 0.000 0.000
weapon_zm_mac10	3134.639893 -925.658020 151.470993	0.000 0.000 0.000
weapon_zm_mac10	-365.062988 517.568970 45.014301	0.000 0.000 0.000
weapon_zm_mac10	1011.238098 2924.332520 97.172966	-0.147 -49.470 -88.063
weapon_ttt_p228	2708.903320 2004.305664 -46.904243	-0.727 9.346 90.281
weapon_zm_pistol	1573.829956 2038.689941 150.723007	0.000 0.000 0.000
weapon_zm_pistol	1186.069946 1655.390015 146.723007	0.000 0.000 0.000
weapon_zm_pistol	994.000000 2975.979980 274.722992	0.000 0.000 0.000
weapon_zm_pistol	3612.000000 904.000000 25.000000	0.000 0.000 0.000
weapon_zm_pistol	359.378998 438.566010 163.723007	0.000 0.000 0.000
weapon_zm_pistol	-53.000000 132.000000 38.988300	0.000 0.000 0.000
weapon_zm_pistol	306.256012 2482.870117 130.723007	0.000 0.000 0.000
weapon_zm_pistol	3838.000000 2273.000000 228.000000	0.000 0.000 0.000
weapon_zm_pistol	52.113998 602.161987 42.266300	0.000 0.000 0.000
weapon_ttt_revolver	1055.236938 2645.264893 146.625809	8.709 -66.072 -76.008
weapon_ttt_dual_elites	313.341400 2327.624756 144.743164	-3.481 0.001 -0.117
weapon_ttt_confgrenade	1375.819946 1700.030029 388.488007	0.000 0.000 0.000
weapon_ttt_confgrenade	3672.469971 636.291016 36.487598	0.000 0.000 0.000
weapon_ttt_confgrenade	3565.000000 -495.000000 36.000000	0.000 0.000 0.000
weapon_ttt_confgrenade	3628.080078 -884.721008 344.488007	0.000 0.000 0.000
weapon_ttt_confgrenade	533.314026 606.335999 180.488007	0.000 0.000 0.000
weapon_ttt_confgrenade	-699.580994 248.826004 356.488007	0.000 0.000 0.000
weapon_ttt_confgrenade	1591.530029 2896.409912 140.487000	0.000 0.000 0.000
weapon_ttt_confgrenade	1679.359985 3121.570068 159.487000	0.000 0.000 0.000
weapon_ttt_confgrenade	1831.969971 2946.050049 135.487000	0.000 0.000 0.000
weapon_zm_shotgun	519.000000 356.000000 57.000000	0.000 0.000 -88.000
weapon_zm_shotgun	1841.000000 2375.000000 153.000000	0.000 0.000 0.000
weapon_zm_shotgun	1692.000000 1970.000000 161.000000	-84.000 0.000 0.000
weapon_zm_shotgun	1309.599976 1796.040039 146.020004	0.000 0.000 0.000
weapon_zm_shotgun	508.809998 1967.410034 142.020004	0.000 0.000 0.000
weapon_zm_shotgun	947.432007 3016.620117 294.000000	0.000 0.000 0.000
weapon_zm_shotgun	2257.000000 2657.000000 140.000000	0.000 0.000 0.000
weapon_zm_shotgun	2511.639893 2173.000000 -3.979680	0.000 0.000 0.000
weapon_zm_shotgun	3020.000000 -568.494019 58.000000	0.000 0.000 0.000
weapon_zm_shotgun	3980.719971 2757.800049 102.000000	0.000 0.000 0.000
weapon_zm_shotgun	3977.429932 2203.790039 196.020004	0.000 0.000 0.000
weapon_zm_shotgun	1936.510010 3183.149902 135.488998	0.000 263.500 15.500
weapon_zm_shotgun	3581.040039 2264.399902 -59.511398	0.000 0.000 0.000
weapon_zm_revolver	-1148.329956 339.364990 34.998299	0.000 0.000 0.000
weapon_zm_revolver	1156.640015 1849.479980 166.998001	0.000 0.000 0.000
weapon_zm_revolver	-275.710999 2648.590088 150.998001	0.000 0.000 0.000
weapon_zm_revolver	2159.550049 2468.270020 144.998001	0.000 0.000 0.000
weapon_zm_revolver	1161.000000 1934.780029 258.000000	0.000 0.000 0.000
weapon_zm_revolver	2561.110107 1844.310059 -5.001740	0.000 0.000 0.000
weapon_zm_revolver	2403.399902 -642.236023 46.998299	0.000 0.000 0.000
weapon_zm_revolver	3811.000000 2457.000000 228.000000	0.000 0.000 0.000
weapon_zm_revolver	3657.969971 -350.848999 161.998001	0.000 0.000 0.000
weapon_zm_revolver	2034.000000 3170.000000 149.604996	0.000 0.000 0.000
weapon_zm_revolver	1107.083618 2255.786621 145.253067	2.500 55.309 85.173
weapon_ttt_aug	1734.526978 2383.748291 150.484711	0.112 9.847 87.054
