# Trouble in Terrorist Town weapon/ammo placement overrides
# For map: ttt_vessel
# Exported by: Roj4s 138
setting:	replacespawns 0
ttt_random_weapon	-144.733002 -1960.579956 1225.369995	0.000 0.000 0.000
ttt_random_weapon	-145.541000 -1994.810059 1225.369995	0.000 0.000 0.000
ttt_random_weapon	-148.975998 -2009.660034 1001.369995	0.000 0.000 0.000
ttt_random_weapon	353.294006 -2068.229980 746.372986	0.000 0.000 0.000
ttt_random_weapon	468.489014 -2166.530029 617.372986	0.000 0.000 0.000
ttt_random_weapon	376.756989 -2372.199951 651.476990	0.000 0.000 0.000
ttt_random_weapon	-247.141998 -2207.179932 648.507996	0.000 0.000 0.000
ttt_random_weapon	-240.500000 -2155.610107 648.507996	0.000 0.000 0.000
ttt_random_weapon	-238.013000 -2181.429932 467.246002	0.000 0.000 0.000
ttt_random_weapon	-238.044006 -2142.649902 467.246002	0.000 0.000 0.000
ttt_random_weapon	-181.350006 -1967.500000 393.372986	0.000 0.000 0.000
ttt_random_weapon	-179.184006 -2019.180054 393.372986	0.000 0.000 0.000
ttt_random_weapon	143.281006 -2218.530029 450.782990	0.000 0.000 0.000
ttt_random_weapon	228.014999 -2539.030029 617.372986	0.000 0.000 0.000
ttt_random_weapon	-14.511500 -2251.290039 875.372986	0.000 0.000 0.000
ttt_random_weapon	-511.522003 -2271.129883 1169.369995	0.000 0.000 0.000
ttt_random_weapon	-277.462006 -700.260010 653.765015	0.000 0.000 0.000
ttt_random_weapon	-281.386993 -745.307983 653.765015	0.000 0.000 0.000
ttt_random_weapon	-23.192200 -483.808014 909.372986	0.000 0.000 0.000
ttt_random_weapon	-35.643101 1489.319946 1005.369995	0.000 0.000 0.000
ttt_random_weapon	-287.084015 2133.560059 401.372986	0.000 0.000 0.000
ttt_random_weapon	-55.632000 -737.309998 80.719002	0.000 0.000 0.000
ttt_random_weapon	-120.295998 -1435.140015 -40.937099	0.000 0.000 0.000
ttt_random_weapon	-26.917601 -1455.849976 32.000000	0.000 0.000 0.000
ttt_random_weapon	-64.153603 -1458.089966 32.000000	0.000 0.000 0.000
ttt_random_weapon	714.552002 -2251.879883 526.650024	0.000 0.000 0.000
ttt_random_weapon	716.169006 -2284.330078 526.650024	0.000 0.000 0.000
ttt_random_weapon	-752.268982 -2338.750000 527.315979	0.000 0.000 0.000
ttt_random_weapon	-753.232971 -2354.270020 527.315979	0.000 0.000 0.000
ttt_random_weapon	-162.496994 -1982.689941 1001.369995	0.000 0.000 0.000
ttt_random_weapon	-348.058014 -2389.550049 746.372986	0.000 0.000 0.000
ttt_random_weapon	-193.518997 -2452.250000 155.229996	0.000 0.000 0.000
ttt_random_weapon	-183.326996 -2480.350098 155.229996	0.000 0.000 0.000
ttt_random_weapon	-270.256012 1977.219971 489.372986	0.000 0.000 0.000
ttt_random_weapon	-270.537994 2036.290039 489.372986	0.000 0.000 0.000
ttt_random_weapon	459.929993 1834.410034 489.372986	0.000 0.000 0.000
ttt_random_weapon	467.056000 1879.630005 489.372986	0.000 0.000 0.000
ttt_random_weapon	-19.307301 -205.740005 523.150024	0.000 0.000 0.000
ttt_random_weapon	49.065102 -204.996002 523.150024	0.000 0.000 0.000
ttt_random_weapon	-117.208000 -1630.829956 192.009003	0.000 0.000 0.000
ttt_random_weapon	-24.000000 -116.000000 64.508499	0.000 0.000 0.000
ttt_random_weapon	-21.823400 -139.311005 64.508598	0.000 0.000 0.000
ttt_random_weapon	-21.378300 -161.205994 64.508598	0.000 0.000 0.000
ttt_random_weapon	-19.444901 -182.938995 64.508499	0.000 0.000 0.000
ttt_random_weapon	-20.365400 -204.149994 64.508499	0.000 0.000 0.000
ttt_random_weapon	-22.075199 -233.143997 64.508499	0.000 0.000 0.000
ttt_random_weapon	-20.724899 -263.069000 64.508598	0.000 0.000 0.000
ttt_random_weapon	-21.608299 -288.640991 64.508499	0.000 0.000 0.000
ttt_random_weapon	-20.380501 -317.385986 64.508598	0.000 0.000 0.000
ttt_random_weapon	-118.377998 -139.311005 64.508598	0.000 0.000 0.000
ttt_random_weapon	-117.932999 -161.205994 64.508598	0.000 0.000 0.000
ttt_random_weapon	-116.000000 -182.938995 64.508499	0.000 0.000 0.000
ttt_random_weapon	-116.920998 -204.149994 64.508499	0.000 0.000 0.000
ttt_random_weapon	-118.629997 -233.143997 64.508499	0.000 0.000 0.000
ttt_random_weapon	-117.279999 -263.069000 64.508598	0.000 0.000 0.000
ttt_random_weapon	-118.163002 -288.640991 64.508499	0.000 0.000 0.000
ttt_random_weapon	-116.935997 -317.385986 64.508598	0.000 0.000 0.000
ttt_random_weapon	-100.188004 -748.421997 80.718903	0.000 0.000 0.000
ttt_random_weapon	-144.718994 -707.138000 108.360001	0.000 0.000 0.000
ttt_random_weapon	95.333504 600.093018 25.372900	0.000 0.000 0.000
ttt_random_weapon	115.640999 582.234009 25.372900	0.000 0.000 0.000
ttt_random_weapon	-274.808990 2155.719971 401.372986	0.000 0.000 0.000
ttt_random_weapon	-263.747986 2000.130005 489.372986	0.000 0.000 0.000
ttt_random_weapon	454.368011 1912.619995 489.372986	0.000 0.000 0.000
ttt_random_weapon	464.145996 1776.589966 489.372986	0.000 0.000 0.000
ttt_random_weapon	351.135986 1033.130005 441.967010	0.000 0.000 0.000
ttt_random_weapon	451.312012 84.366798 653.765015	0.000 0.000 0.000
ttt_random_weapon	359.200012 -238.914001 781.765015	0.000 0.000 0.000
ttt_random_weapon	-39.143101 -443.346008 909.372986	0.000 0.000 0.000
ttt_random_weapon	-162.149002 -2028.770020 1001.369995	0.000 0.000 0.000
ttt_random_weapon	137.059998 -2173.870117 1001.369995	0.000 0.000 0.000
ttt_random_weapon	145.149994 -2194.969971 1001.369995	0.000 0.000 0.000
ttt_random_weapon	-594.312988 -2555.590088 446.467010	0.000 0.000 0.000
ttt_random_weapon	-532.905029 -2584.270020 393.372986	0.000 0.000 0.000
ttt_random_weapon	-534.450989 -2554.639893 393.372986	0.000 0.000 0.000
ttt_random_weapon	-128.225006 -2017.939941 467.246002	0.000 0.000 0.000
ttt_random_weapon	-130.623001 -2150.270020 467.246002	0.000 0.000 0.000
ttt_random_weapon	-69.583702 -1969.030029 393.372986	0.000 0.000 0.000
ttt_random_weapon	-66.923897 -2010.630005 393.372986	0.000 0.000 0.000
ttt_random_weapon	425.453003 -2178.219971 393.372986	0.000 0.000 0.000
ttt_random_weapon	351.953003 -2176.520020 393.372986	0.000 0.000 0.000
ttt_random_weapon	377.005005 -2212.560059 393.372986	0.000 0.000 0.000
ttt_random_weapon	-128.819000 -889.254028 393.372986	0.000 0.000 0.000
ttt_random_weapon	-121.026001 -920.757996 393.372986	0.000 0.000 0.000
ttt_random_weapon	-568.909973 -991.520020 271.653992	0.000 0.000 0.000
ttt_random_weapon	-575.067017 -920.492004 271.653992	0.000 0.000 0.000
ttt_random_weapon	-216.647995 1166.489990 271.653992	0.000 0.000 0.000
ttt_random_weapon	-179.449997 -2510.370117 155.229996	0.000 0.000 0.000
ttt_random_weapon	-290.475006 -2171.669922 393.372986	0.000 0.000 0.000
ttt_random_weapon	-456.297974 1932.654053 481.248047	1.332 4.005 -93.841
ttt_random_weapon	-459.479279 1922.472900 481.247742	1.327 3.941 -93.876
ttt_random_weapon	-461.182739 1916.991211 481.241028	1.408 3.338 -93.666
ttt_random_weapon	-150.578384 1916.693115 603.248108	1.332 3.908 -93.841
ttt_random_weapon	-182.254807 1911.319336 603.248047	1.332 4.827 -93.840
ttt_random_weapon	-21.397640 2464.136963 481.248047	1.332 3.954 -93.841
ttt_random_weapon	16.755590 2460.082031 481.248047	1.332 3.970 -93.841
ttt_random_weapon	-25.975918 2435.284180 481.248047	1.332 3.977 -93.841
ttt_random_weapon	17.738028 2432.151367 481.248047	1.332 4.004 -93.841
ttt_random_weapon	-20.198896 2390.273193 481.241943	1.343 2.596 -93.750
ttt_random_weapon	2.218477 2401.031250 481.745270	-2.100 13.114 85.851
ttt_random_weapon	-333.303284 -2094.712402 1161.225586	1.584 4.033 -93.263
ttt_random_weapon	-335.844360 -2106.965088 1161.218140	1.668 4.045 -93.071
ttt_random_weapon	-331.517822 -2192.598145 1161.213867	1.716 4.191 -92.962
ttt_random_weapon	-334.413757 -2204.228027 1161.222534	1.620 4.177 -93.182
ttt_random_weapon	313.755798 -2267.113281 1161.217773	1.672 4.184 -93.062
ttt_random_weapon	307.025299 -2246.995605 1161.229614	1.535 4.165 -93.376
ttt_random_weapon	306.678925 -2108.567139 1161.228027	1.554 4.168 -93.331
ttt_random_weapon	313.685974 -2094.540039 1161.211914	1.740 4.194 -92.908
ttt_random_weapon	361.413544 -2397.533203 993.246338	1.321 3.978 -93.961
ttt_random_weapon	359.417511 -2387.740723 993.244629	1.370 5.047 -93.755
ttt_random_weapon	359.008942 -2371.625488 993.248047	1.332 4.003 -93.840
ttt_random_weapon	-215.413696 -2383.729248 637.503967	34.090 -33.952 -113.989
ttt_random_weapon	-215.768661 -2319.642090 637.571472	32.184 -44.546 -120.588
ttt_random_weapon	-332.350616 -2367.554688 640.310181	1.328 -2.068 -93.869
ttt_random_weapon	-335.419952 -2323.784668 639.813416	7.632 1.913 -6.271
ttt_random_weapon	-330.088837 -2238.810547 640.306335	1.357 -0.832 -93.839
ttt_random_weapon	-335.267151 -2196.648926 640.306946	1.316 -8.168 -94.048
ttt_random_weapon	52.411922 -2518.292236 385.248077	1.332 4.011 -93.841
ttt_random_weapon	97.538872 -2513.486572 385.248077	1.332 3.959 -93.841
ttt_random_weapon	250.721054 1833.906616 481.248047	1.332 4.706 -93.841
ttt_random_weapon	242.787399 1825.022705 481.248047	1.332 4.774 -93.841
ttt_random_weapon	247.930725 1880.143677 481.248047	1.332 4.021 -93.841
ttt_random_weapon	-79.992027 -1082.547241 -30.751968	1.332 4.020 -93.841
ttt_random_weapon	180.249802 -1101.338013 -30.751968	1.332 3.984 -93.841
ttt_random_weapon	60.460747 666.239136 645.358826	1.332 3.986 -93.841
ttt_random_weapon	60.831768 691.913025 645.358826	1.332 4.006 -93.841
ttt_random_weapon	-133.571152 918.529297 263.521423	1.374 4.091 -94.357
ttt_random_weapon	-136.131744 932.893066 264.010590	-2.222 9.742 85.349
ttt_random_weapon	419.678314 -2363.032227 867.235168	1.217 3.903 -93.827
ttt_random_weapon	407.280670 -2369.418457 867.830017	0.138 2.324 -71.801
ttt_random_weapon	407.566986 -2373.850586 868.014832	-1.022 4.945 -62.587
ttt_random_weapon	426.154755 -1954.107178 867.247986	1.332 3.984 -93.841
ttt_random_weapon	419.930115 -1965.419800 867.248047	1.332 3.981 -93.841
ttt_random_weapon	417.591003 -1980.511108 867.247986	1.332 3.957 -93.840
ttt_random_weapon	-396.628510 -2164.170410 738.266541	1.460 1.425 -94.577
ttt_random_weapon	-378.095337 -2150.201172 738.747803	-2.035 14.663 85.368
ttt_random_weapon	450.781891 66.152367 645.354492	1.380 4.902 -93.731
ttt_random_weapon	343.911072 -275.947479 773.358826	1.332 3.991 -93.841
ttt_random_weapon	359.544312 -257.389648 773.358826	1.332 3.964 -93.841
ttt_random_weapon	273.916077 -804.022156 645.352173	1.403 4.033 -93.679
ttt_random_weapon	-510.544586 -1309.431763 773.357788	1.312 2.968 -93.987
ttt_random_weapon	-506.093262 -1317.435303 773.334656	1.606 2.109 -93.212
ttt_random_weapon	-203.916840 -2391.599609 993.301208	2.443 5.629 -90.871
ttt_random_weapon	-181.218155 -2394.228271 994.407715	7.010 4.757 -94.513
ttt_random_weapon	-394.379639 -2039.923462 867.245056	1.345 2.469 -93.821
ttt_random_weapon	-390.092773 -2028.805908 867.248047	1.332 3.989 -93.840
ttt_random_weapon	-376.467560 -2046.513306 867.240723	1.413 3.799 -93.656
ttt_random_weapon	140.219559 -2420.211182 799.458923	1.192 4.395 -94.248
ttt_random_weapon	136.468369 -2428.851563 799.447937	1.195 4.673 -93.991
ttt_random_weapon	90.220291 -2434.208984 799.472900	1.454 6.052 -94.205
ttt_random_weapon	91.207207 -2415.947266 799.471863	1.332 4.140 -93.840
ttt_random_weapon	289.960297 -1267.801147 774.104065	1.439 5.882 -93.596
ttt_random_weapon	294.189667 -1292.050415 774.098450	1.498 5.896 -93.462
ttt_random_weapon	389.855652 -1257.063599 774.100403	1.477 5.890 -93.509
ttt_random_weapon	399.815643 -1283.096313 774.100464	1.476 5.891 -93.512
ttt_random_weapon	501.410339 539.706665 773.358826	1.332 3.947 -93.841
ttt_random_weapon	516.134888 493.266785 773.358826	1.332 4.004 -93.841
ttt_random_weapon	143.267258 517.999939 773.358826	1.332 3.970 -93.841
ttt_random_weapon	144.782806 546.497986 773.358826	1.332 3.991 -93.840
ttt_random_weapon	-244.956543 582.136963 773.358887	1.332 4.012 -93.841
ttt_random_weapon	-241.639389 549.315186 773.358887	1.332 3.932 -93.841
ttt_random_weapon	-387.304535 606.979919 773.358826	1.332 4.012 -93.841
ttt_random_weapon	-383.414185 562.623047 773.358826	1.332 3.991 -93.840
ttt_random_weapon	-79.734535 1921.350586 481.248047	1.332 3.953 -93.841
ttt_random_weapon	-68.940231 1941.841675 481.248047	1.332 4.005 -93.841
ttt_random_weapon	-66.087334 1975.764648 481.248047	1.332 3.971 -93.841
ttt_random_weapon	-137.482925 -1288.158569 645.358826	1.332 4.004 -93.841
ttt_random_weapon	-142.662842 -1276.032104 645.358826	1.332 4.011 -93.841
ttt_random_weapon	-511.885132 -936.634949 645.358826	1.332 4.000 -93.841
ttt_random_weapon	-520.411194 110.688438 773.358826	1.332 4.002 -93.841
ttt_random_weapon	-218.824875 135.641907 773.358826	1.332 3.979 -93.841
ttt_random_weapon	27.492455 108.436531 773.358887	1.332 3.997 -93.841
ttt_random_weapon	663.841187 -2159.610596 993.198669	1.679 144.076 -93.874
ttt_random_weapon	119.189720 -2220.477051 1217.248169	1.332 4.001 -93.841
ttt_random_weapon	117.378136 -2246.316895 1217.246948	1.297 2.294 -94.102
ttt_random_weapon	-32.368557 -306.032898 645.381958	1.491 3.790 -94.752
ttt_random_weapon	-62.080666 -310.934601 645.849182	-2.195 -7.273 86.144
ttt_random_weapon	-57.235447 -290.635162 645.358826	1.332 3.932 -93.841
ttt_random_weapon	-314.445190 -436.324127 514.743896	1.332 4.009 -93.841
ttt_random_weapon	-395.546814 -571.039978 385.248077	1.332 4.003 -93.841
ttt_random_weapon	-211.801712 -1186.179199 514.743896	1.332 3.984 -93.841
ttt_random_weapon	107.899170 -1271.877808 645.358826	1.332 3.977 -93.841
ttt_random_weapon	-602.933044 -2043.374390 609.248108	1.332 4.744 -93.841
ttt_random_weapon	-598.561157 -2267.779541 609.248108	1.332 3.988 -93.841
ttt_random_weapon	-601.395630 -2162.785400 609.248108	1.332 4.782 -93.841
ttt_random_weapon	-160.258636 -1377.902344 514.743896	1.332 3.992 -93.841
ttt_random_weapon	-150.406479 -1434.654053 514.743896	1.332 4.020 -93.841
ttt_random_weapon	-574.187988 1218.037231 385.248077	1.332 3.997 -93.841
ttt_random_weapon	92.002190 574.533386 18.754917	-4.442 -2.199 -5.680
ttt_random_weapon	-86.463776 -973.677917 17.248032	1.332 3.991 -93.841
ttt_random_weapon	-111.417084 -951.262146 17.228016	1.346 4.340 -93.921
ttt_random_weapon	-113.242744 -995.437073 17.233049	1.502 0.070 -93.452
ttt_random_weapon	-87.692398 -991.638611 17.691181	-2.229 -15.277 84.857
ttt_random_weapon	-74.596474 -1489.778198 125.277786	1.354 4.891 -93.790
ttt_random_weapon	-69.946587 -1468.954590 125.277840	1.354 4.886 -93.791
ttt_random_weapon	-588.222107 576.288086 263.512177	1.523 5.050 -93.403
ttt_random_weapon	-565.485779 556.387695 263.500153	1.659 -1.992 -93.092
ttt_random_weapon	-573.379333 -985.279663 263.528839	1.324 4.290 -93.901
ttt_random_weapon	-573.735962 -937.764709 263.512146	1.523 4.537 -93.403
weapon_ttt_confgrenade	355.915344 -2082.661133 1163.533936	0.271 -0.901 -0.133
weapon_ttt_confgrenade	355.126129 -2105.370605 1163.577637	0.167 -0.916 -0.082
weapon_ttt_confgrenade	353.301056 -2125.855957 1163.557007	0.216 -0.912 -0.106
weapon_ttt_confgrenade	352.466766 -2148.812012 1163.486450	0.383 -0.801 -0.189
weapon_ttt_confgrenade	351.752869 -2170.141846 1163.488892	0.377 -0.819 -0.186
weapon_ttt_confgrenade	351.481567 -2194.540283 1163.535645	0.266 -0.899 -0.131
weapon_ttt_confgrenade	351.456360 -2224.929199 1163.532104	0.274 -0.903 -0.135
weapon_ttt_confgrenade	350.960876 -2237.483643 1163.611694	0.086 -0.918 -0.042
weapon_ttt_confgrenade	350.170471 -2258.625000 1163.515381	0.314 -0.880 -0.155
weapon_ttt_confgrenade	-300.325439 -2083.511475 1163.500488	0.350 -0.893 -0.172
weapon_ttt_confgrenade	-302.006348 -2104.735107 1163.530396	0.279 -0.903 -0.137
weapon_ttt_confgrenade	-304.347565 -2132.340332 1163.555664	0.219 -0.912 -0.108
weapon_ttt_confgrenade	-301.025909 -2153.992920 1163.531372	0.265 -0.059 -0.181
weapon_ttt_confgrenade	-298.506348 -2168.314941 1163.533203	0.261 -0.059 -0.178
weapon_ttt_confgrenade	-304.451569 -2198.886963 1163.546265	0.231 -0.059 -0.158
weapon_ttt_confgrenade	-299.298065 -2214.747559 1163.503906	0.327 -0.061 -0.223
weapon_ttt_confgrenade	636.310120 -2173.068848 995.516541	1.939 0.229 -0.805
weapon_ttt_confgrenade	624.570007 -2170.297607 994.090454	36.113 33.185 97.641
weapon_ttt_confgrenade	620.806702 -2185.798340 994.058289	34.462 34.351 99.696
weapon_ttt_ak47	156.210571 -2231.710449 992.845581	0.196 11.243 -87.038
weapon_ttt_ak47	-54.712421 1152.012207 263.159454	0.060 11.868 -87.699
weapon_ttt_ak47	-143.810013 -1511.925781 9.072232	0.146 11.844 -87.457
weapon_ttt_ak47	-396.846375 -2112.560791 737.875610	0.154 11.255 -87.368
weapon_ttt_smokegrenade	-374.555695 -2157.489258 1164.594604	2.614 -0.132 -2.701
weapon_ttt_smokegrenade	-363.356781 -2201.455566 1161.538940	56.619 -142.348 89.987
weapon_ttt_smokegrenade	-361.283783 -2121.982666 1161.761230	-11.528 -73.303 -88.678
weapon_ttt_smokegrenade	-211.369705 -2429.741455 996.513916	0.315 0.002 -0.002
weapon_ttt_smokegrenade	-98.313515 -2446.963135 385.636719	-6.561 38.582 90.002
weapon_ttt_smokegrenade	435.434662 -2406.526367 996.593201	2.847 0.040 1.409
weapon_ttt_smokegrenade	456.944763 -2374.328613 996.641113	-1.364 -0.027 1.497
weapon_ttt_smokegrenade	461.685577 -2374.450928 993.837402	-61.030 -132.494 -90.314
weapon_ttt_smokegrenade	442.498169 -2164.872803 1164.538452	2.440 -0.005 -2.362
weapon_ttt_smokegrenade	464.716614 -2130.134033 1164.514038	0.330 0.002 0.013
weapon_ttt_smokegrenade	422.543243 -2207.372559 1164.525757	0.560 0.008 -0.264
weapon_ttt_smokegrenade	422.836578 -2217.213135 1164.598511	2.498 -0.132 -2.580
ttt_playerspawn	-130.068359 2308.662598 482.380737	-0.056 0.540 0.057
ttt_playerspawn	-132.107712 2235.431641 483.460571	-0.070 0.484 0.070
ttt_playerspawn	-59.921257 2323.793945 488.778992	-0.080 1.230 0.080
ttt_playerspawn	-57.972733 2260.688477 485.683197	0.366 0.859 0.398
ttt_playerspawn	26.376019 2350.705566 490.054077	-0.042 1.802 0.042
ttt_playerspawn	24.370373 2277.358154 488.907898	-0.087 0.001 0.083
ttt_playerspawn	108.847290 2355.479980 488.182587	-0.087 0.316 0.088
ttt_playerspawn	111.452621 2284.875000 489.800751	-0.089 1.683 0.089
ttt_playerspawn	191.302109 2368.565430 493.157562	-0.044 -1.668 0.043
ttt_playerspawn	197.174042 2302.911865 490.039703	-0.050 1.006 0.051
ttt_playerspawn	-483.644440 -1780.666016 391.793304	-0.066 0.202 0.071
ttt_playerspawn	-471.774841 -1695.270142 391.842072	-0.050 -1.521 0.049
ttt_playerspawn	-462.343262 -1624.610474 394.254608	-0.044 4.662 0.046
ttt_playerspawn	-319.616516 -1754.358887 399.744293	-0.078 1.457 0.078
ttt_playerspawn	-320.736938 -1693.591919 399.011963	-0.030 0.825 0.026
ttt_playerspawn	-317.242340 -1626.856934 401.335480	-0.075 1.241 0.075
ttt_playerspawn	458.886536 -2258.357666 1177.988037	0.000 0.519 0.028
ttt_playerspawn	414.493073 -2254.542480 1171.324341	-0.052 -1.117 0.052
ttt_playerspawn	484.350677 -2205.238281 1175.675171	-0.061 -0.776 0.061
ttt_playerspawn	-494.448181 -2097.169434 1167.818359	-0.045 -1.238 -0.046
ttt_playerspawn	-440.984344 -2085.363770 1174.521240	-0.047 -1.319 0.047
ttt_playerspawn	-490.341187 -2151.457275 1178.490967	-0.055 0.202 -0.055
ttt_playerspawn	-248.746857 -2171.289551 1006.252136	-0.383 -3.669 -0.243
ttt_playerspawn	-277.852417 -2244.443359 1000.039551	-0.071 0.769 0.071
ttt_playerspawn	-352.457428 -2129.623779 1002.187012	-0.061 1.400 0.061
ttt_playerspawn	-376.432953 -2229.169678 1005.391541	-0.097 -0.256 0.097
ttt_playerspawn	467.097382 -2254.845459 1006.563477	-0.196 -0.301 -0.099
ttt_playerspawn	387.539764 -2260.178955 1003.913635	0.038 1.357 -0.037
ttt_playerspawn	305.418213 -2247.864990 1006.072327	0.062 0.891 -0.061
ttt_playerspawn	471.164063 -2106.510498 999.782349	-0.187 0.417 -0.027
ttt_playerspawn	393.921753 -2112.829102 1002.947144	-0.050 0.664 0.075
ttt_playerspawn	35.678349 1473.549805 998.710815	-0.059 -2.624 0.060
ttt_playerspawn	208.717468 -1139.672485 394.664032	-0.093 0.040 0.093
ttt_playerspawn	268.299988 -1135.036133 396.379669	-0.054 4.437 0.054
ttt_playerspawn	178.678223 -1036.794800 396.798401	-0.039 -0.891 0.039
ttt_playerspawn	243.313263 -1049.473633 398.449890	-0.054 2.149 0.054
ttt_playerspawn	-235.885971 -2319.862793 388.959259	-0.062 0.204 0.065
ttt_playerspawn	-246.926727 -2264.766602 394.815399	0.070 1.461 0.070
ttt_playerspawn	46.450211 -2117.318115 385.767761	0.074 -2.078 0.074
ttt_playerspawn	145.333206 -2108.885010 394.500000	-0.079 -5.461 0.079
weapon_zm_mac10	-477.636993 1821.780029 484.471008	0.000 0.000 0.000
weapon_zm_mac10	-281.027008 2085.479980 484.471008	0.000 0.000 0.000
weapon_zm_mac10	453.428986 1934.199951 484.471008	0.000 0.000 0.000
weapon_zm_mac10	-20.119400 1463.839966 1000.469971	0.000 0.000 0.000
weapon_zm_mac10	-162.938995 -31.731701 518.247986	0.000 0.000 0.000
weapon_zm_mac10	-149.348999 -648.322021 388.471008	0.000 0.000 0.000
weapon_zm_mac10	278.683990 -790.021973 645.815002	0.000 0.000 0.000
weapon_zm_mac10	374.539001 -1861.640015 388.471008	0.000 0.000 0.000
weapon_zm_mac10	-201.798996 -2470.310059 150.328003	0.000 0.000 0.000
weapon_zm_mac10	-294.761993 -2149.360107 388.471008	0.000 0.000 0.000
weapon_zm_mac10	-341.760010 -2149.719971 462.343994	0.000 0.000 0.000
weapon_zm_mac10	-420.226013 -2023.280029 433.660004	0.000 0.000 0.000
weapon_zm_molotov	-251.854996 -714.687012 649.127014	0.000 0.000 0.000
weapon_zm_molotov	-249.645004 -700.392029 649.127014	0.000 0.000 0.000
weapon_zm_molotov	-458.666992 1780.670044 484.734009	0.000 0.000 0.000
weapon_zm_molotov	-458.082001 1814.619995 484.734009	0.000 0.000 0.000
weapon_zm_molotov	465.734009 1804.280029 484.734009	0.000 0.000 0.000
weapon_zm_molotov	51.923801 -776.171997 72.534302	0.000 0.000 0.000
weapon_zm_molotov	54.526600 -787.081970 72.534302	0.000 0.000 0.000
weapon_zm_molotov	-116.138000 -118.580002 59.870098	0.000 0.000 0.000
weapon_zm_molotov	-128.979004 -113.931000 59.870098	0.000 0.000 0.000
weapon_zm_molotov	-127.669998 -103.029999 59.870098	0.000 0.000 0.000
weapon_zm_molotov	-112.370003 -99.762901 59.870098	0.000 0.000 0.000
weapon_zm_molotov	371.940521 -2466.583740 996.523315	0.531 0.007 -0.257
weapon_zm_molotov	383.865021 -2465.130127 996.523315	0.528 0.007 -0.253
weapon_zm_molotov	435.870880 -2473.383789 996.563599	3.264 -0.128 -3.367
weapon_zm_molotov	412.583069 -2466.338867 996.536926	2.324 -0.004 -2.256
weapon_zm_molotov	381.406158 -2452.248779 996.615906	1.943 -0.121 -2.006
weapon_zm_molotov	402.920563 -2445.282959 996.626709	1.667 -0.116 -1.727
weapon_zm_molotov	449.091644 -2449.182373 996.508972	0.273 0.002 0.055
weapon_zm_molotov	422.716034 -2449.254639 996.606384	2.286 -0.128 -2.376
weapon_zm_molotov	274.788055 1955.643188 484.511353	0.285 0.002 0.035
weapon_zm_molotov	246.792297 1962.386475 484.583160	2.729 -0.134 -2.800
weapon_zm_molotov	228.341522 1960.259888 484.511353	0.289 0.002 0.031
weapon_zm_molotov	216.931442 1936.629395 484.533600	0.968 0.011 -0.758
weapon_zm_molotov	239.916397 1931.694214 484.600861	2.353 -0.127 -2.431
weapon_zm_molotov	255.578323 1927.436035 484.508820	0.268 0.002 0.059
weapon_zm_molotov	266.209747 1943.880371 484.557007	3.520 -0.122 -3.643
weapon_zm_molotov	240.387390 1947.239624 484.523163	0.468 0.006 -0.189
weapon_zm_molotov	220.483795 1951.580811 484.558044	3.450 -0.129 -3.561
item_ammo_357_ttt	15.461900 1527.180054 996.276001	0.000 0.000 0.000
item_ammo_357_ttt	17.206400 1548.869995 996.276001	0.000 0.000 0.000
item_ammo_357_ttt	38.044998 -428.213013 900.276001	0.000 0.000 0.000
item_ammo_357_ttt	-125.058998 -1960.859985 1216.280029	0.000 0.000 0.000
item_ammo_357_ttt	-123.314003 -1939.170044 1216.280029	0.000 0.000 0.000
item_ammo_357_ttt	242.927002 -1987.900024 992.276001	0.000 0.000 0.000
item_ammo_357_ttt	244.671005 -1966.209961 992.276001	0.000 0.000 0.000
item_ammo_357_ttt	-452.951996 1857.729980 480.276001	0.000 0.000 0.000
item_ammo_357_ttt	-451.208008 1879.420044 480.276001	0.000 0.000 0.000
item_ammo_357_ttt	-344.065491 -2152.339844 1160.462769	0.622 -0.267 -0.205
item_ammo_357_ttt	-352.327393 -2156.981689 1160.368408	0.457 0.045 0.041
item_ammo_357_ttt	-336.794708 -2131.318848 1160.375732	0.459 0.056 0.038
item_ammo_357_ttt	-364.691956 -2131.468506 1160.428833	0.240 4.390 0.124
item_ammo_357_ttt	282.669189 -2196.696289 1160.356934	0.455 0.060 0.046
item_ammo_357_ttt	304.051849 -2188.552979 1160.334473	0.451 0.064 0.055
item_ammo_357_ttt	270.094604 -2154.076660 1160.349854	0.454 0.035 0.048
item_ammo_357_ttt	295.929260 -2150.251709 1160.349854	0.454 0.038 0.048
item_ammo_357_ttt	18.571947 -430.519714 900.346130	0.454 0.036 0.050
item_ammo_357_ttt	45.942097 -429.518005 900.360352	0.456 0.058 0.044
item_ammo_smg1_ttt	174.688431 -2255.559814 992.424438	0.533 -0.004 0.346
item_ammo_smg1_ttt	156.634964 -2253.840332 992.434631	0.951 -0.000 0.625
item_ammo_smg1_ttt	117.204010 -2254.025146 992.484985	-0.795 0.003 -0.644
item_ammo_smg1_ttt	-37.805672 1136.361084 262.898773	-0.560 -0.030 0.000
item_ammo_smg1_ttt	-74.291222 1110.712158 262.917206	0.923 -0.082 0.116
item_ammo_smg1_ttt	-48.963066 1150.076660 262.844147	-0.000 -21.563 0.000
item_ammo_smg1_ttt	-54.715855 1128.288452 262.778870	-0.864 -0.012 -0.647
item_ammo_smg1_ttt	-162.586777 -1441.672607 8.657943	-0.036 0.053 -0.025
item_ammo_smg1_ttt	-160.218521 -1470.797974 8.690807	0.406 -0.232 0.156
item_ammo_smg1_ttt	-158.245712 -1490.549072 8.599622	-0.029 -0.139 0.014
item_ammo_smg1_ttt	-322.739502 -2177.161377 750.744812	-0.447 63.642 179.997
item_ammo_smg1_ttt	-331.537964 -2142.715088 746.614563	-0.133 -2.937 87.415
item_ammo_smg1_ttt	-378.602173 -2085.432129 737.526245	-0.196 0.015 -0.169
weapon_zm_rifle	-0.744695 1535.089966 997.958008	0.000 90.000 0.000
weapon_zm_rifle	-141.266006 -1952.949951 1217.959961	0.000 90.000 0.000
weapon_zm_rifle	226.720001 -1979.989990 993.958008	0.000 90.000 0.000
weapon_zm_rifle	-469.158997 1865.640015 481.958008	0.000 90.000 0.000
weapon_zm_rifle	-349.775604 -2137.233154 1159.093018	3.376 12.925 64.587
weapon_zm_rifle	293.337463 -2163.848145 1159.198242	3.456 12.598 65.690
weapon_zm_rifle	32.713074 -448.389618 899.301392	3.164 -1.759 66.983
ttt_random_ammo	-458.210510 1910.457153 480.351501	0.092 0.000 0.015
ttt_random_ammo	-465.901001 1903.549561 480.359589	0.125 0.000 0.059
ttt_random_ammo	-449.398865 1898.506958 480.408295	1.361 0.030 1.604
ttt_random_ammo	-465.331879 1894.932129 480.408966	1.390 0.030 1.645
ttt_random_ammo	-479.313171 1896.397217 480.370453	0.232 0.001 0.197
ttt_random_ammo	-476.011383 1904.097046 480.333282	0.068 0.000 -0.028
ttt_random_ammo	-182.911209 1932.754028 602.325928	0.065 -0.000 -0.035
ttt_random_ammo	-154.034485 1893.675781 602.325317	0.047 0.000 -0.031
ttt_random_ammo	-179.054855 1897.763794 602.363892	-0.159 -0.000 0.103
ttt_random_ammo	-155.177444 1935.414185 602.384521	1.120 0.015 1.288
ttt_random_ammo	-27.429146 2404.538818 480.365295	0.162 0.000 0.109
ttt_random_ammo	-28.514105 2419.777344 480.385193	1.235 0.018 1.427
ttt_random_ammo	-16.645397 2404.048096 480.333282	0.067 0.000 -0.028
ttt_random_ammo	-16.069176 2423.012939 480.325897	0.065 -0.000 -0.036
ttt_random_ammo	-8.115635 2404.475342 480.328400	0.066 -0.000 -0.034
ttt_random_ammo	-3.472318 2425.071289 480.338043	0.070 0.000 -0.021
ttt_random_ammo	2.021528 2407.088623 480.361542	0.132 0.000 0.070
ttt_random_ammo	7.619206 2418.617432 480.359589	0.123 0.000 0.057
ttt_random_ammo	12.539678 2410.299316 480.425018	0.700 9.243 0.128
ttt_random_ammo	23.917206 2424.451172 480.344910	0.078 0.000 -0.007
ttt_random_ammo	-360.917511 -2087.988770 1160.384277	1.628 0.030 1.906
ttt_random_ammo	-377.999512 -2089.471680 1160.432739	1.115 0.026 1.336
ttt_random_ammo	-399.673462 -2092.641357 1160.410645	1.509 0.035 1.808
ttt_random_ammo	-359.000336 -2106.557617 1160.353516	0.102 0.000 0.028
ttt_random_ammo	-372.769226 -2106.952148 1160.431396	1.131 0.026 1.354
ttt_random_ammo	-409.501556 -2108.635254 1160.363403	0.156 0.000 0.100
ttt_random_ammo	-353.184692 -2177.501709 1160.347290	0.084 0.000 0.002
ttt_random_ammo	-379.600464 -2176.864258 1160.359619	0.129 0.000 0.065
ttt_random_ammo	-396.662537 -2177.393066 1160.340454	0.074 0.000 -0.015
ttt_random_ammo	-358.033417 -2199.289063 1160.424683	0.627 1.967 1.704
ttt_random_ammo	-378.315613 -2198.923340 1160.401855	1.618 0.030 1.931
ttt_random_ammo	-395.205719 -2201.156982 1160.338135	0.072 0.000 -0.019
ttt_random_ammo	293.107178 -2290.315186 1160.342773	0.076 0.000 -0.011
ttt_random_ammo	322.677368 -2284.295898 1160.355591	0.110 0.000 0.039
ttt_random_ammo	284.046051 -2237.623047 1160.333374	0.068 0.000 -0.027
ttt_random_ammo	313.409058 -2230.616943 1160.340454	0.074 0.000 -0.015
ttt_random_ammo	280.275085 -2133.977295 1160.433594	1.038 0.025 1.235
ttt_random_ammo	331.628876 -2139.821777 1160.349365	0.089 0.000 0.009
ttt_random_ammo	293.449799 -2074.593262 1160.367065	0.189 0.001 0.143
ttt_random_ammo	345.179779 -2073.913818 1160.382202	0.777 0.007 0.869
ttt_random_ammo	406.233429 -2338.204346 992.383301	1.299 0.020 1.504
ttt_random_ammo	430.943054 -2339.086182 992.359680	0.137 0.000 0.074
ttt_random_ammo	449.910431 -2339.771240 992.345154	0.083 0.000 -0.001
ttt_random_ammo	469.160431 -2342.718750 992.347290	0.088 0.000 0.006
ttt_random_ammo	403.744476 -2368.590088 992.340576	0.077 0.000 -0.012
ttt_random_ammo	427.151093 -2362.353516 992.323425	0.066 -0.000 -0.037
ttt_random_ammo	445.318817 -2368.753906 992.397156	1.526 0.028 1.802
ttt_random_ammo	465.714172 -2366.022461 992.378784	0.568 0.004 0.611
ttt_random_ammo	408.588196 -2397.934570 992.380798	0.745 0.007 0.829
ttt_random_ammo	425.938263 -2397.141113 992.363464	0.167 0.000 0.113
ttt_random_ammo	441.575348 -2401.875732 992.401245	1.515 0.029 1.797
ttt_random_ammo	462.265625 -2400.100830 992.353638	0.107 0.000 0.033
ttt_random_ammo	-296.668488 -2245.694092 608.357483	-0.130 0.000 -0.063
ttt_random_ammo	-293.203400 -2219.561768 608.350830	-0.102 0.000 -0.025
ttt_random_ammo	-292.926239 -2200.768066 608.378906	-0.361 -0.002 0.357
ttt_random_ammo	-293.085602 -2178.144043 608.372498	-0.250 -0.001 0.218
ttt_random_ammo	-290.427551 -2159.389893 608.343933	-0.082 -0.000 -0.004
ttt_random_ammo	-290.934113 -2143.418457 608.341553	-0.079 -0.000 -0.010
ttt_random_ammo	-300.013031 -2401.741943 608.428162	-1.582 0.025 -1.899
ttt_random_ammo	-300.745178 -2381.406006 608.327026	-0.069 -0.000 0.031
ttt_random_ammo	-297.734222 -2353.616455 608.381165	-0.456 0.003 -0.473
ttt_random_ammo	-298.054749 -2333.195313 608.370361	-0.244 0.001 -0.210
ttt_random_ammo	-296.810913 -2315.285400 608.411316	1.479 0.011 1.461
ttt_random_ammo	-295.008728 -2295.132568 608.336853	-0.076 0.000 0.016
ttt_random_ammo	-187.683044 -2169.174072 608.357422	-0.122 -0.000 0.053
ttt_random_ammo	-189.245651 -2191.784668 608.366089	-0.194 0.001 -0.147
ttt_random_ammo	-188.495087 -2207.512939 608.327026	-0.069 -0.000 0.031
ttt_random_ammo	-188.029678 -2225.758789 608.334412	-0.073 0.000 0.021
ttt_random_ammo	-186.265381 -2311.595459 608.383362	-0.515 0.003 -0.545
ttt_random_ammo	-180.756271 -2329.059326 608.392944	-0.885 0.009 -0.998
ttt_random_ammo	-177.007523 -2349.801514 608.366089	-0.193 0.001 -0.145
ttt_random_ammo	-181.834335 -2372.170166 608.343994	-0.086 0.000 -0.000
ttt_random_ammo	-183.780609 -2392.680664 608.376770	-0.348 0.002 -0.339
ttt_random_ammo	-189.917557 -2408.955078 608.404846	-1.594 0.029 -1.863
ttt_random_ammo	411.617065 -2200.238281 384.377991	0.433 0.002 0.447
ttt_random_ammo	421.084595 -2162.815918 384.330872	0.067 0.000 -0.030
ttt_random_ammo	387.700073 -2177.548096 384.379333	0.484 0.003 0.510
ttt_random_ammo	353.544647 -2196.404541 384.349365	0.086 0.000 0.006
ttt_random_ammo	356.830688 -2173.925049 384.478638	1.304 -0.104 1.409
ttt_random_ammo	151.348419 -2231.892090 440.472107	-0.913 0.205 -1.151
ttt_random_ammo	154.278442 -2235.627197 442.760132	-0.213 1.270 90.570
ttt_random_ammo	44.662502 -2496.294678 384.367065	-0.073 -0.067 -0.264
ttt_random_ammo	49.633583 -2477.211182 384.365295	0.167 0.000 0.115
ttt_random_ammo	49.312038 -2448.827148 384.398254	1.631 0.025 1.941
ttt_random_ammo	72.969017 -2461.326904 384.375183	0.336 0.002 0.327
ttt_random_ammo	93.036865 -2461.531250 384.415619	1.195 0.027 1.401
ttt_random_ammo	105.513702 -2478.285889 384.430450	1.004 0.025 1.182
ttt_random_ammo	99.954384 -2498.747559 384.323364	0.065 -0.000 -0.038
ttt_random_ammo	73.834526 -2495.192383 384.421417	-0.096 -0.020 -0.205
ttt_random_ammo	84.704735 -2481.139160 384.370514	0.228 0.001 0.192
ttt_random_ammo	-711.053772 -2309.433838 475.058899	-0.045 -0.000 -0.029
ttt_random_ammo	-741.234009 -2310.505127 475.101105	-0.113 -0.000 0.076
ttt_random_ammo	-722.178589 -2293.177002 475.095306	-0.080 -0.000 0.032
ttt_random_ammo	-740.388367 -2293.762451 475.066833	-0.012 0.121 -0.187
ttt_random_ammo	-712.342529 -2279.525391 475.077057	-0.049 -0.000 -0.014
ttt_random_ammo	-735.188965 -2276.836182 475.068329	-0.009 0.131 -0.162
ttt_random_ammo	-711.911560 -2261.476074 475.087463	-0.060 -0.000 0.003
ttt_random_ammo	-739.175110 -2250.514404 475.142517	-1.370 -0.022 1.614
ttt_random_ammo	955.165161 227.226196 32.037460	0.022 -46.371 92.591
ttt_random_ammo	10.610412 -392.827271 900.472412	0.430 51.841 -0.032
ttt_random_ammo	-43.354652 -468.307770 900.328552	0.068 0.000 -0.031
ttt_random_ammo	-1976.358765 3064.754639 32.350166	-0.052 22.612 -90.125
ttt_random_ammo	-17.418091 -470.978455 900.417542	1.171 -0.026 -1.382
ttt_random_ammo	121.326164 -560.090149 386.750641	-0.262 107.893 90.015
ttt_random_ammo	-14.522592 -401.558655 900.402771	1.612 0.026 1.930
ttt_random_ammo	309.018860 1804.018311 480.392853	-0.792 -0.008 0.886
ttt_random_ammo	308.707123 1814.327759 480.451538	-0.870 -1.608 1.027
ttt_random_ammo	308.647491 1819.473389 480.479675	-1.058 -0.102 1.908
ttt_random_ammo	308.471771 1864.794922 480.342651	0.077 0.000 -0.010
ttt_random_ammo	306.744568 1877.694336 480.335693	0.070 0.000 -0.023
ttt_random_ammo	288.825226 1863.056396 480.357605	0.118 0.000 0.051
ttt_random_ammo	290.218903 1837.130981 480.390167	-0.669 -0.006 0.736
ttt_random_ammo	309.311401 1842.349976 480.397034	1.688 0.032 2.015
ttt_random_ammo	284.721741 1893.948242 480.342651	0.077 0.000 -0.010
ttt_random_ammo	293.194061 1810.089233 480.395233	-0.879 -0.009 0.992
ttt_random_ammo	270.713654 1847.103516 480.352997	-0.102 -0.000 0.026
ttt_random_ammo	274.934540 1867.082275 480.404816	-0.339 -0.003 0.011
ttt_random_ammo	-47.656090 -1079.394287 -31.640409	0.057 0.000 -0.002
ttt_random_ammo	-45.963257 -1095.095703 -31.565186	1.391 0.034 1.689
ttt_random_ammo	-66.825287 -1103.220947 -31.612846	0.252 0.001 0.250
ttt_random_ammo	183.019226 -1075.616089 -31.566353	1.280 0.032 1.543
ttt_random_ammo	205.875610 -1085.724731 -31.634523	0.070 0.000 0.018
ttt_random_ammo	212.686752 -1108.385132 -31.634520	0.070 0.000 0.017
ttt_random_ammo	-225.861374 -2460.089844 146.208191	0.057 0.000 -0.005
ttt_random_ammo	-225.155884 -2480.503174 146.272797	1.487 0.035 1.783
ttt_random_ammo	-225.305939 -2500.830322 146.249054	1.050 0.014 1.223
ttt_random_ammo	-222.393967 -2525.144043 146.248795	1.289 0.020 1.513
ttt_random_ammo	-156.142365 -2446.412354 146.237732	0.228 0.001 0.217
ttt_random_ammo	-163.575745 -2483.218750 146.363983	-1.625 -1.258 -1.970
ttt_random_ammo	-162.239670 -2488.108398 146.341583	1.414 0.628 1.714
ttt_random_ammo	-159.834351 -2514.025879 146.340942	1.502 -0.010 1.821
ttt_random_ammo	-612.684265 -2502.969727 384.388977	1.654 0.031 1.949
ttt_random_ammo	-585.444214 -2500.482178 384.351501	0.091 0.000 0.014
ttt_random_ammo	-554.031311 -2503.989014 384.383392	0.837 0.009 0.942
ttt_random_ammo	-528.964539 -2519.354004 384.366913	0.212 0.001 0.171
ttt_random_ammo	-509.787750 -2667.395020 437.483856	-0.007 -1.103 0.004
ttt_random_ammo	-556.799316 -2681.283447 386.712158	89.742 21.225 -2.243
ttt_random_ammo	-524.117554 -2636.911621 437.449097	1.437 -0.069 -1.647
ttt_random_ammo	-492.520966 -2641.159668 437.426331	-0.303 -0.069 -0.275
ttt_random_ammo	-525.095947 -2656.873779 437.390228	-0.382 0.016 -0.599
ttt_random_ammo	-1874.154907 4083.477295 31.837559	4.577 65.554 -90.664
ttt_random_ammo	31.392540 661.928955 644.477966	0.079 0.000 0.029
ttt_random_ammo	35.472797 677.912109 644.477966	0.079 0.000 0.029
ttt_random_ammo	36.194550 691.185669 644.504883	0.734 0.007 0.839
ttt_random_ammo	40.205067 708.850403 644.450500	0.047 0.000 -0.025
ttt_random_ammo	16.687820 659.487732 644.503235	0.560 0.004 0.626
ttt_random_ammo	19.638401 673.534668 644.430725	0.047 0.000 -0.035
ttt_random_ammo	21.624735 687.566956 644.472168	0.064 0.000 0.008
ttt_random_ammo	24.760735 704.546143 644.538940	1.202 0.029 1.429
ttt_random_ammo	-42.622963 1531.240112 996.333374	0.069 0.000 -0.026
ttt_random_ammo	-39.745113 1519.374878 996.399841	-1.032 -0.013 1.179
ttt_random_ammo	-41.089203 1482.255493 996.396606	1.688 0.032 2.012
ttt_random_ammo	-35.852283 1463.550781 996.405029	1.570 0.030 1.876
ttt_random_ammo	-159.098160 881.357361 262.598480	0.047 0.000 -0.035
ttt_random_ammo	-158.360809 897.909180 262.675446	1.305 0.020 1.534
ttt_random_ammo	-159.304138 926.874268 262.655457	0.124 0.000 0.087
ttt_random_ammo	-159.232529 943.101318 262.674927	0.987 0.012 1.147
ttt_random_ammo	451.481567 -2402.509033 866.403992	1.470 0.031 1.743
ttt_random_ammo	452.188812 -2416.775391 866.373108	0.348 -0.002 -0.340
ttt_random_ammo	452.808319 -2434.727295 866.340515	0.078 -0.000 0.011
ttt_random_ammo	452.309509 -2447.697754 866.359680	0.137 0.000 0.075
ttt_random_ammo	428.988983 -2402.510986 866.379028	0.680 -0.006 -0.748
ttt_random_ammo	429.535431 -2417.998779 866.376343	0.431 0.002 0.443
ttt_random_ammo	430.496429 -2433.341553 866.439880	0.770 4.478 -0.970
ttt_random_ammo	425.400177 -2438.769531 866.483582	1.357 -0.074 -1.644
ttt_random_ammo	418.196228 -2403.101074 866.405884	1.422 0.034 1.684
ttt_random_ammo	413.251709 -2412.041260 866.381836	0.834 0.008 0.937
ttt_random_ammo	415.389069 -2425.596924 866.335876	0.072 0.000 -0.021
ttt_random_ammo	411.708588 -2440.762695 866.335876	0.073 -0.000 0.020
ttt_random_ammo	448.795044 -2009.945190 866.357605	0.131 -0.000 -0.065
ttt_random_ammo	455.675690 -2027.187256 866.375000	0.378 0.002 0.377
ttt_random_ammo	451.206909 -2043.030029 866.330994	0.069 0.000 -0.028
ttt_random_ammo	456.151520 -2060.242188 866.482178	0.198 0.016 0.234
ttt_random_ammo	429.412659 -2012.300781 866.380981	0.727 0.007 0.807
ttt_random_ammo	427.122986 -2021.948120 866.406799	1.399 0.031 1.656
ttt_random_ammo	432.055267 -2035.746948 866.328491	0.068 0.000 -0.031
ttt_random_ammo	429.024658 -2052.327148 866.349365	0.096 -0.000 -0.018
ttt_random_ammo	414.663391 -2012.643311 866.381531	1.371 -0.022 -1.591
ttt_random_ammo	411.078247 -2025.995605 866.447876	0.835 -0.022 -1.002
ttt_random_ammo	414.642700 -2037.811646 866.430481	1.036 0.025 1.228
ttt_random_ammo	412.160309 -2048.790039 866.377014	0.518 -0.003 -0.550
ttt_random_ammo	416.040924 -2006.025757 737.401794	1.460 0.031 1.724
ttt_random_ammo	401.035248 -2019.259155 737.359680	0.138 0.000 0.075
ttt_random_ammo	363.703308 -2025.485107 737.338257	0.074 0.000 -0.017
ttt_random_ammo	350.909729 -2041.195923 737.413025	1.322 0.028 1.568
ttt_random_ammo	-357.772095 -2440.296875 737.410583	1.363 0.028 1.616
ttt_random_ammo	-345.565979 -2423.176025 737.376404	0.426 0.002 0.437
ttt_random_ammo	-336.040253 -2412.256592 737.376404	0.430 0.002 0.442
ttt_random_ammo	-331.720184 -2386.277344 737.466187	1.684 -0.025 2.317
ttt_random_ammo	-415.250763 -2150.234375 737.359680	0.136 0.000 0.073
ttt_random_ammo	-402.659332 -2143.769531 737.359680	0.136 0.000 0.073
ttt_random_ammo	-385.476959 -2138.201172 737.342834	0.080 0.000 -0.007
ttt_random_ammo	-369.378815 -2137.740967 737.465149	0.461 0.018 0.544
ttt_random_ammo	-415.409790 -2174.554932 737.340515	0.077 0.000 -0.012
ttt_random_ammo	-389.945313 -2173.194092 737.435608	0.945 0.023 1.119
ttt_random_ammo	-369.611572 -2171.627686 737.382324	0.982 0.012 1.118
ttt_random_ammo	-349.444244 -2165.055664 737.365234	0.185 0.000 0.136
ttt_random_ammo	435.848999 97.182846 644.514648	1.701 0.033 2.025
ttt_random_ammo	450.719971 110.529922 644.568359	0.020 0.168 -0.016
ttt_random_ammo	470.590607 92.113472 644.588928	0.629 0.441 0.802
ttt_random_ammo	470.562958 104.805664 644.440918	0.046 0.000 -0.031
ttt_random_ammo	465.059509 92.468269 647.698853	-88.422 104.823 -93.858
ttt_random_ammo	303.459900 -294.881958 772.500977	0.458 0.003 0.501
ttt_random_ammo	306.513062 -273.687225 772.430725	0.047 0.000 -0.035
ttt_random_ammo	298.463074 -253.484009 772.524963	1.521 0.039 1.818
ttt_random_ammo	305.710419 -239.357590 772.485168	0.117 0.000 0.078
ttt_random_ammo	387.804352 -289.020508 772.485046	-0.098 -0.000 0.055
ttt_random_ammo	398.467957 -269.636993 772.559937	-1.473 -0.035 1.780
ttt_random_ammo	395.637604 -252.322647 772.509766	-0.460 -0.003 0.505
ttt_random_ammo	397.558014 -229.555679 772.458191	-0.049 -0.000 -0.019
ttt_random_ammo	284.694794 -817.534851 644.520508	0.014 0.118 -0.119
ttt_random_ammo	272.457977 -822.020874 644.481628	0.093 0.000 0.048
ttt_random_ammo	266.128296 -834.117676 644.528198	1.398 0.032 1.663
ttt_random_ammo	289.844604 -846.678894 644.486877	0.126 0.000 0.090
ttt_random_ammo	-496.170044 -1343.516235 772.488892	-0.147 0.001 -0.116
ttt_random_ammo	-494.251923 -1366.334961 772.498352	-0.263 0.001 -0.261
ttt_random_ammo	-501.317230 -1380.774414 772.483093	-0.107 0.000 -0.065
ttt_random_ammo	-514.098572 -1374.284546 772.481140	-0.098 0.000 -0.052
ttt_random_ammo	-519.465454 -1358.484131 772.569336	-0.947 0.025 -1.134
ttt_random_ammo	-515.838257 -1334.829590 772.549927	-1.550 0.038 -1.865
ttt_random_ammo	-178.020248 -2416.124512 992.381958	0.823 0.008 0.925
ttt_random_ammo	-196.238922 -2419.287109 992.357727	0.122 0.000 0.054
ttt_random_ammo	-166.359482 -2416.886230 992.372070	0.283 0.001 0.260
ttt_random_ammo	-150.097168 -2412.012939 992.421631	1.319 0.029 1.580
ttt_random_ammo	-147.142151 -2426.899658 992.357727	0.121 0.000 0.053
ttt_random_ammo	-163.716873 -2435.934814 992.375122	0.364 0.002 0.361
ttt_random_ammo	-174.091461 -2435.626953 992.382690	0.940 0.011 1.067
ttt_random_ammo	-194.573196 -2434.906982 992.370422	0.255 0.001 0.225
ttt_random_ammo	-411.389221 -2012.587280 866.379883	0.650 0.005 0.712
ttt_random_ammo	-410.976196 -1988.296631 866.325928	0.067 -0.000 -0.034
ttt_random_ammo	-414.109558 -1969.185547 866.424561	1.137 0.026 1.348
ttt_random_ammo	-412.740784 -1958.527588 866.394226	1.573 0.024 1.858
ttt_random_ammo	-391.310211 -2009.146362 866.340515	0.077 0.000 -0.012
ttt_random_ammo	-394.270142 -1985.011841 866.414978	1.280 0.027 1.516
ttt_random_ammo	-392.842590 -1974.451782 866.371948	0.295 0.001 0.275
ttt_random_ammo	-392.701263 -1960.660889 866.336975	-0.070 -0.000 -0.023
ttt_random_ammo	-382.619934 -2005.362671 866.440552	0.879 0.022 1.043
ttt_random_ammo	-379.054108 -1985.195679 866.349426	0.093 0.000 0.014
ttt_random_ammo	-378.035675 -1975.806274 866.357727	0.125 0.000 0.059
ttt_random_ammo	-373.172638 -1962.680542 866.359680	0.136 0.000 0.073
ttt_random_ammo	142.754715 -2447.629150 800.935242	0.005 -12.853 -90.351
ttt_random_ammo	115.057503 -2448.569824 800.935669	0.012 -12.828 -90.777
ttt_random_ammo	102.068527 -2453.424561 798.607117	0.945 0.010 1.029
ttt_random_ammo	85.620781 -2452.985107 800.981079	89.680 -175.797 -177.899
ttt_random_ammo	64.695366 -2453.430908 798.570923	0.169 -0.000 0.035
ttt_random_ammo	59.290745 -2436.845703 800.935425	0.009 -12.848 -90.528
ttt_random_ammo	136.505325 -2412.771484 800.917419	-0.323 101.265 -90.014
ttt_random_ammo	129.239685 -2431.763184 803.247742	88.377 71.391 19.510
ttt_random_ammo	117.340538 -2417.158936 800.845337	1.205 170.468 -90.178
ttt_random_ammo	74.131844 -2425.014893 801.845032	-89.049 -140.893 88.938
ttt_random_ammo	288.598969 -1244.591675 773.202698	0.044 0.000 -0.030
ttt_random_ammo	304.445221 -1241.332275 773.261841	0.410 0.003 0.446
ttt_random_ammo	287.559418 -1281.397095 773.339417	0.508 0.021 0.615
ttt_random_ammo	300.347626 -1275.400513 773.226746	0.049 0.000 -0.011
ttt_random_ammo	294.168427 -1315.983032 773.319519	-1.367 -0.033 1.658
ttt_random_ammo	306.085968 -1309.254883 773.241638	-0.123 -0.000 0.086
ttt_random_ammo	375.028931 -1245.328369 773.265320	0.704 0.007 0.806
ttt_random_ammo	417.043518 -1242.311401 773.220581	0.046 0.000 -0.018
ttt_random_ammo	382.045166 -1269.911377 773.216370	0.044 0.000 -0.022
ttt_random_ammo	405.083282 -1267.858032 773.216370	0.044 0.000 -0.022
ttt_random_ammo	381.230225 -1309.880859 773.283142	1.668 0.037 2.002
ttt_random_ammo	418.331543 -1291.904663 773.258545	0.259 0.001 0.261
ttt_random_ammo	509.939850 568.180359 772.445801	0.047 0.000 -0.028
ttt_random_ammo	513.755493 516.363159 772.463989	0.054 0.000 -0.010
ttt_random_ammo	517.999023 456.276398 772.486816	0.132 0.000 0.097
ttt_random_ammo	146.520950 576.714172 772.485168	0.119 0.000 0.081
ttt_random_ammo	151.157532 531.903198 772.477905	0.083 0.000 0.033
ttt_random_ammo	150.896042 491.070313 772.505798	1.207 0.018 1.414
ttt_random_ammo	-242.820160 527.367981 772.470093	0.064 0.000 0.006
ttt_random_ammo	-246.986572 569.046570 772.503540	0.734 0.007 0.838
ttt_random_ammo	-239.745804 600.934082 772.497375	0.304 0.002 0.312
ttt_random_ammo	-382.231842 530.769409 772.498718	0.340 0.002 0.357
ttt_random_ammo	-382.014587 591.105957 772.488525	0.132 -0.000 -0.099
ttt_random_ammo	-387.118439 632.831116 772.501343	0.412 0.003 0.445
ttt_random_ammo	-24.216524 1917.906982 480.457153	-0.906 -0.023 1.084
ttt_random_ammo	-26.316456 1942.085938 480.387909	-0.601 -0.005 0.652
ttt_random_ammo	-27.598587 1961.826904 480.383209	-0.455 -0.003 0.472
ttt_random_ammo	-28.923351 1984.247681 480.452026	-1.003 -0.024 1.198
ttt_random_ammo	-33.976208 2001.940918 480.443481	-1.292 -0.028 1.553
ttt_random_ammo	-55.529167 2003.573975 480.448853	-1.163 -0.027 1.398
ttt_random_ammo	-86.468010 2008.683105 480.448853	-1.163 -0.027 1.398
ttt_random_ammo	-40.117527 1909.673340 480.343903	-0.081 -0.000 -0.005
ttt_random_ammo	-73.190804 1909.334229 480.375580	0.381 -0.355 -0.495
ttt_random_ammo	-79.904221 1909.406006 483.555573	-88.245 69.404 -58.958
ttt_random_ammo	-85.257225 1934.102417 480.395447	-0.900 -0.010 1.018
ttt_random_ammo	-89.471718 1964.898926 480.370270	-0.219 -0.001 0.179
ttt_random_ammo	-90.190475 1976.128296 480.466034	-0.728 -0.020 0.875
ttt_random_ammo	-84.107994 1979.886963 480.501038	-1.260 0.038 1.646
ttt_random_ammo	-159.862900 -1260.164185 644.444153	-0.047 0.000 0.028
ttt_random_ammo	-151.525650 -1246.373291 644.444153	-0.045 0.000 0.031
ttt_random_ammo	-132.924957 -1251.628418 644.468994	-0.050 0.000 0.012
ttt_random_ammo	-511.707214 -890.150757 644.544983	1.235 0.031 1.485
ttt_random_ammo	-489.377594 -907.804138 644.461792	0.051 0.000 -0.014
ttt_random_ammo	-462.397491 -925.270203 644.440918	0.046 0.000 -0.031
ttt_random_ammo	-481.072632 -952.426819 644.497620	0.271 0.001 0.273
ttt_random_ammo	-547.267090 127.387077 772.473145	-0.060 0.000 -0.002
ttt_random_ammo	-533.256287 139.539200 772.530579	0.014 -0.089 -0.090
ttt_random_ammo	-506.210999 124.358337 772.591003	-0.539 0.020 -0.656
ttt_random_ammo	-243.764450 161.395187 772.513367	-0.594 0.005 -0.668
ttt_random_ammo	-211.361435 176.749741 772.561523	-1.206 0.030 -1.444
ttt_random_ammo	-186.795685 168.242538 772.448914	-0.046 0.000 0.027
ttt_random_ammo	19.574305 150.467316 772.448914	-0.046 0.000 0.027
ttt_random_ammo	50.741356 145.193436 772.503540	-0.300 0.002 -0.308
ttt_random_ammo	65.439354 129.184204 772.499878	-0.233 0.001 -0.226
ttt_random_ammo	-333.726471 -1998.490234 992.359619	-0.118 -0.000 0.050
ttt_random_ammo	-343.026703 -1974.915405 992.378540	-0.308 -0.001 0.292
ttt_random_ammo	-358.164703 -1995.876709 992.337036	-0.070 -0.000 -0.023
ttt_random_ammo	-376.888428 -1979.215698 992.334534	-0.069 -0.000 -0.027
ttt_random_ammo	-401.931915 -1997.335571 992.387329	-0.519 -0.003 0.552
ttt_random_ammo	-420.242889 -1971.978638 992.382935	-0.393 -0.002 0.397
ttt_random_ammo	-461.023376 -2002.620972 992.318237	0.066 0.000 0.040
ttt_random_ammo	-470.636902 -1960.606079 992.462585	-1.405 0.026 -1.504
ttt_random_ammo	483.217316 -1993.478760 992.444885	1.063 -0.020 -1.099
ttt_random_ammo	464.699188 -1970.547363 992.394470	1.575 0.024 1.860
ttt_random_ammo	461.060791 -2007.828735 992.338318	0.074 0.000 -0.017
ttt_random_ammo	435.631744 -1980.099243 992.426331	1.079 0.025 1.275
ttt_random_ammo	420.567719 -2002.981323 992.335876	0.072 0.000 -0.021
ttt_random_ammo	400.264557 -1979.962280 992.401611	1.459 0.031 1.723
ttt_random_ammo	387.972351 -2015.621582 992.391113	1.621 0.027 1.914
ttt_random_ammo	371.603394 -1976.250610 992.365295	0.185 0.000 0.136
ttt_random_ammo	626.992249 -2178.298828 992.429749	1.054 0.025 1.250
ttt_random_ammo	626.994019 -2163.458496 992.342896	0.080 0.000 -0.007
ttt_random_ammo	612.503540 -2182.189697 992.347290	0.088 0.000 0.006
ttt_random_ammo	601.087463 -2166.741699 992.357727	0.126 0.000 0.059
ttt_random_ammo	587.704651 -2183.118164 992.379150	0.671 -0.006 -0.738
ttt_random_ammo	575.759949 -2171.469482 992.328552	0.068 -0.000 0.030
ttt_random_ammo	660.225830 -2180.222168 992.346802	0.052 0.000 -0.014
ttt_random_ammo	645.511902 -2168.776367 992.351685	0.095 0.000 0.017
ttt_random_ammo	119.771042 -2269.183350 1216.384033	1.203 0.017 1.388
ttt_random_ammo	136.775757 -2261.123291 1216.397583	-0.951 -0.011 1.080
ttt_random_ammo	148.995041 -2240.147217 1216.383789	1.221 0.017 1.410
ttt_random_ammo	143.442215 -2229.033447 1216.420654	0.073 -1.226 0.336
ttt_random_ammo	118.687462 -2236.438721 1216.423828	1.304 0.030 1.566
ttt_random_ammo	120.786346 -2198.868652 1216.351563	0.096 0.000 0.019
ttt_random_ammo	134.810928 -2202.289551 1216.366821	0.217 -0.001 -0.177
ttt_random_ammo	136.325424 -2233.956787 1218.647949	0.711 -26.704 75.713
ttt_random_ammo	459.938202 -2140.904785 1160.328369	0.066 0.000 -0.032
ttt_random_ammo	451.729919 -2127.577393 1160.323364	0.065 -0.000 -0.037
ttt_random_ammo	439.930542 -2118.105225 1160.408447	1.498 0.035 1.788
ttt_random_ammo	441.940613 -2141.202881 1160.438232	0.948 1.629 1.246
ttt_random_ammo	430.460083 -2126.676514 1160.462891	0.552 0.018 0.658
ttt_random_ammo	439.879608 -2150.680420 1162.758423	-0.004 -1.595 90.529
ttt_random_ammo	424.854004 -2133.188232 1160.383057	0.897 0.010 1.015
ttt_random_ammo	446.651581 -2160.186035 1160.487427	1.003 0.029 1.216
ttt_random_ammo	474.096405 -2157.419678 1162.718140	0.171 -65.604 -90.093
ttt_random_ammo	457.708069 -2160.699219 1160.482300	1.417 -0.012 1.770
ttt_random_ammo	482.512390 -2138.282227 1160.375122	0.350 0.002 0.345
ttt_random_ammo	485.033234 -2145.226074 1160.420898	-0.658 -3.597 -1.291
ttt_random_ammo	462.009735 -2172.354736 1162.755615	89.953 -176.321 180.000
ttt_random_ammo	486.317596 -2150.279785 1160.473145	1.002 6.749 0.975
ttt_random_ammo	501.627258 -2128.583740 1160.409180	1.532 0.031 1.835
ttt_random_ammo	-185.726593 -2424.530518 384.349365	0.087 0.000 0.007
ttt_random_ammo	-189.612045 -2467.555664 384.409607	-0.465 0.370 -0.721
ttt_random_ammo	-187.222794 -2472.407471 384.382233	0.088 0.362 -0.130
ttt_random_ammo	-181.617142 -2526.927002 384.403015	1.383 0.032 1.637
ttt_random_ammo	-161.868866 -2495.885010 384.460327	0.067 -1.366 0.802
ttt_random_ammo	-120.869415 -2437.937744 384.325897	0.065 -0.000 -0.036
ttt_random_ammo	-139.187592 -2438.125977 384.370514	0.225 0.001 0.189
ttt_random_ammo	-158.512711 -2436.793701 384.397217	0.163 0.171 0.096
ttt_random_ammo	-177.552002 -2464.052246 384.332001	0.047 0.000 -0.034
ttt_random_ammo	-143.004349 -2492.885498 384.378113	0.419 0.002 0.430
ttt_random_ammo	-112.097984 -2473.555420 384.407684	1.358 0.030 1.599
ttt_random_ammo	-164.154831 -2491.136475 386.565277	0.029 10.466 -89.160
ttt_random_ammo	-158.679764 -2502.088379 386.714081	-1.114 37.204 89.999
ttt_random_ammo	102.886452 578.159851 16.491964	0.190 4.154 -0.267
ttt_random_ammo	148.877792 637.125244 16.408875	0.174 4.223 -0.681
ttt_random_ammo	154.130173 631.302612 18.737156	89.443 -170.709 -91.366
ttt_random_ammo	91.713684 595.555908 16.481934	1.563 0.055 -1.895
ttt_random_ammo	129.885971 637.198608 16.486376	0.982 -4.464 1.226
ttt_random_ammo	143.151871 617.103088 16.320150	0.047 -0.000 0.035
ttt_random_ammo	117.770630 577.433411 16.481813	1.578 0.025 -1.912
ttt_random_ammo	-128.132950 -966.591187 16.450787	0.355 0.051 0.664
ttt_random_ammo	-123.047211 -965.761230 18.690296	89.609 13.047 5.580
ttt_random_ammo	-118.227089 -956.166626 21.010637	-0.906 -21.771 -89.004
ttt_random_ammo	-133.508743 -1015.097717 16.374672	0.096 0.000 0.054
ttt_random_ammo	-96.560898 -1017.829651 16.325354	0.046 -0.000 0.033
ttt_random_ammo	-77.170830 -1013.072998 16.465565	0.725 0.023 0.884
ttt_random_ammo	-66.815399 -998.033630 16.365517	0.065 0.000 0.011
ttt_random_ammo	-71.852127 -955.053711 16.396059	0.689 0.006 0.786
ttt_random_ammo	-131.026489 -944.573242 16.418325	1.599 -0.040 -1.926
ttt_random_ammo	-129.130447 -958.390686 18.639755	-1.667 1.735 -89.746
ttt_random_ammo	-110.373604 -1510.166992 124.442337	1.149 0.016 1.352
ttt_random_ammo	-116.506386 -1472.670654 124.421562	0.089 0.000 0.052
ttt_random_ammo	-94.098854 -1445.763062 124.413574	0.059 0.000 0.012
ttt_random_ammo	0.934514 -1503.302368 124.429520	0.239 0.001 0.239
ttt_random_ammo	-2.625632 -1488.573608 124.408356	0.058 0.000 0.008
ttt_random_ammo	-3.848104 -1465.954590 124.371613	0.042 0.000 -0.031
ttt_random_ammo	-579.211975 621.804260 262.672516	0.714 0.007 0.813
ttt_random_ammo	-560.172791 619.077087 262.613831	0.047 0.000 -0.028
ttt_random_ammo	-580.945068 610.605774 262.608856	0.047 0.000 -0.030
ttt_random_ammo	-557.564026 593.816711 262.650116	0.098 0.000 0.053
ttt_random_ammo	-574.589111 605.825195 262.605499	0.085 -0.000 -0.038
ttt_random_ammo	-565.048157 580.214966 262.595795	0.048 0.000 -0.036
ttt_random_ammo	-574.027893 -991.579407 265.039398	0.000 23.435 90.000
ttt_random_ammo	-571.806030 -1044.517944 262.766968	1.225 -0.073 1.484
ttt_random_ammo	-591.926758 -1035.445923 262.670074	0.421 0.003 0.456
ttt_random_ammo	-557.087036 -963.924194 265.040863	1.247 -44.425 -90.674
ttt_random_ammo	-583.162903 -980.236023 262.749268	0.003 1.963 -0.681
ttt_random_ammo	-563.053406 -955.027588 262.650146	0.093 0.000 0.047
ttt_random_ammo	-587.660828 -955.615906 262.627838	0.050 0.000 -0.016
ttt_random_ammo	-584.365662 -828.592224 384.420410	1.199 0.027 1.425
ttt_random_ammo	-573.373718 -917.074585 262.639679	0.280 0.000 0.118
ttt_random_ammo	-588.461609 -914.116943 262.723236	0.938 0.025 1.116
ttt_random_ammo	-561.337769 -913.953308 262.628204	-0.336 -0.003 0.277
ttt_random_ammo	-593.346191 -862.387512 384.320740	0.067 -0.000 -0.037
ttt_random_ammo	-595.177917 -821.622498 384.342621	0.085 0.000 -0.001
