# Trouble in Terrorist Town weapon/ammo placement overrides
# For map: ttt_kakariko_v4a
# Exported by: Ahbiga
setting:	replacespawns 1
ttt_random_weapon	-1214.219971 771.546021 -372.362000	0.000 0.000 0.000
ttt_random_weapon	-1277.079956 704.054016 -372.362000	0.000 0.000 0.000
ttt_random_weapon	-721.452026 690.265991 -246.626999	0.000 0.000 0.000
ttt_random_weapon	-342.308014 287.188995 -246.626999	0.000 0.000 0.000
ttt_random_weapon	561.000000 702.000000 -376.000000	0.000 0.000 0.000
ttt_random_weapon	1201.000000 4274.140137 8.372990	0.000 0.000 0.000
ttt_random_weapon	965.705017 4413.000000 8.372990	0.000 0.000 0.000
ttt_random_weapon	733.046021 4271.189941 8.372990	0.000 0.000 0.000
ttt_random_weapon	1306.089966 3862.000000 -71.626999	0.000 0.000 0.000
ttt_random_weapon	618.450989 3858.070068 -70.626999	0.000 0.000 0.000
ttt_random_weapon	1442.000000 2858.000000 -243.113998	0.000 0.000 0.000
ttt_random_weapon	1345.439941 2685.719971 -236.487000	0.000 0.000 0.000
ttt_random_weapon	-361.278992 1867.359985 203.981003	0.000 0.000 0.000
ttt_random_weapon	246.270996 68.123001 -278.627014	0.000 0.000 0.000
ttt_random_weapon	254.373001 -1436.670044 -470.450989	0.000 0.000 0.000
ttt_random_weapon	254.373001 -1376.670044 -469.450989	0.000 0.000 0.000
ttt_random_weapon	254.373001 -1305.670044 -480.000000	0.000 0.000 0.000
ttt_random_weapon	254.373001 -1234.670044 -470.450989	0.000 0.000 0.000
ttt_random_weapon	254.373001 -1174.670044 -469.450989	0.000 0.000 0.000
ttt_random_weapon	-511.000000 -715.801025 -470.450989	0.000 0.000 0.000
ttt_random_weapon	-504.070007 -783.065002 -470.450989	0.000 0.000 0.000
ttt_random_weapon	-493.627014 -846.239014 -460.901001	0.000 0.000 0.000
ttt_random_weapon	-493.627014 -915.239014 -469.450989	0.000 0.000 0.000
ttt_random_weapon	-493.627014 -975.239014 -470.450989	0.000 0.000 0.000
ttt_random_weapon	-501.167999 -1032.900024 -470.450989	0.000 0.000 0.000
ttt_random_weapon	268.959015 -1073.630005 -367.903015	0.000 0.000 0.000
ttt_random_weapon	773.900024 -1090.319946 -367.903015	0.000 0.000 0.000
ttt_random_weapon	1559.579956 177.000000 -375.627014	0.000 0.000 0.000
ttt_random_weapon	-223.772995 1553.810059 -150.626999	0.000 0.000 0.000
ttt_random_weapon	155.100998 1562.099976 -150.626999	0.000 0.000 0.000
ttt_random_weapon	-611.624573 -299.894226 -478.780914	1.642 5.720 -93.205
ttt_random_weapon	-603.353149 -260.003754 -478.800446	1.850 5.713 -92.777
ttt_random_weapon	-561.778687 -262.554413 -478.801941	1.866 5.710 -92.745
ttt_random_weapon	-567.664429 -297.766785 -478.810150	1.953 5.706 -92.566
ttt_random_weapon	-500.930908 -270.743439 -478.815674	2.012 5.703 -92.444
ttt_random_weapon	-534.285889 -316.623535 -478.825012	2.111 5.694 -92.241
ttt_random_weapon	-594.526978 -334.507263 -478.810150	1.953 5.706 -92.566
ttt_random_weapon	73.129723 -52.775124 -478.811920	1.972 5.707 -92.526
ttt_random_weapon	65.621429 -85.925468 -478.808411	1.934 5.710 -92.604
ttt_random_weapon	-78.971489 -2349.506104 -390.353516	2.624 3.207 -100.044
ttt_random_weapon	-91.915756 -2322.230469 -394.100433	2.586 3.219 -100.226
ttt_random_weapon	-111.636490 -2281.492920 -399.672119	2.575 3.224 -100.281
ttt_random_weapon	-120.886810 -2255.200439 -403.254822	2.600 3.217 -100.162
ttt_random_weapon	-135.376221 -2213.644531 -408.954742	2.569 3.224 -100.307
ttt_random_weapon	-74.400139 -2382.685791 -385.798492	2.641 3.203 -99.965
ttt_random_weapon	63.229309 -2802.318359 -350.814728	2.001 5.703 -92.465
ttt_random_weapon	72.113808 -2837.663574 -350.773376	1.561 5.723 -93.371
ttt_random_weapon	81.436958 -2863.589111 -350.793030	1.770 5.715 -92.940
ttt_random_weapon	521.195435 -2838.605957 -350.770935	1.535 5.723 -93.424
ttt_random_weapon	522.867554 -2863.171631 -350.800476	1.850 5.713 -92.777
ttt_random_weapon	518.565857 -2879.086426 -350.832001	2.184 5.689 -92.089
ttt_random_weapon	512.167725 -2911.325439 -350.799744	1.842 5.713 -92.793
ttt_random_weapon	492.223755 -2929.760742 -350.800476	1.850 5.713 -92.777
ttt_random_weapon	656.727844 -1165.487671 -382.781830	1.651 5.719 -93.185
ttt_random_weapon	712.830200 -1160.636719 -382.799042	1.834 5.712 -92.809
ttt_random_weapon	708.601563 -1198.633179 -382.808411	1.934 5.710 -92.604
ttt_random_weapon	663.219727 -1200.268921 -382.830811	2.172 5.688 -92.115
ttt_random_weapon	839.858521 239.461731 -382.830811	2.172 5.688 -92.115
ttt_random_weapon	840.903564 268.776947 -382.788330	1.720 5.718 -93.043
ttt_random_weapon	837.218140 298.768768 -382.779663	1.628 5.719 -93.233
ttt_random_weapon	1192.208862 337.791321 -382.828461	2.147 5.696 -92.167
ttt_random_weapon	1197.832642 312.885559 -382.811066	1.962 5.706 -92.546
ttt_random_weapon	1192.401367 287.312561 -382.783722	1.671 5.718 -93.144
ttt_random_weapon	1183.413452 -108.880508 -158.771530	1.541 5.723 -93.411
ttt_random_weapon	1188.591309 -76.522774 -158.793655	1.777 5.716 -92.926
ttt_random_weapon	1186.875977 -49.886326 -158.795593	1.798 5.714 -92.884
ttt_random_weapon	1188.291870 -17.541796 -158.776886	1.598 5.722 -93.294
ttt_random_weapon	1184.693604 4.142819 -158.809280	1.943 5.711 -92.585
ttt_random_weapon	1164.749146 -691.989136 -158.814758	2.001 5.703 -92.465
ttt_random_weapon	1164.735229 -664.034119 -158.777649	1.606 5.720 -93.277
ttt_random_weapon	1160.914429 -638.391052 -158.821793	2.076 5.700 -92.312
ttt_random_weapon	1535.122192 -857.615417 -158.856979	2.133 6.156 -91.990
ttt_random_weapon	1544.992676 -831.860718 -158.826157	2.122 5.695 -92.217
ttt_random_weapon	413.644348 964.654480 -382.839661	2.265 5.679 -91.922
ttt_random_weapon	461.072510 964.241455 -382.795593	1.798 5.714 -92.884
ttt_random_weapon	513.255615 967.497803 -382.835754	2.224 5.692 -92.008
ttt_random_weapon	571.980469 967.100098 -382.803528	1.882 5.711 -92.711
ttt_random_weapon	621.757446 967.299255 -382.784180	1.676 5.718 -93.134
ttt_random_weapon	-394.733215 748.296387 -382.808411	1.934 5.710 -92.604
ttt_random_weapon	-348.552673 748.339966 -382.796936	1.812 5.715 -92.855
ttt_random_weapon	-395.092102 784.896362 -382.820740	2.065 5.700 -92.335
ttt_random_weapon	-360.225769 786.602539 -382.809296	1.943 5.711 -92.585
ttt_random_weapon	-937.068176 925.379639 -382.819702	2.054 5.699 -92.357
ttt_random_weapon	-943.606506 971.373901 -382.796265	1.805 5.714 -92.869
ttt_random_weapon	-944.728210 995.582336 -382.785187	1.687 5.718 -93.112
ttt_random_weapon	-1663.002197 478.108246 -382.833252	2.197 5.689 -92.062
ttt_random_weapon	-1655.157349 510.512695 -382.823944	2.099 5.703 -92.265
ttt_random_weapon	-1637.291016 458.851471 -382.776154	1.590 5.721 -93.310
ttt_random_weapon	-1647.921631 -184.908310 -126.766434	1.496 4.911 -93.465
ttt_random_weapon	-1610.595459 -186.465866 -126.799858	1.874 4.930 -92.601
ttt_random_weapon	-1579.952026 -181.558594 -126.788101	1.741 5.007 -92.904
ttt_random_weapon	-1861.155518 -393.382690 -126.843750	2.308 5.660 -91.833
ttt_random_weapon	-1854.999634 -349.215759 -126.804298	1.890 5.712 -92.694
ttt_random_weapon	-1849.301758 -307.251129 -126.797623	1.819 5.715 -92.840
ttt_random_weapon	-1781.703247 -386.871552 -126.808418	1.934 5.710 -92.604
ttt_random_weapon	-1785.812744 -342.762512 -126.846581	2.338 5.663 -91.772
ttt_random_weapon	574.663757 2120.521484 193.224945	1.579 5.722 -93.334
ttt_random_weapon	576.097046 2090.558838 193.164566	2.135 5.633 -92.247
ttt_random_weapon	570.573792 2052.331299 193.225967	1.568 5.722 -93.356
ttt_random_weapon	571.113892 2017.904419 193.176071	2.099 5.703 -92.265
ttt_random_weapon	624.628845 2034.581909 193.226944	1.557 5.723 -93.378
ttt_random_weapon	630.099548 2072.224365 193.222366	1.606 5.720 -93.277
ttt_random_weapon	640.235474 2114.412109 193.160355	2.265 5.679 -91.922
ttt_random_weapon	1179.170044 1359.306274 65.217705	1.656 5.719 -93.175
ttt_random_weapon	1177.337036 1330.476196 65.208199	1.757 5.715 -92.967
ttt_random_weapon	1181.713745 1391.585815 65.179268	2.065 5.700 -92.335
ttt_random_weapon	1122.133179 1375.788818 65.198029	1.866 5.710 -92.745
ttt_random_weapon	1132.040649 1339.137207 65.236343	1.457 5.728 -93.584
ttt_random_weapon	571.201965 3173.312012 -78.793655	1.777 5.716 -92.926
ttt_random_weapon	720.869873 4316.388184 1.192430	1.925 5.709 -92.622
ttt_random_weapon	713.067322 4380.974609 1.191580	1.934 5.710 -92.604
ttt_random_weapon	1298.073242 3913.748047 -78.796257	1.805 5.714 -92.869
ttt_random_weapon	1333.723389 3833.309326 -78.794289	1.784 5.716 -92.912
ttt_random_weapon	1439.338257 3239.895996 -174.787781	1.715 5.718 -93.055
ttt_random_weapon	1442.423584 3288.886719 -174.784668	1.682 5.718 -93.123
ttt_random_weapon	1357.973022 2959.062744 -254.770935	1.535 5.723 -93.424
ttt_random_weapon	1358.453857 2937.814697 -254.801208	1.858 5.714 -92.761
ttt_random_weapon	1144.868530 2083.709961 -254.825043	2.111 5.694 -92.241
ttt_random_weapon	1153.226196 2061.980957 -254.795593	1.798 5.714 -92.884
ttt_random_weapon	1161.985840 2034.350342 -254.846573	2.338 5.663 -91.772
ttt_random_weapon	1171.358398 2002.709961 -254.797623	1.819 5.715 -92.840
ttt_random_weapon	1270.468140 1124.052246 -382.806732	1.916 5.709 -92.640
ttt_random_weapon	1299.445557 1099.176392 -382.823944	2.099 5.703 -92.265
ttt_random_weapon	1309.032227 1075.675293 -382.787262	1.709 5.717 -93.066
ttt_random_weapon	707.201294 75.443207 -286.777283	1.619 4.921 -93.184
ttt_random_weapon	706.708191 26.944000 -286.777283	1.619 4.921 -93.184
ttt_random_weapon	623.841431 21.390488 -286.800568	1.882 4.926 -92.582
ttt_random_weapon	641.543091 81.584259 -286.791290	1.777 4.928 -92.822
ttt_random_weapon	-933.157837 -1123.925049 -254.744293	1.408 0.366 -94.209
ttt_random_weapon	-902.792603 -1120.835449 -254.878021	1.568 9.284 -91.941
ttt_random_weapon	-1257.492065 -246.264999 -254.770645	1.532 5.723 -93.430
ttt_random_weapon	-1262.031738 -215.601944 -254.770370	1.529 5.724 -93.436
ttt_random_weapon	-1255.627930 -191.863480 -254.768768	1.512 5.725 -93.472
ttt_random_weapon	-1215.801514 -228.119537 -254.779663	1.628 5.719 -93.233
ttt_random_weapon	-1211.942871 -205.902847 -254.781830	1.651 5.719 -93.185
ttt_random_weapon	-825.438293 46.722488 -254.788895	1.726 5.716 -93.031
ttt_random_weapon	-822.160217 8.774269 -254.791199	1.751 5.717 -92.980
ttt_random_weapon	-826.700134 -8.634758 -254.848022	2.354 5.667 -91.740
ttt_random_weapon	-625.031128 175.818573 -478.803101	1.910 4.782 -92.516
ttt_random_weapon	-587.860291 171.171356 -478.769135	1.527 4.755 -93.395
ttt_random_weapon	-676.520142 265.826294 -254.776917	1.615 4.920 -93.193
ttt_random_weapon	-737.156799 282.111816 -254.760590	1.411 6.151 -93.638
ttt_random_weapon	-699.682190 302.950836 -254.784256	1.698 4.925 -93.004
ttt_random_weapon	-345.566345 318.928284 -254.795685	1.827 4.929 -92.708
ttt_random_weapon	154.439682 1551.656982 225.224060	1.604 4.761 -93.219
ttt_random_weapon	150.593109 1513.443115 225.215088	1.705 4.768 -92.986
ttt_random_weapon	-214.585587 1350.000854 465.209686	1.766 4.772 -92.847
ttt_random_weapon	-206.285645 1393.052002 465.201324	1.860 4.779 -92.631
ttt_random_weapon	1081.452271 -202.161041 -382.842377	2.294 5.679 -91.864
ttt_random_weapon	1078.695801 -180.089462 -382.782288	1.656 5.719 -93.175
weapon_ttt_m16	558.275024 -676.140015 -371.592987	0.000 0.000 0.000
weapon_ttt_m16	1004.000000 508.355988 -379.316986	0.000 0.000 0.000
weapon_ttt_knife	-608.181030 -729.096008 -691.000000	0.000 90.000 0.000
item_ammo_pistol_ttt	533.281006 -674.723022 -375.996002	0.000 0.000 0.000
item_ammo_pistol_ttt	519.017029 -675.994019 -375.996002	0.000 0.000 0.000
item_ammo_pistol_ttt	1055.119995 457.653015 -383.720001	0.000 0.000 0.000
item_ammo_pistol_ttt	1086.430054 458.868011 -383.720001	0.000 0.000 0.000
weapon_ttt_confgrenade	-1219.880005 -1129.810059 -75.513000	0.000 0.000 0.000
weapon_ttt_confgrenade	-1425.170044 -1116.989990 -75.513000	0.000 0.000 0.000
weapon_ttt_confgrenade	1365.189941 2836.350098 -248.000000	0.000 0.000 0.000
weapon_ttt_confgrenade	-294.378998 1821.000000 263.095001	0.000 0.000 0.000
weapon_ttt_confgrenade	288.959015 -1659.589966 -475.335999	0.000 0.000 0.000
weapon_ttt_confgrenade	-501.674011 -639.000000 -475.335999	0.000 0.000 0.000
weapon_ttt_confgrenade	-502.445007 -1154.989990 -475.335999	0.000 0.000 0.000
weapon_ttt_confgrenade	1549.530029 -857.507019 -155.518005	0.000 0.000 0.000
weapon_ttt_confgrenade	129.552002 1535.260010 475.210999	0.000 0.000 0.000
weapon_ttt_confgrenade	271.084015 -1653.214478 -476.409607	0.072 0.324 -0.424
weapon_ttt_confgrenade	253.132629 -1648.660034 -476.451355	0.124 0.316 -0.731
weapon_ttt_confgrenade	451.636871 -2989.585693 -348.437378	1.364 -0.243 0.430
weapon_ttt_confgrenade	442.993317 -3003.003418 -348.464478	1.790 -0.251 0.564
weapon_ttt_confgrenade	428.535034 -3013.608643 -348.467834	1.569 -0.273 -1.248
weapon_ttt_confgrenade	1190.241211 -284.854858 -156.499405	1.998 0.301 1.590
weapon_ttt_confgrenade	1174.077026 -279.291931 -156.508804	2.122 0.274 1.690
weapon_ttt_confgrenade	1189.859497 -267.482513 -156.447845	1.308 0.256 1.041
weapon_ttt_confgrenade	1202.895508 -270.414764 -156.389267	0.513 0.237 0.408
weapon_ttt_confgrenade	1209.168213 -282.043365 -156.411697	0.819 0.242 0.652
weapon_ttt_confgrenade	1210.101196 1731.938843 67.568237	1.091 0.249 0.868
weapon_ttt_confgrenade	1229.112549 1742.097046 67.578476	0.952 0.245 0.758
weapon_ttt_confgrenade	1240.145752 1736.682617 67.619019	-0.131 -0.207 0.126
weapon_ttt_confgrenade	1239.614746 1714.128418 67.559723	1.406 0.243 -0.443
weapon_ttt_confgrenade	1214.361694 1712.569946 67.578476	0.952 0.245 0.758
weapon_ttt_confgrenade	1224.899170 1721.945435 67.555580	1.471 0.245 -0.463
weapon_ttt_confgrenade	735.425903 2763.657715 -252.500717	2.350 0.235 -0.741
weapon_ttt_confgrenade	759.143372 2762.857422 -252.485535	2.114 0.258 -0.666
weapon_ttt_confgrenade	754.613159 2777.763672 -252.512741	2.532 0.266 -0.796
weapon_ttt_confgrenade	346.636200 378.138702 -284.484283	1.595 0.147 -0.404
weapon_ttt_confgrenade	333.209290 365.101990 -284.458862	1.291 0.141 -0.327
weapon_ttt_confgrenade	-816.530823 199.656189 -188.505447	2.446 0.187 -0.727
weapon_zm_shotgun	-1187.449951 -1126.359985 -76.511002	0.000 0.000 0.000
weapon_zm_shotgun	-340.665009 210.468002 -476.510986	0.000 0.000 0.000
weapon_zm_shotgun	237.134995 -96.461998 -348.510986	0.000 0.000 0.000
weapon_zm_shotgun	369.721985 -459.703003 -382.510986	0.000 0.000 0.000
weapon_zm_shotgun	321.489014 -494.238007 -381.510986	0.000 0.000 0.000
weapon_zm_shotgun	263.296997 -460.523010 -382.510986	0.000 0.000 0.000
weapon_ttt_ak47	1058.287720 -455.799042 -383.114746	0.141 13.133 -87.475
weapon_ttt_ak47	427.191772 -59.782047 -479.069977	0.078 13.136 -87.969
weapon_ttt_ak47	425.123627 -100.496544 -479.134552	0.168 13.129 -87.256
weapon_ttt_ak47	-1222.224365 600.038513 -383.112793	0.138 13.133 -87.496
weapon_ttt_ak47	-1885.976563 -1129.522095 -127.125313	0.155 13.133 -87.358
weapon_ttt_ak47	1258.566772 1735.495361 64.873520	0.157 28.866 -87.347
weapon_ttt_ak47	-1122.698730 -716.041626 -127.116272	0.144 13.136 -87.467
weapon_ttt_ak47	-1121.479980 -818.513550 -127.081985	0.096 13.135 -87.841
weapon_ttt_ak47	-339.334167 547.312866 -255.057419	0.068 32.411 -88.167
weapon_ttt_smokegrenade	-1148.780029 -1117.699951 -74.264999	0.000 0.000 0.000
weapon_ttt_smokegrenade	-1470.800049 -1112.079956 -74.264999	0.000 0.000 0.000
weapon_ttt_smokegrenade	-933.895996 756.260010 -312.000000	0.000 0.000 0.000
weapon_ttt_smokegrenade	-1154.810059 776.536987 -312.000000	0.000 0.000 0.000
weapon_ttt_smokegrenade	-1512.000000 258.000000 -376.000000	0.000 0.000 0.000
weapon_ttt_smokegrenade	-384.979004 1822.560059 264.342987	0.000 0.000 0.000
weapon_ttt_smokegrenade	211.843002 2318.179932 264.342987	0.000 0.000 0.000
weapon_ttt_smokegrenade	284.083008 2325.889893 264.342987	0.000 0.000 0.000
weapon_ttt_smokegrenade	278.332916 -1677.492554 -475.434357	0.197 -0.209 -0.036
weapon_ttt_smokegrenade	256.359924 -1668.227417 -475.442993	0.212 -0.204 -0.040
weapon_ttt_smokegrenade	482.755005 -2994.345947 -347.412018	0.159 -0.222 -0.028
weapon_ttt_smokegrenade	476.231384 -3009.960693 -347.454285	0.231 -0.195 -0.044
weapon_ttt_smokegrenade	461.963928 -3015.142090 -347.454285	0.231 -0.195 -0.044
weapon_ttt_smokegrenade	1166.022461 -291.782990 -155.424835	0.181 -0.218 -0.033
weapon_ttt_smokegrenade	1162.336548 -271.970367 -155.396362	0.133 -0.229 -0.022
weapon_ttt_smokegrenade	1228.299805 1698.461426 68.543709	0.234 -0.195 -0.045
weapon_ttt_smokegrenade	1220.774658 1687.515991 68.505005	0.300 -0.130 -0.060
weapon_ttt_smokegrenade	1210.645508 1690.740967 68.565620	0.197 -0.209 -0.036
weapon_ttt_smokegrenade	322.822144 382.407928 -283.413208	2.782 -0.136 -2.875
weapon_ttt_smokegrenade	333.563293 394.947113 -283.466522	1.170 0.012 -0.951
weapon_ttt_smokegrenade	-834.754700 180.150101 -187.436234	3.329 -0.124 -3.418
ttt_playerspawn	6.596799 -750.710571 -474.865845	-0.012 -0.132 0.012
ttt_playerspawn	18.827017 -887.651978 -472.380280	-0.011 -0.394 0.011
ttt_playerspawn	-43.730324 -951.766296 -473.254333	-0.011 -0.000 0.011
ttt_playerspawn	-233.675262 -1015.061768 -469.181763	-0.013 -0.075 0.013
ttt_playerspawn	-144.158859 -873.247375 -472.610352	-0.011 -0.000 0.011
ttt_playerspawn	-72.048950 -799.877747 -473.828094	-0.011 -0.791 0.011
ttt_playerspawn	-174.905502 -734.161987 -472.394012	-0.014 -0.000 0.014
ttt_playerspawn	-292.699890 -861.688721 -468.117462	-0.010 -0.000 0.010
ttt_playerspawn	-274.626526 -724.243774 -475.256317	-0.006 -0.000 0.005
ttt_playerspawn	-122.658539 -647.692871 -477.724457	-0.012 -0.789 0.012
ttt_playerspawn	-1026.773804 -36.922901 -247.953094	-0.014 0.132 0.014
ttt_playerspawn	-1112.434204 -92.750465 -248.279572	-0.014 -0.000 0.014
ttt_playerspawn	-1045.059448 -164.350067 -252.271210	-0.036 0.591 -0.015
ttt_playerspawn	-1152.366333 -177.584824 -250.595520	-0.011 0.132 0.011
ttt_playerspawn	316.143860 -3035.889160 -346.027618	-0.010 0.000 -0.010
ttt_playerspawn	254.325195 -3038.547852 -346.167267	-0.012 0.000 -0.012
ttt_playerspawn	292.106110 -2926.432373 -350.015930	-0.015 -0.792 -0.015
ttt_playerspawn	228.761276 -2886.979736 -344.694946	-0.011 0.132 -0.011
ttt_playerspawn	63.559078 2090.119385 198.041718	-0.010 0.218 0.169
ttt_playerspawn	37.916256 1944.776855 195.952728	-0.008 0.132 0.008
ttt_playerspawn	-124.680603 1956.883301 199.159622	-0.011 0.527 0.011
ttt_playerspawn	-69.896370 2042.728271 192.774399	-0.009 -0.000 0.009
ttt_playerspawn	-4.056489 2201.616699 196.360886	-0.009 0.132 0.009
ttt_playerspawn	-158.144226 2180.629395 194.075989	-0.014 -0.000 0.014
ttt_playerspawn	-90.680473 2120.984863 199.051132	-0.010 1.050 0.010
ttt_playerspawn	-155.189316 2055.637939 196.582901	-0.010 -0.396 0.010
ttt_playerspawn	-238.237000 2127.925049 193.457047	-0.011 0.660 0.011
ttt_playerspawn	-236.257751 1998.883545 197.743088	-0.014 -0.264 0.014
ttt_playerspawn	963.012573 2311.294678 -252.771103	-0.007 -0.000 0.007
ttt_playerspawn	921.177307 2241.650635 -253.938217	-0.012 0.000 0.012
ttt_playerspawn	954.990479 2176.338867 -252.988464	-0.012 -0.000 0.012
ttt_playerspawn	1033.669067 2237.234375 -253.439667	-0.014 0.786 0.014
ttt_playerspawn	1018.109131 2160.720703 -252.523804	-0.012 0.127 0.012
ttt_playerspawn	917.798767 2110.483398 -253.826279	0.127 -0.260 0.153
weapon_zm_mac10	-732.000000 -213.000000 -474.528992	0.000 0.000 0.000
weapon_zm_mac10	405.279999 -378.040009 -474.528992	0.000 0.000 0.000
weapon_zm_molotov	262.406586 -1632.297607 -475.482544	0.279 -0.170 -0.055
weapon_zm_molotov	246.653641 -1635.594116 -475.466644	0.252 -0.184 -0.049
weapon_zm_molotov	431.369324 -2983.287354 -347.432709	0.194 -0.214 -0.036
weapon_zm_molotov	422.864319 -2988.851318 -347.460327	0.241 -0.195 -0.046
weapon_zm_molotov	413.363342 -2994.656250 -347.387177	0.117 -0.232 -0.018
weapon_zm_molotov	1183.777100 -298.651672 -155.477844	0.271 -0.174 -0.053
weapon_zm_molotov	1155.359741 -287.145996 -155.450439	0.224 -0.203 -0.043
weapon_zm_molotov	1242.724609 1699.348022 68.517441	0.279 -0.170 -0.055
weapon_zm_molotov	1246.103516 1687.396606 68.512581	0.287 -0.160 -0.057
weapon_zm_molotov	1239.187378 1679.941162 68.582497	0.168 -0.222 -0.030
weapon_zm_molotov	752.343872 2766.256104 -251.502914	0.313 -0.132 -0.063
weapon_zm_molotov	320.397156 349.001953 -283.404541	2.481 -0.127 -2.550
weapon_zm_molotov	334.777618 347.490967 -283.468292	1.008 0.012 -0.770
weapon_zm_molotov	-787.054626 193.918182 -187.404099	2.465 -0.123 -2.525
item_ammo_357_ttt	-1409.000000 -1134.000000 -79.733002	0.000 104.500 0.000
item_ammo_357_ttt	-1425.000000 -1134.000000 -79.733002	0.000 84.000 0.000
item_ammo_357_ttt	-1449.000000 -1118.000000 -79.733002	0.000 66.500 0.000
item_ammo_357_ttt	-598.000000 2642.000000 195.884003	0.000 0.000 0.000
item_ammo_357_ttt	236.000000 -704.572998 -376.000000	0.000 0.000 0.000
item_ammo_357_ttt	237.701996 -686.518982 -376.000000	0.000 0.000 0.000
item_ammo_357_ttt	-68.089401 1286.750000 472.000000	0.000 0.000 0.000
item_ammo_357_ttt	-49.277100 1287.290039 472.000000	0.000 0.000 0.000
item_ammo_357_ttt	-721.679016 -81.559998 438.276001	0.000 0.000 0.000
item_ammo_357_ttt	-941.908997 -81.000000 438.276001	0.000 0.000 0.000
item_ammo_357_ttt	-717.841980 -301.727997 438.276001	0.000 0.000 0.000
item_ammo_357_ttt	-946.000000 -298.806000 438.276001	0.000 0.000 0.000
item_ammo_357_ttt	46.325699 -2676.399902 -351.723999	0.000 0.000 0.000
item_ammo_357_ttt	27.513399 -2676.939941 -351.723999	0.000 0.000 0.000
item_ammo_357_ttt	501.117004 -2669.040039 -351.723999	0.000 0.000 0.000
item_ammo_357_ttt	482.304993 -2669.580078 -351.723999	0.000 0.000 0.000
item_ammo_357_ttt	-229.296997 1571.010010 224.276001	0.000 0.000 0.000
item_ammo_357_ttt	-248.108994 1570.469971 224.276001	0.000 0.000 0.000
item_box_buckshot_ttt	-1353.000000 -1126.000000 -79.712997	0.000 112.500 0.000
item_box_buckshot_ttt	-1380.339966 -1126.000000 -79.712997	0.000 0.000 0.000
item_box_buckshot_ttt	-1401.000000 -1118.000000 -79.712997	0.000 81.000 0.000
item_box_buckshot_ttt	-339.003998 195.951004 -478.705994	0.000 0.000 0.000
item_box_buckshot_ttt	-321.722992 190.944000 -478.705994	0.000 0.000 0.000
item_box_buckshot_ttt	254.222000 -48.320000 -350.705994	0.000 0.000 0.000
item_box_buckshot_ttt	230.160995 -72.825996 -350.705994	0.000 0.000 0.000
item_box_buckshot_ttt	271.187988 -75.139999 -350.705994	0.000 0.000 0.000
item_box_buckshot_ttt	376.960999 -485.863007 -383.705994	0.000 0.000 0.000
item_box_buckshot_ttt	377.566010 -446.604004 -384.705994	0.000 0.000 0.000
item_box_buckshot_ttt	344.723999 -431.292999 -384.705994	0.000 0.000 0.000
item_box_buckshot_ttt	342.140991 -459.804993 -383.705994	0.000 0.000 0.000
item_box_buckshot_ttt	310.338013 -458.566986 -383.705994	0.000 0.000 0.000
item_box_buckshot_ttt	309.003998 -431.007996 -384.705994	0.000 0.000 0.000
item_box_buckshot_ttt	271.782013 -438.316010 -384.705994	0.000 0.000 0.000
item_box_buckshot_ttt	272.734009 -482.035004 -383.705994	0.000 0.000 0.000
item_ammo_smg1_ttt	-750.000000 -213.000000 -479.654999	0.000 270.000 0.000
item_ammo_smg1_ttt	-693.000000 -212.000000 -478.654999	0.000 270.000 0.000
item_ammo_smg1_ttt	441.612000 -381.746002 -478.654999	0.000 0.000 0.000
item_ammo_smg1_ttt	465.692993 -383.394012 -478.654999	0.000 0.000 0.000
item_ammo_smg1_ttt	1087.304932 -481.084229 -383.575592	0.530 -0.004 0.344
item_ammo_smg1_ttt	1054.400024 -479.893280 -383.520020	0.210 0.000 0.021
item_ammo_smg1_ttt	481.552765 -101.015854 -479.613556	0.088 -0.005 0.046
item_ammo_smg1_ttt	478.595337 -53.200638 -479.459656	-0.117 0.017 -0.102
item_ammo_smg1_ttt	519.279785 -46.020954 -479.522705	0.550 -0.084 0.244
item_ammo_smg1_ttt	522.534607 -83.258453 -479.588745	0.267 -0.005 0.168
item_ammo_smg1_ttt	-1190.721680 588.848999 -383.579865	0.423 -0.004 0.272
item_ammo_smg1_ttt	-1197.750366 554.207642 -383.460388	-0.120 0.017 -0.105
item_ammo_smg1_ttt	-1850.183594 -1140.118896 -127.500519	-0.557 0.078 -0.445
item_ammo_smg1_ttt	-1840.889160 -1120.386963 -127.509148	-0.789 0.122 -0.431
item_ammo_smg1_ttt	1293.120361 1754.962769 64.521904	-0.210 0.015 -0.183
item_ammo_smg1_ttt	1291.461548 1729.356567 64.506851	-0.479 0.011 -0.378
item_ammo_smg1_ttt	-1104.678101 -756.619385 -127.498398	-0.813 0.012 -0.609
item_ammo_smg1_ttt	-1106.552856 -784.502563 -127.476166	-0.206 0.015 -0.180
item_ammo_smg1_ttt	-1141.825562 -765.680725 -127.610931	0.098 -0.005 0.053
item_ammo_smg1_ttt	-340.297241 616.632385 -255.476074	0.318 1.162 0.481
item_ammo_smg1_ttt	-314.493286 619.366882 -255.491608	0.179 1.323 0.495
item_ammo_smg1_ttt	-328.260345 594.204529 -255.571426	0.674 -0.003 0.440
weapon_zm_rifle	-1489.000000 -1122.000000 -77.042000	0.000 322.500 0.000
weapon_zm_rifle	-608.583984 2665.070068 197.565994	0.000 0.000 0.000
weapon_zm_rifle	246.496002 -673.000000 -374.317993	0.000 0.000 0.000
weapon_zm_rifle	-24.816299 1285.489990 473.682007	0.000 0.000 0.000
weapon_zm_rifle	-759.059021 -98.468002 439.958008	0.000 0.000 0.000
weapon_zm_rifle	-755.206970 -289.838989 439.958008	0.000 0.000 0.000
weapon_zm_rifle	70.786499 -2678.199951 -350.041992	0.000 0.000 0.000
weapon_zm_rifle	525.578003 -2670.840088 -350.041992	0.000 0.000 0.000
weapon_zm_rifle	-204.835999 1569.209961 225.957993	0.000 0.000 0.000
weapon_ttt_glock	-1089.000000 -1114.000000 -76.000000	0.000 24.500 91.500
weapon_ttt_glock	-1089.000000 -1130.000000 -76.000000	0.000 24.500 91.500
weapon_ttt_glock	-1085.000000 -1142.000000 -76.000000	10.000 0.000 1.500
ttt_random_ammo	-739.735596 -292.404663 -479.635437	-0.069 -0.000 0.018
ttt_random_ammo	-736.796692 -263.667908 -479.671478	-0.045 -0.000 -0.030
ttt_random_ammo	-701.552063 -266.322662 -479.619873	-0.144 -0.001 0.116
ttt_random_ammo	-700.815247 -296.695099 -479.623657	-0.118 -0.000 0.082
ttt_random_ammo	-715.888733 -322.810150 -479.535889	-0.846 -0.024 1.014
ttt_random_ammo	-747.428223 -342.015778 -479.668976	-0.045 -0.000 -0.029
ttt_random_ammo	-721.102661 -356.442017 -479.629486	-0.087 -0.000 0.043
ttt_random_ammo	-693.181274 -345.904358 -479.650238	-0.049 -0.000 -0.014
ttt_random_ammo	-682.203186 -320.219208 -479.614197	-0.208 -0.001 0.196
ttt_random_ammo	-664.709717 -281.175201 -479.591339	-0.896 -0.010 1.039
ttt_random_ammo	-649.736023 -303.218842 -479.650238	-0.049 -0.000 -0.014
ttt_random_ammo	125.359863 -57.373508 -479.617462	0.207 0.001 0.194
ttt_random_ammo	174.253052 -59.390144 -479.610748	0.393 0.002 0.424
ttt_random_ammo	175.341125 -102.326340 -479.653198	0.048 0.000 -0.017
ttt_random_ammo	136.540955 -125.689369 -479.636536	0.069 0.000 0.017
ttt_random_ammo	104.625107 -99.466675 -479.604553	1.358 0.022 1.600
ttt_random_ammo	144.992081 -86.659424 -479.667236	0.045 0.000 -0.027
ttt_random_ammo	186.163589 -1047.922607 -479.651001	0.049 0.000 -0.014
ttt_random_ammo	188.111832 -1095.357056 -479.636536	0.069 0.000 0.017
ttt_random_ammo	167.619919 -1124.381958 -479.657745	0.046 0.000 -0.021
ttt_random_ammo	142.445084 -1110.292603 -479.677307	0.045 0.000 -0.032
ttt_random_ammo	139.601181 -1078.177734 -479.578613	1.443 0.033 1.734
ttt_random_ammo	180.934479 -1070.283325 -479.611969	0.344 0.002 0.364
ttt_random_ammo	146.886658 -1051.865723 -479.606689	0.666 0.006 0.758
ttt_random_ammo	190.150848 -996.305542 -479.614594	0.265 0.001 0.266
ttt_random_ammo	-156.737350 -2170.577637 -415.510284	0.050 -0.273 -6.935
ttt_random_ammo	-176.856674 -2140.659424 -419.583191	0.056 -0.231 -6.992
ttt_random_ammo	-184.233902 -2113.217041 -423.364746	0.057 -0.283 -6.612
ttt_random_ammo	-169.271835 -2098.583496 -425.421295	0.062 -0.350 -6.061
ttt_random_ammo	-140.420273 -2106.726318 -424.325653	0.072 -0.283 -6.144
ttt_random_ammo	-131.376404 -2128.370361 -421.351410	0.056 -0.298 -6.578
ttt_random_ammo	-124.856979 -2158.622070 -417.212311	0.068 -0.263 -6.380
ttt_random_ammo	-130.416382 -2172.269531 -415.290253	0.052 -0.228 -7.188
ttt_random_ammo	-157.679321 -2146.715820 -418.820068	0.072 -0.283 -6.144
ttt_random_ammo	-165.708939 -2127.831543 -421.403778	0.060 -0.325 -6.250
ttt_random_ammo	28.361271 -2739.352051 -351.632721	0.080 0.000 0.032
ttt_random_ammo	50.231018 -2736.234375 -351.636536	0.069 0.000 0.017
ttt_random_ammo	72.474327 -2747.673584 -351.618988	0.183 0.001 0.165
ttt_random_ammo	69.498856 -2770.810791 -351.554352	-0.703 0.634 -0.800
ttt_random_ammo	36.146519 -2758.867188 -351.604675	1.177 0.017 1.381
ttt_random_ammo	28.219172 -2776.563721 -351.625519	0.117 0.000 0.081
ttt_random_ammo	560.185974 -2741.687744 -351.606110	0.787 0.008 0.906
ttt_random_ammo	559.718567 -2790.247803 -351.629028	0.095 0.000 0.052
ttt_random_ammo	524.275757 -2809.443359 -351.580841	1.433 0.033 1.715
ttt_random_ammo	492.252930 -2781.865479 -351.540344	0.687 0.022 0.824
ttt_random_ammo	505.978485 -2746.203125 -351.606750	0.673 0.006 0.767
ttt_random_ammo	560.231262 -2717.483398 -351.623810	0.129 0.000 0.096
ttt_random_ammo	550.336670 -2766.306885 -351.644592	0.055 0.000 -0.004
ttt_random_ammo	525.824585 -2751.009277 -351.667236	0.045 0.000 -0.027
ttt_random_ammo	530.309387 -2777.240234 -351.651001	0.049 0.000 -0.014
ttt_random_ammo	575.819092 -1181.257080 -383.646729	0.052 0.000 -0.008
ttt_random_ammo	603.219849 -1176.170532 -383.677338	0.045 0.000 -0.032
ttt_random_ammo	623.586365 -1180.279663 -383.606812	0.678 0.006 0.772
ttt_random_ammo	623.812195 -1213.637573 -383.662445	0.045 0.000 -0.025
ttt_random_ammo	600.845642 -1229.953125 -383.557037	1.019 0.027 1.224
ttt_random_ammo	565.737183 -1229.892578 -383.606140	0.789 0.008 0.908
ttt_random_ammo	549.980530 -1186.025513 -383.662445	0.045 0.000 -0.025
ttt_random_ammo	599.326782 -1197.933594 -383.604889	1.207 0.018 1.417
ttt_random_ammo	575.425781 -1201.720825 -383.577087	1.296 0.031 1.543
ttt_random_ammo	714.207153 -1077.099365 -383.625610	0.119 -0.000 -0.083
ttt_random_ammo	680.090576 -1075.932251 -383.548828	0.915 0.025 1.105
ttt_random_ammo	693.048340 -1041.564453 -383.582031	1.569 0.041 1.891
ttt_random_ammo	741.723511 -1052.617065 -383.607788	0.616 0.005 0.696
ttt_random_ammo	721.643066 -1032.985229 -383.627258	0.106 0.000 0.066
ttt_random_ammo	237.296127 -1054.222534 -383.544769	-1.282 -0.031 1.552
ttt_random_ammo	242.758011 -1016.555359 -383.608459	-0.307 -0.002 0.317
ttt_random_ammo	283.263092 -1015.706360 -383.621735	-0.134 -0.000 0.101
ttt_random_ammo	293.512238 -1051.110596 -383.604401	-0.413 -0.003 0.447
ttt_random_ammo	829.033875 353.834045 -383.648865	0.051 0.000 -0.011
ttt_random_ammo	820.223450 371.283997 -383.627319	0.105 -0.000 -0.066
ttt_random_ammo	819.721375 398.070160 -383.640503	0.060 0.000 0.005
ttt_random_ammo	841.143799 400.966064 -383.617645	0.204 -0.001 -0.191
ttt_random_ammo	857.499390 379.742493 -383.685333	0.046 0.000 -0.035
ttt_random_ammo	851.480164 343.970245 -383.620575	0.162 0.001 0.139
ttt_random_ammo	827.840332 332.324280 -383.594452	1.661 0.032 1.985
ttt_random_ammo	1203.988770 394.733307 -383.662445	0.045 0.000 -0.024
ttt_random_ammo	1216.783813 418.007233 -383.644623	0.055 0.000 -0.004
ttt_random_ammo	1239.435059 410.377289 -383.638519	0.064 0.000 0.010
ttt_random_ammo	1244.260620 375.208008 -383.634613	0.074 0.000 0.024
ttt_random_ammo	1209.425659 362.329865 -383.625549	0.116 0.000 0.080
ttt_random_ammo	1166.971191 394.174927 -383.655487	0.047 0.000 -0.019
ttt_random_ammo	1175.550171 33.207851 -159.672226	0.045 0.000 -0.030
ttt_random_ammo	1163.292969 53.324490 -159.644608	0.055 0.000 -0.004
ttt_random_ammo	1154.554565 86.241867 -159.638519	0.064 0.000 0.011
ttt_random_ammo	1155.857178 115.451897 -159.648849	0.051 0.000 -0.011
ttt_random_ammo	1201.151245 114.839378 -159.608597	0.516 0.004 0.574
ttt_random_ammo	1185.497314 83.649399 -159.677338	0.045 0.000 -0.032
ttt_random_ammo	1189.034668 51.069004 -159.667252	0.045 0.000 -0.027
ttt_random_ammo	1213.727295 41.133789 -159.588364	1.538 0.040 1.836
ttt_random_ammo	1210.274414 65.152847 -159.632721	0.079 0.000 0.032
ttt_random_ammo	1219.268311 90.475945 -159.651031	0.049 0.000 -0.014
ttt_random_ammo	1195.387817 -334.369293 -159.582367	1.399 0.032 1.667
ttt_random_ammo	1140.653564 -352.092926 -159.646713	0.053 -0.000 0.008
ttt_random_ammo	1156.229858 -313.449127 -159.642548	0.057 -0.000 -0.000
ttt_random_ammo	1196.250488 -305.626556 -159.534698	0.533 -0.020 -0.635
ttt_random_ammo	1168.139893 -326.457123 -159.607620	0.588 0.005 0.663
ttt_random_ammo	1219.829712 -664.231323 -159.662430	0.045 0.000 -0.024
ttt_random_ammo	1246.868652 -660.277954 -159.572678	1.298 -0.032 -1.558
ttt_random_ammo	1245.255493 -687.381897 -159.653244	0.048 0.000 -0.017
ttt_random_ammo	1221.100220 -694.338684 -159.625534	0.116 0.000 0.081
ttt_random_ammo	1277.153809 -701.768433 -159.620560	0.160 0.001 0.137
ttt_random_ammo	1285.825195 -674.217224 -159.657761	0.046 0.000 -0.021
ttt_random_ammo	1580.642334 -906.887817 -159.640518	0.061 0.000 0.005
ttt_random_ammo	1568.312378 -871.477905 -159.625534	0.116 0.000 0.081
ttt_random_ammo	1544.806763 -894.103699 -159.572723	1.244 0.030 1.484
ttt_random_ammo	1541.822388 -928.793640 -159.620575	0.162 0.001 0.139
ttt_random_ammo	1516.264160 -912.613892 -159.609589	0.442 0.003 0.485
ttt_random_ammo	296.423431 1008.253113 -383.627563	-0.094 -0.000 0.052
ttt_random_ammo	249.204834 984.723755 -383.598236	-0.605 -0.005 0.683
ttt_random_ammo	266.444397 953.829834 -383.635468	-0.069 -0.000 0.017
ttt_random_ammo	296.999451 945.909912 -383.585754	-1.223 -0.018 1.436
ttt_random_ammo	329.805573 970.097412 -383.661713	-0.045 -0.000 -0.024
ttt_random_ammo	341.505005 1001.193359 -383.625610	-0.106 -0.000 0.067
ttt_random_ammo	297.654083 980.345215 -383.564423	-1.620 -0.034 1.941
ttt_random_ammo	257.880035 1010.590637 -383.619934	-0.144 -0.001 0.116
ttt_random_ammo	277.404480 979.630127 -383.614227	-0.209 -0.001 0.197
ttt_random_ammo	206.940994 1013.050903 -383.582977	-1.386 -0.023 1.634
ttt_random_ammo	220.108643 971.134094 -383.623718	-0.117 -0.000 0.082
ttt_random_ammo	235.918930 1022.391052 -383.542572	-1.105 -0.028 1.331
ttt_random_ammo	194.384537 985.547241 -383.562408	-1.658 -0.034 1.995
ttt_random_ammo	-271.827332 176.735184 -479.634583	0.074 0.000 0.024
ttt_random_ammo	-279.003265 205.598465 -479.615967	0.231 0.001 0.225
ttt_random_ammo	-260.250458 215.995148 -479.556854	0.982 0.026 1.176
ttt_random_ammo	-232.495667 203.745636 -479.545807	0.800 0.023 0.961
ttt_random_ammo	-233.714554 176.489548 -479.625519	0.116 0.000 0.080
ttt_random_ammo	-277.533051 154.670013 -479.642517	0.057 0.000 0.000
ttt_random_ammo	-251.732590 186.562592 -479.592316	1.579 0.034 1.881
ttt_random_ammo	-497.398285 747.845276 -383.657776	0.046 0.000 -0.021
ttt_random_ammo	-494.934204 780.209839 -383.544800	0.761 0.023 0.912
ttt_random_ammo	-474.313049 790.832458 -383.632721	0.080 0.000 0.032
ttt_random_ammo	-455.306976 770.390076 -383.609589	0.443 0.003 0.486
ttt_random_ammo	-468.506622 744.579529 -383.569916	1.188 0.029 1.416
ttt_random_ammo	-435.656799 754.208679 -383.672241	0.045 0.000 -0.030
ttt_random_ammo	-438.717438 779.522888 -383.636536	0.068 0.000 0.016
ttt_random_ammo	-452.160004 803.960510 -383.685333	0.046 0.000 -0.035
ttt_random_ammo	-497.725464 810.128662 -383.672241	0.045 0.000 -0.030
ttt_random_ammo	-930.414368 821.130920 -383.605103	1.039 0.013 1.212
ttt_random_ammo	-961.536438 825.518127 -383.657745	0.046 -0.000 0.021
ttt_random_ammo	-971.087708 866.001709 -383.617462	0.204 0.001 0.191
ttt_random_ammo	-936.699219 882.252930 -383.611145	0.395 -0.002 -0.426
ttt_random_ammo	-908.105103 844.204224 -383.613495	0.297 -0.001 -0.306
ttt_random_ammo	-937.803894 854.547119 -383.674744	0.045 -0.000 0.031
ttt_random_ammo	-949.660461 879.625244 -383.634613	0.073 0.000 0.024
ttt_random_ammo	-1204.617065 789.379395 -383.640503	0.060 0.000 0.005
ttt_random_ammo	-1232.851563 777.917786 -383.610779	0.392 0.002 0.423
ttt_random_ammo	-1268.127197 718.142151 -383.640503	0.060 0.000 0.005
ttt_random_ammo	-1292.978760 713.377991 -383.612000	0.346 0.002 0.367
ttt_random_ammo	-1594.305054 458.663513 -383.642548	0.057 0.000 -0.000
ttt_random_ammo	-1605.634521 491.256897 -383.636536	0.068 0.000 0.016
ttt_random_ammo	-1593.636353 511.707703 -383.611969	0.341 0.002 0.361
ttt_random_ammo	-1572.543213 480.109314 -383.627258	0.103 0.000 0.063
ttt_random_ammo	-1576.004517 454.439606 -383.644623	0.055 0.000 -0.004
ttt_random_ammo	-1581.476563 493.103943 -383.562714	1.113 0.028 1.334
ttt_random_ammo	-1736.403442 -199.194214 -127.625504	0.120 0.000 0.083
ttt_random_ammo	-1750.676636 -167.172791 -127.555908	-1.631 -0.036 1.974
ttt_random_ammo	-1737.475220 -139.104248 -127.643654	-0.057 -0.000 -0.003
ttt_random_ammo	-1706.813843 -147.808975 -127.615974	-0.194 -0.001 0.177
ttt_random_ammo	-1681.367310 -180.904648 -127.630836	0.090 0.000 0.044
ttt_random_ammo	-1699.192261 -209.420425 -127.667175	0.046 0.000 -0.028
ttt_random_ammo	-1705.430420 -179.218430 -127.630836	0.091 0.000 0.045
ttt_random_ammo	-1863.640015 -515.395142 -127.606621	-0.337 -0.002 0.356
ttt_random_ammo	-1876.946045 -463.451019 -127.631462	-0.081 -0.000 0.034
ttt_random_ammo	-1858.433105 -434.069611 -127.652473	-0.048 -0.000 -0.016
ttt_random_ammo	-1813.394043 -449.482513 -127.627548	-0.095 -0.000 0.053
ttt_random_ammo	-1798.126831 -500.893341 -127.629501	-0.087 -0.000 0.042
ttt_random_ammo	-1825.670776 -526.358582 -127.652473	-0.048 -0.000 -0.016
ttt_random_ammo	-1847.745972 -485.921539 -127.531448	-0.781 -0.023 0.941
ttt_random_ammo	-1811.156982 -483.030792 -127.588570	-1.058 -0.014 1.235
ttt_random_ammo	-1825.586182 -1148.352661 -127.612251	0.341 -0.002 -0.361
ttt_random_ammo	-1824.124512 -1117.665527 -127.660049	0.045 -0.000 0.023
ttt_random_ammo	-1818.334839 -1095.687500 -127.611107	0.392 -0.002 -0.423
ttt_random_ammo	-1796.353638 -1106.913818 -127.630867	0.087 0.000 0.042
ttt_random_ammo	-1800.386841 -1142.043701 -127.644600	0.055 -0.000 0.004
ttt_random_ammo	609.696045 2252.320801 192.448151	-1.363 -0.032 1.641
ttt_random_ammo	625.411499 2213.027344 192.381989	-0.162 -0.001 0.139
ttt_random_ammo	612.583496 2162.091553 192.451370	-1.286 -0.031 1.549
ttt_random_ammo	563.050293 2156.737305 192.338287	-0.045 -0.000 -0.024
ttt_random_ammo	542.773071 2202.891357 192.465561	-0.868 -0.024 1.045
ttt_random_ammo	554.240051 2259.879639 192.433167	-1.638 -0.033 1.959
ttt_random_ammo	575.203125 2216.553955 192.454544	-1.192 -0.029 1.436
ttt_random_ammo	582.753723 2188.256836 192.315414	-0.046 -0.000 -0.035
ttt_random_ammo	545.696655 2231.518555 192.347534	-0.048 -0.000 -0.016
ttt_random_ammo	1277.568481 1308.889282 64.363457	0.069 0.000 0.017
ttt_random_ammo	1291.713257 1332.868652 64.353294	0.052 0.000 -0.008
ttt_random_ammo	1297.082764 1377.989380 64.388000	0.346 0.002 0.367
ttt_random_ammo	1281.194824 1403.657715 64.379440	0.161 0.001 0.138
ttt_random_ammo	1243.620972 1403.960327 64.404793	1.754 0.033 2.106
ttt_random_ammo	1233.752808 1382.519897 64.395020	1.025 0.013 1.195
ttt_random_ammo	1282.093018 1355.653320 64.370949	0.095 0.000 0.053
ttt_random_ammo	1270.995728 1374.327148 64.337570	0.045 0.000 -0.025
ttt_random_ammo	1251.660522 1339.815674 64.440598	1.067 0.028 1.282
ttt_random_ammo	1237.642578 1301.042847 64.325241	0.045 0.000 -0.031
ttt_random_ammo	1213.686768 1320.900024 64.385384	0.267 0.001 0.269
ttt_random_ammo	1217.757690 1354.147827 64.346786	0.048 -0.000 0.017
ttt_random_ammo	1238.099121 1362.435181 64.327789	0.045 0.000 -0.030
ttt_random_ammo	1266.140747 1706.679565 64.369614	0.224 -0.287 -0.522
ttt_random_ammo	1282.065308 1702.485962 64.355392	0.055 0.000 -0.004
ttt_random_ammo	1292.118164 1690.461182 64.391769	0.596 -0.005 -0.672
ttt_random_ammo	1280.580688 1672.602905 64.451080	-1.246 0.031 -1.500
ttt_random_ammo	1263.305542 1682.313110 64.373978	0.025 0.121 -0.088
ttt_random_ammo	639.337646 2679.584717 256.322693	0.046 0.000 -0.033
ttt_random_ammo	664.959534 2679.973389 256.413910	1.578 0.036 1.894
ttt_random_ammo	640.804749 2658.284668 256.386719	0.307 0.002 0.317
ttt_random_ammo	592.319153 2664.292969 256.388000	0.353 0.002 0.373
ttt_random_ammo	560.394714 2657.104492 256.418152	1.599 0.036 1.932
ttt_random_ammo	557.240112 2694.591553 256.330322	0.046 0.000 -0.029
ttt_random_ammo	636.068298 2615.086914 256.345306	-0.048 -0.000 -0.019
ttt_random_ammo	665.979126 2597.384521 256.378265	-0.133 -0.000 0.101
ttt_random_ammo	629.297729 2584.349854 256.323425	-0.046 -0.000 -0.033
ttt_random_ammo	602.651245 3173.672119 -79.646713	0.052 0.000 -0.008
ttt_random_ammo	570.352356 3127.290283 -79.606056	1.037 -0.013 -1.209
ttt_random_ammo	539.720276 3150.757813 -79.591125	1.584 0.034 1.891
ttt_random_ammo	555.474854 3197.525879 -79.625603	0.116 -0.000 -0.080
ttt_random_ammo	563.917297 3843.588623 -79.653236	0.048 0.000 -0.017
ttt_random_ammo	575.921936 3806.920166 -79.677338	0.045 0.000 -0.032
ttt_random_ammo	601.321106 3823.046875 -79.608154	0.587 -0.005 -0.661
ttt_random_ammo	784.978027 4474.076660 0.385758	-0.206 -0.001 0.193
ttt_random_ammo	850.512451 4443.679688 0.323374	-0.045 -0.000 -0.032
ttt_random_ammo	836.295288 4402.266113 0.376294	-0.116 -0.000 0.080
ttt_random_ammo	793.285522 4402.910645 0.387658	-0.234 -0.001 0.228
ttt_random_ammo	769.807068 4435.844238 0.401774	-0.605 -0.005 0.683
ttt_random_ammo	821.359741 4469.061523 0.360452	-0.061 -0.000 0.006
ttt_random_ammo	802.715820 4436.574219 0.393388	-0.339 -0.002 0.357
ttt_random_ammo	1236.744385 4202.136719 0.335206	0.045 -0.000 0.026
ttt_random_ammo	1262.474487 4172.465332 0.357463	0.057 -0.000 -0.000
ttt_random_ammo	1224.706543 4177.605469 0.322662	0.045 0.000 -0.032
ttt_random_ammo	1217.683472 4215.612305 0.382362	0.206 -0.001 -0.194
ttt_random_ammo	1256.756226 4236.150879 0.389210	0.396 0.002 0.428
ttt_random_ammo	1268.050537 4203.459473 0.322662	0.045 0.000 -0.032
ttt_random_ammo	1451.374146 3146.949707 -175.640503	0.060 -0.000 -0.005
ttt_random_ammo	1409.408203 3150.927734 -175.629044	0.095 0.000 0.053
ttt_random_ammo	1407.451538 3183.141846 -175.619003	0.183 0.001 0.165
ttt_random_ammo	1436.660767 3202.484619 -175.606796	0.780 -0.008 -0.897
ttt_random_ammo	1466.425903 3176.081299 -175.609085	0.519 -0.004 -0.579
ttt_random_ammo	1442.069458 3169.812256 -175.642532	0.057 0.000 -0.000
ttt_random_ammo	1453.142090 2948.941406 -255.674759	0.045 0.000 -0.031
ttt_random_ammo	1453.260376 2913.115967 -255.646713	0.052 0.000 -0.008
ttt_random_ammo	1404.593994 2899.637451 -255.617477	0.206 0.001 0.193
ttt_random_ammo	1403.239990 2927.774902 -255.605515	0.903 0.010 1.047
ttt_random_ammo	1421.515381 2948.207764 -255.674759	0.045 0.000 -0.031
ttt_random_ammo	1429.244751 2971.805420 -255.657761	0.046 0.000 -0.021
ttt_random_ammo	1403.250244 2971.083496 -255.620544	0.160 0.001 0.137
ttt_random_ammo	1210.248413 1963.682739 -255.627304	0.103 -0.000 -0.064
ttt_random_ammo	1203.547852 1939.674438 -255.580093	1.363 -0.031 -1.628
ttt_random_ammo	1185.075073 1926.739136 -255.629089	0.095 -0.000 -0.053
ttt_random_ammo	1160.829834 1948.171631 -255.598679	1.681 -0.028 -2.005
ttt_random_ammo	1167.354248 1970.558228 -255.608231	0.596 -0.005 -0.672
ttt_random_ammo	1209.582764 1987.977173 -255.682587	0.046 -0.000 0.034
ttt_random_ammo	1191.488892 1959.543579 -255.605988	1.370 -0.022 -1.615
ttt_random_ammo	1164.457520 1929.915161 -255.667221	0.045 -0.000 0.027
ttt_random_ammo	1148.089355 1954.127441 -255.634613	0.074 0.000 0.024
ttt_random_ammo	1142.705566 1983.762451 -255.620560	0.161 0.001 0.137
ttt_random_ammo	1327.757813 1057.745483 -383.622192	0.145 0.001 0.117
ttt_random_ammo	1357.409668 1047.070435 -383.604523	1.349 0.022 1.590
ttt_random_ammo	1360.760376 1011.322815 -383.625549	0.116 0.000 0.080
ttt_random_ammo	1331.096924 993.701660 -383.591736	1.582 0.034 1.886
ttt_random_ammo	1309.233643 1024.029175 -383.642548	0.057 0.000 0.000
ttt_random_ammo	1307.227417 1050.401611 -383.615997	0.230 0.001 0.223
ttt_random_ammo	1355.720947 1028.727295 -383.622162	0.142 0.001 0.113
ttt_random_ammo	1295.883667 1016.755615 -383.651031	0.049 0.000 -0.014
ttt_random_ammo	1289.285156 1042.753174 -383.616028	0.234 0.001 0.229
ttt_random_ammo	539.008850 713.361938 -383.629059	0.094 0.000 0.052
ttt_random_ammo	548.802673 733.615234 -383.682617	0.046 0.000 -0.034
ttt_random_ammo	520.400818 732.053223 -383.655487	0.047 0.000 -0.019
ttt_random_ammo	263.735626 92.284752 -287.532593	0.540 0.020 0.649
ttt_random_ammo	243.744507 91.630234 -287.634613	0.074 0.000 0.024
ttt_random_ammo	226.233047 75.073036 -287.655487	0.047 0.000 -0.019
ttt_random_ammo	634.456055 343.991852 -287.563507	1.242 0.031 1.502
ttt_random_ammo	655.473206 362.794373 -287.650970	0.051 0.000 -0.014
ttt_random_ammo	689.597534 361.781830 -287.632690	0.083 0.000 0.035
ttt_random_ammo	711.598572 342.355804 -287.625519	0.122 0.000 0.086
ttt_random_ammo	684.526672 317.303864 -287.629028	0.100 0.000 0.057
ttt_random_ammo	656.768250 323.224426 -287.669647	0.046 0.000 -0.029
ttt_random_ammo	610.682617 384.318146 -287.568298	1.390 0.033 1.686
ttt_random_ammo	608.006042 334.554230 -287.674683	0.046 0.000 -0.032
ttt_random_ammo	629.729370 313.708221 -287.634583	0.077 0.000 0.026
ttt_random_ammo	724.445129 391.146454 -287.612030	0.360 0.002 0.381
ttt_random_ammo	754.741455 347.355194 -287.638458	0.067 -0.000 -0.012
ttt_random_ammo	721.824097 307.777313 -287.638458	0.067 0.000 0.012
ttt_random_ammo	-1026.200195 -1146.292603 -255.605087	1.041 0.013 1.215
ttt_random_ammo	-977.849731 -1126.441650 -255.579666	1.411 0.032 1.689
ttt_random_ammo	-970.453430 -1093.840210 -255.561630	1.076 0.027 1.289
ttt_random_ammo	-1009.798340 -1056.501587 -255.545578	0.787 0.023 0.944
ttt_random_ammo	-1019.652039 -1127.322510 -255.636536	0.068 0.000 0.017
ttt_random_ammo	-1021.865845 -1101.507690 -255.620544	0.161 0.001 0.137
ttt_random_ammo	-1217.881714 -329.638580 -255.623825	0.127 0.000 0.095
ttt_random_ammo	-1268.433594 -348.098480 -255.648849	0.051 0.000 -0.011
ttt_random_ammo	-1277.964966 -318.194702 -255.653229	0.048 0.000 -0.017
ttt_random_ammo	-1276.554443 -288.853699 -255.571960	1.271 0.031 1.521
ttt_random_ammo	-1219.687256 -281.340820 -255.646713	0.053 0.000 -0.008
ttt_random_ammo	-1215.938477 -305.317535 -255.657761	0.046 0.000 -0.021
ttt_random_ammo	-1253.979858 -310.189209 -255.653229	0.048 0.000 -0.017
ttt_random_ammo	-1255.718018 -331.783417 -255.604660	1.176 0.017 1.379
ttt_random_ammo	-1242.392822 -353.223633 -255.664810	0.045 0.000 -0.026
ttt_random_ammo	-1202.939819 -352.223602 -255.623917	0.129 -0.000 -0.097
ttt_random_ammo	-780.306702 126.867409 -255.547211	0.809 0.023 0.969
ttt_random_ammo	-802.568237 77.427483 -255.653229	0.048 0.000 -0.017
ttt_random_ammo	-833.626099 88.004944 -255.585083	1.475 -0.034 -1.764
ttt_random_ammo	-841.868896 130.066589 -255.610733	0.389 0.002 0.419
ttt_random_ammo	-808.636169 120.230515 -255.662430	0.045 0.000 -0.024
ttt_random_ammo	-843.000671 107.360565 -255.648849	0.050 0.000 -0.011
ttt_random_ammo	-1501.361084 -951.692444 -127.667206	0.046 0.000 -0.028
ttt_random_ammo	-1501.065918 -920.432678 -127.535812	0.591 -0.021 -0.710
ttt_random_ammo	-1481.248535 -919.087463 -127.582939	1.624 0.036 1.962
ttt_random_ammo	-1475.780518 -949.555359 -127.672173	0.046 0.000 -0.030
ttt_random_ammo	-1473.753174 -932.502319 -127.664772	0.046 0.000 -0.026
ttt_random_ammo	-329.449158 -123.991173 -479.677277	0.046 0.000 -0.033
ttt_random_ammo	-330.964691 -164.466476 -479.630829	0.087 0.000 0.041
ttt_random_ammo	-357.065521 -149.903137 -479.622162	0.149 0.001 0.121
ttt_random_ammo	-361.203857 -129.867355 -479.558350	1.113 0.028 1.345
ttt_random_ammo	-350.020538 -175.762390 -479.644562	0.056 0.000 -0.004
ttt_random_ammo	-707.363708 342.792877 -255.632690	0.083 0.000 0.034
ttt_random_ammo	-723.505920 363.501465 -255.638458	0.067 0.000 0.012
ttt_random_ammo	-734.220459 324.562561 -255.622162	0.149 0.001 0.121
ttt_random_ammo	-688.558838 359.643433 -255.629013	0.099 0.000 0.056
ttt_random_ammo	-729.414734 384.488098 -255.672150	0.046 0.000 -0.031
ttt_random_ammo	-696.366882 376.873138 -255.564301	1.192 0.029 1.435
ttt_random_ammo	-389.369629 282.384125 -255.674652	0.046 -0.000 0.032
ttt_random_ammo	-428.581146 283.874237 -255.585266	1.613 0.035 1.941
ttt_random_ammo	-408.431396 306.756653 -255.638474	0.067 -0.000 -0.012
ttt_random_ammo	-167.377472 1085.569824 -159.682632	0.046 0.000 -0.034
ttt_random_ammo	-204.445648 1073.882202 -159.607697	0.597 0.005 0.674
ttt_random_ammo	-209.773544 1090.742310 -159.648849	0.050 0.000 -0.011
ttt_random_ammo	-184.679199 1107.851318 -159.657761	0.046 0.000 -0.021
ttt_random_ammo	171.651642 1503.846313 -159.650970	0.051 0.000 -0.014
ttt_random_ammo	168.214020 1476.822876 -159.525757	0.415 -0.019 -0.500
ttt_random_ammo	167.469421 1446.053223 -159.660004	0.047 -0.000 0.023
ttt_random_ammo	-244.139313 1446.718628 -159.662369	0.047 0.000 -0.025
ttt_random_ammo	-243.197113 1479.856445 -159.664764	0.046 0.000 -0.027
ttt_random_ammo	-235.939056 1509.809570 -159.667191	0.046 0.000 -0.028
ttt_random_ammo	168.668808 1298.748169 224.351196	0.052 0.000 -0.011
ttt_random_ammo	128.441040 1302.982422 224.374481	0.119 0.000 0.082
ttt_random_ammo	149.331711 1337.087891 224.435593	1.237 0.031 1.494
ttt_random_ammo	175.835983 1355.592407 224.330338	0.046 0.000 -0.029
ttt_random_ammo	-238.730438 1465.668701 464.344543	0.048 0.000 -0.019
ttt_random_ammo	-233.574417 1502.426270 464.416473	1.621 0.036 1.957
ttt_random_ammo	-209.748016 1506.918091 464.454529	0.787 0.023 0.945
ttt_random_ammo	-200.526886 1479.460693 464.393127	0.689 0.006 0.785
ttt_random_ammo	-218.055679 1446.465454 464.339966	0.046 -0.000 0.023
ttt_random_ammo	1107.458740 -152.416779 -383.662445	0.045 0.000 -0.025
ttt_random_ammo	1078.975098 -150.436035 -383.612274	0.344 -0.002 -0.364
ttt_random_ammo	1063.068726 -144.872971 -383.627258	0.103 0.000 0.064
ttt_random_ammo	1073.702881 -122.615906 -383.566559	1.203 0.030 1.445
ttt_random_ammo	1102.927002 -129.320633 -383.604889	1.206 0.018 1.415
ttt_random_ammo	1083.863403 -133.886063 -383.570099	1.209 0.030 1.445
weapon_zm_pistol	-1105.000000 -1142.000000 -76.000000	0.000 24.500 91.500
weapon_zm_pistol	-1109.000000 -1130.000000 -76.000000	0.000 24.500 91.500
weapon_zm_pistol	-1109.000000 -1114.000000 -76.000000	0.000 24.500 91.500
item_ammo_revolver_ttt	-314.472992 64.848999 -479.723999	0.000 269.500 0.000
item_ammo_revolver_ttt	-363.000000 79.000000 -479.723999	0.000 269.500 0.000
item_ammo_revolver_ttt	-362.234985 56.953999 -479.723999	0.000 269.500 0.000
item_ammo_revolver_ttt	542.372009 83.683998 -238.723999	0.000 0.000 0.000
item_ammo_revolver_ttt	538.098022 50.902000 -238.723999	0.000 0.000 0.000
item_ammo_revolver_ttt	548.059021 356.713989 -239.723999	0.000 0.000 0.000
item_ammo_revolver_ttt	543.784973 323.932007 -239.723999	0.000 0.000 0.000
item_ammo_revolver_ttt	419.204010 -597.072021 -383.723999	0.000 0.000 0.000
item_ammo_revolver_ttt	397.161011 -615.590027 -383.723999	0.000 0.000 0.000
item_ammo_revolver_ttt	396.274994 -596.044006 -383.723999	0.000 0.000 0.000
item_ammo_revolver_ttt	241.147003 -600.812012 -383.723999	0.000 0.000 0.000
item_ammo_revolver_ttt	243.787003 -624.000000 -383.723999	0.000 0.000 0.000
item_ammo_revolver_ttt	222.044998 -598.981018 -383.723999	0.000 0.000 0.000
item_ammo_revolver_ttt	172.352005 -714.965027 -414.548004	0.000 0.000 0.000
item_ammo_revolver_ttt	180.662994 -762.656982 -414.548004	0.000 0.000 0.000
item_ammo_revolver_ttt	158.625000 -763.614014 -414.548004	0.000 0.000 0.000
item_ammo_revolver_ttt	-1020.460022 -826.700989 -191.723999	0.000 0.000 0.000
item_ammo_revolver_ttt	-1012.150024 -874.393005 -191.723999	0.000 0.000 0.000
item_ammo_revolver_ttt	-1034.189941 -875.349976 -191.723999	0.000 0.000 0.000
item_ammo_revolver_ttt	134.350998 1298.729980 -159.723999	0.000 90.000 0.000
item_ammo_revolver_ttt	182.042999 1307.040039 -159.723999	0.000 90.000 0.000
item_ammo_revolver_ttt	183.000000 1285.000000 -159.723999	0.000 90.000 0.000
item_ammo_revolver_ttt	-199.701996 1284.959961 -159.723999	0.000 90.000 0.000
item_ammo_revolver_ttt	-200.658997 1307.000000 -159.723999	0.000 90.000 0.000
item_ammo_revolver_ttt	-248.350998 1298.689941 -159.723999	0.000 90.000 0.000
weapon_zm_revolver	-1133.000000 -1142.000000 -76.000000	0.000 24.500 91.500
weapon_zm_revolver	-1133.000000 -1126.000000 -76.000000	0.000 24.500 91.500
weapon_zm_revolver	-1133.000000 -1114.000000 -76.000000	0.000 24.500 91.500
weapon_zm_revolver	-335.148987 74.190002 -478.002014	0.000 269.500 0.000
weapon_zm_revolver	530.843018 112.064003 -237.001999	0.000 0.000 0.000
weapon_zm_revolver	536.531006 385.093994 -238.001999	0.000 0.000 0.000
weapon_zm_revolver	411.311005 -615.317017 -382.002014	0.000 0.000 0.000
weapon_zm_revolver	220.503006 -617.338989 -382.002014	0.000 0.000 0.000
weapon_zm_revolver	163.192001 -735.721985 -412.825012	0.000 0.000 0.000
weapon_zm_revolver	-1029.619995 -847.458008 -190.001007	0.000 0.000 0.000
weapon_zm_revolver	155.108002 1289.569946 -158.001007	0.000 90.000 0.000
weapon_zm_revolver	-227.593994 1289.530029 -158.001007	0.000 90.000 0.000
